0.117 2.2190963473498034e-07 5.270987755292969e-07 1.7254746727282512e-07
0.234 4.221172644956711e-06 1.2024751140367516e-05 3.398897616016954e-06
0.351 1.894665760061169e-05 3.202206665883527e-05 1.4541470450611966e-05
0.468 3.902766388257333e-05 0.00010415005255472444 3.2649039612753885e-05
0.585 8.979622376446578e-05 0.00018014760717192192 7.053723543078464e-05
0.702 0.0001780776566613644 0.00033545489637651 0.00013265820251898426
0.819 0.0002722307344588375 0.0005073567826981319 0.00019299409402710057
0.936 0.0003907656637989 0.0008957415938048522 0.0002766085571948209
1.053 0.00031189750559710227 0.0005916783056940926 0.00022633987642219647
1.17 0.00038384079963491046 0.0009269984125013696 0.00026853633300351343
1.287 0.00029562652073462654 0.001135270029862716 0.0002235722675515383
1.404 0.0002468166650885161 0.000484844593342867 0.0001849667016929678
1.521 0.00018031762047486977 0.0005033314171738756 0.00013815783640872375
1.638 0.00011053389869073168 0.00026716962268745974 8.592913714249113e-05
1.755 5.4182932758053946e-05 0.00016435096804799616 4.1941706411259705e-05
1.872 1.376301635835738e-05 2.5847881454830735e-05 1.1314451096440021e-05
1.989 2.462469123390344e-07 6.061424406541576e-07 1.9558274612110328e-07
2.106 6.4715466053717934e-06 1.6355330012773065e-05 5.115095708412341e-06
