0.117 2.257607875212476e-06 5.03993819424961e-06 1.7052227719173542e-06
0.234 5.797290591457207e-06 1.3331424223758835e-05 4.608393538669367e-06
0.351 1.8235902423793784e-05 3.990921739345427e-05 1.362199094842974e-05
0.468 2.600955502780983e-05 5.803667565513099e-05 1.959884848760701e-05
0.585 4.8348975896606376e-05 6.843269832526316e-05 3.736805353216939e-05
0.702 6.134152409957874e-05 0.00011064586926571499 4.769504947586716e-05
0.819 5.35871809993916e-05 0.00010522996301070343 4.1078344026672556e-05
0.936 0.0001092367584370876 0.00021821650405655127 8.189156686721222e-05
1.053 9.165538449604209e-05 0.00016412453680897203 7.240228916711445e-05
1.17 9.473192137355526e-05 0.00017989235213855797 6.892616638129459e-05
1.287 9.192550347933141e-05 0.00017013650792461465 6.625998419172436e-05
1.404 7.669336416988e-05 0.00017250798736833574 6.0524563649233283e-05
1.521 8.284250283566481e-05 0.00015921233592474954 6.512954995384378e-05
1.638 0.00010294119058037357 0.0001758621732438122 7.704082881995663e-05
1.755 8.003476989599396e-05 0.0002280583789500289 6.171114492591985e-05
1.872 9.224450454440674e-05 0.00023970374005829206 7.088337038236908e-05
1.989 6.824013874475863e-05 0.00013050086936783675 5.381222170617384e-05
2.106 4.034656125675881e-05 0.00013224996034924392 2.9762419283271714e-05
2.223 3.662349780697056e-05 6.528119193196284e-05 2.7447678870007362e-05
2.34 3.2060319625103804e-05 6.40433825014519e-05 2.2997104629168153e-05
2.457 2.1428068411864964e-05 4.60684555985506e-05 1.57870465133557e-05
2.574 1.190804670527747e-05 2.580057315602239e-05 8.906599497926818e-06
2.691 4.630384428934e-06 7.690686984077302e-06 3.5457522992522217e-06
2.808 1.8447548786396938e-06 3.868088903155996e-06 1.3953334657537132e-06
2.925 3.523388597441174e-07 6.741507450457189e-07 2.567356959765867e-07
3.042 1.4140287782084903e-07 3.91897804203205e-07 1.0450533413194897e-07
3.159 8.561120808340677e-07 1.6279419934210053e-06 6.219909606311312e-07
3.276 2.92517296813524e-06 5.415390667922955e-06 2.2234259922959317e-06
3.393 4.493381960255117e-06 1.041084092083387e-05 3.4053018083110225e-06
3.51 8.206152353681372e-06 1.974738733586666e-05 6.105258518766205e-06
3.627 9.916051935711124e-06 2.2967889508905795e-05 7.1657460912041784e-06
3.744 1.1755470826450916e-05 2.6667741418104297e-05 8.781514146815159e-06
3.861 8.598529442131275e-06 2.2475240293458848e-05 6.440060003388307e-06
3.978 1.1953727453264597e-05 2.885530174894359e-05 8.782888766647895e-06
4.095 9.05474193655176e-06 1.8034096567510374e-05 6.974906605997463e-06
4.212 8.29368487851599e-06 1.680443602119578e-05 6.141259598917354e-06
4.329 5.25898053083297e-06 1.2420548454211943e-05 4.059304184157334e-06
4.446 3.85612508429703e-06 7.4729764898496605e-06 2.9275323752962457e-06
4.563 2.670596402900096e-06 6.782495182195196e-06 2.0979772031137024e-06
4.68 1.9589631176288772e-06 5.751669846841263e-06 1.4724400540464952e-06
4.797 5.30792063206787e-07 1.335411239260374e-06 4.1156117514193206e-07
4.914 1.7458957510639708e-07 5.21074363827859e-07 1.288716037527367e-07
5.031 4.241952151010733e-08 9.167424640561076e-08 3.2284894895672564e-08
5.148 3.5602992023178905e-07 6.670108658957262e-07 2.5062153242521975e-07
5.265 9.788271438293873e-07 2.075809950967616e-06 6.81047926854363e-07
5.382 1.9822000767114294e-06 4.236169400068798e-06 1.3860374607495107e-06
5.499 2.3710630717762197e-06 4.89892556371029e-06 1.8470180715889503e-06
5.616 4.321425798137304e-06 8.86622533406244e-06 3.4223206844188602e-06
5.733 3.561972791643581e-06 7.792731496338999e-06 2.6830440774212452e-06
5.85 4.516090728567548e-06 1.0444466943057515e-05 3.688584902590643e-06
5.967 3.8086427719239254e-06 6.429555643444848e-06 2.803830479930023e-06
6.084 5.121237323418545e-06 1.0184992259979753e-05 4.0922757173024285e-06
6.201 3.0044976754600955e-06 5.883128526556258e-06 2.2500428843285084e-06
6.318 3.4737572574641677e-06 1.0043459813903938e-05 2.724790857538357e-06
6.435 2.606674153449802e-06 4.6152131830992066e-06 2.0249878779909973e-06
6.552 1.1504025304615767e-06 2.7764250774250746e-06 8.999739870185212e-07
6.669 9.780434899934194e-07 1.9163056626511627e-06 7.273134369549074e-07
6.786 2.9320364194153295e-07 5.959781405927054e-07 2.0809458978222376e-07
6.903 9.262148306837843e-08 2.5025218889374057e-07 6.950602987107725e-08
7.02 3.037166160386897e-08 1.0749377431635782e-07 2.5392837953951963e-08
7.137 2.1503928215381466e-07 5.113123643139257e-07 1.6015743428954824e-07
7.254 4.053173919817365e-07 8.029563668194602e-07 3.0893817625289695e-07
7.371 7.685064826214221e-07 1.640664579968398e-06 5.501298258095172e-07
7.488 1.2920985898329927e-06 2.6514441566584273e-06 9.510262303559331e-07
7.605 1.9004493740124724e-06 5.839665280134465e-06 1.4353874292830618e-06
7.722 2.0566357069822805e-06 6.5523554386017945e-06 1.5980291550479848e-06
7.839 3.0268081028656816e-06 6.545048329547087e-06 2.273303847527502e-06
7.956 2.2973691559864404e-06 4.594565116157289e-06 1.8618479285378868e-06
8.073 2.1303381290931405e-06 5.678121034811317e-06 1.5414130149431868e-06
8.19 1.9673766886964975e-06 4.077937366416584e-06 1.5441736402298446e-06
8.307 1.505033200431247e-06 2.5404009817058892e-06 1.1618613119408442e-06
8.424 1.4480400689394335e-06 3.4524959452210747e-06 1.0620101791314283e-06
8.541 9.024362121200428e-07 1.8228392459774348e-06 6.703906746855256e-07
8.658 5.200712526142429e-07 1.2648106348474486e-06 3.9409168338835526e-07
8.775 2.592986050814761e-07 5.36125365162333e-07 1.8711794628866582e-07
8.892 8.307582197470012e-08 2.137372567969539e-07 6.088613825669052e-08
9.009 1.8536905410933897e-08 5.399632792119806e-08 1.4654359093832519e-08
9.126 9.798400279405517e-08 2.7297952471533057e-07 7.449092256248443e-08
9.243 2.6873249172527104e-07 6.546919521545792e-07 2.0173998777467305e-07
9.36 4.6132177015371585e-07 8.77867263197236e-07 3.506200860559028e-07
