0.0 0.9999994037379315 0.1 0.1
5e-05 0.9999994037379315 0.1 0.1
0.0001 0.9999994037379315 0.1 0.1
0.00015 0.9999994037379315 0.1 0.1
0.0002 0.9999994037379315 0.1 0.1
0.00025 0.9999994037379315 0.1 0.1
0.0003 0.9999994037379315 0.1 0.1
0.00035 0.9999994037379315 0.1 0.1
0.0004 0.9999994037379315 0.1 0.1
0.00045 0.9999994037379315 0.1 0.1
0.0005 0.9999994037379315 0.1 0.1
0.00055 0.9999994037379315 0.1 0.1
0.0006 0.9999994037379315 0.1 0.1
0.00065 0.9999994037379315 0.1 0.1
0.0007 0.9999994037379315 0.1 0.1
0.00075 0.9999994037379315 0.1 0.1
0.0008 0.9999994037379315 0.1 0.1
0.00085 0.9999994037379315 0.1 0.1
0.0009 0.9999994037379315 0.1 0.1
