0.09200863412495482 0.00041939178889386253 0.0009105961340680649 0.0005747797586929683
0.14200863412495482 0.0004145867786185431 0.0009124733898062939 0.0005734292075219043
0.1920086341249548 0.0004204424073778956 0.0008951385185529225 0.000575501912453108
0.24200863412495482 0.0003879123710130836 0.0008459920576863018 0.0005405780125560377
0.29200863412495487 0.00040236186768016524 0.0008790593922001886 0.0005508665198876693
0.3420086341249548 0.0004143207566061894 0.0009028626217993414 0.0005732516217050595
0.39200863412495485 0.00041065410606340246 0.0009639489566625133 0.0006028234317535278
0.4420086341249549 0.0003963530183836308 0.0008774603226263351 0.0005532746573567264
0.4920086341249548 0.0004150198315677248 0.0008759894836987601 0.0005659280048712723
0.5420086341249548 0.00040699553989661147 0.0009279278707140561 0.0005796645966331255
0.5920086341249549 0.000373081374225835 0.000853199989085194 0.0005336962122654334
0.6420086341249549 0.0003487803928732191 0.000664840368688655 0.000436969823110107
0.6920086341249548 0.00033867560105705697 0.0006906381664840163 0.0004455273953356774
0.742008634124955 0.00032727074330717666 0.000749578872174496 0.0004732827219886729
0.7920086341249549 0.00030849668585706137 0.0006285426325605825 0.00040371397301583955
0.8420086341249549 0.00031966128285792854 0.0007306601505588182 0.000455120601933342
0.892008634124955 0.0002905433256748251 0.0006421570629185049 0.00040408414307027923
0.942008634124955 0.0002787691584490003 0.0005761613358997828 0.0003722290819682677
0.9920086341249549 0.0002568580052536285 0.0005696428761014013 0.0003626449676564568
1.042008634124955 0.00023364456827837 0.0004890396108245893 0.0003151917064023647
1.0920086341249549 0.0002257909816302437 0.0005026262861370379 0.0003164956708348198
1.142008634124955 0.00022516277686521834 0.0004753694037290434 0.00030445376634482277
1.192008634124955 0.00021803085741909438 0.0004812783425827186 0.0003040411605753573
1.2420086341249548 0.0002003737139009501 0.00042837332454659073 0.00027198598024466564
1.292008634124955 0.0002063002490114289 0.0004361329178537863 0.00028050483770277097
1.342008634124955 0.00017971549677055237 0.0003676203140165311 0.0002369918823571302
1.3920086341249551 0.00016840449582172993 0.00036262713624393743 0.000229485969580433
1.442008634124955 0.0001514183256191201 0.0003370408872418944 0.00020954584024290672
1.492008634124955 0.00014666148827728926 0.0003414408278905116 0.000213782036785473
1.542008634124955 0.00013832998011866878 0.00030601764011763973 0.0001896293852261856
1.592008634124955 0.00011759282972914257 0.0002574121187714646 0.00016228427796038537
1.6420086341249551 0.0001099843221226588 0.0002442775361792553 0.00015265562311540047
1.6920086341249552 9.681202284868156e-05 0.0001758141498196886 0.00011722997699805306
1.742008634124955 8.533260234218545e-05 0.0001782654044237827 0.00011440561535599675
1.792008634124955 8.889838882618897e-05 0.0002144686787374574 0.00012897259874105563
1.842008634124955 7.67116156118646e-05 0.000180548509534262 0.00011035055107515704
1.892008634124955 7.262058167516233e-05 0.0001575266083533061 9.898050810765318e-05
1.9420086341249552 6.149020514750956e-05 0.00012670660678296776 7.934854242081135e-05
1.9920086341249552 5.9927887624427414e-05 0.0001193109533868945 7.724780962428505e-05
2.0420086341249553 4.9214417501156565e-05 9.470840999632192e-05 6.201311608392744e-05
2.092008634124955 4.635258193625358e-05 0.000109223329527459 6.621278649200833e-05
2.142008634124955 4.3064876941689925e-05 9.123315026248357e-05 5.712165656870895e-05
2.192008634124955 3.2649842589266586e-05 7.024252740990215e-05 4.44446100920714e-05
2.242008634124955 3.0537342047508985e-05 6.0976114056923174e-05 3.8553768810082195e-05
2.292008634124955 2.943192467880108e-05 6.180301349388219e-05 3.8751730902587716e-05
2.342008634124955 2.5957530303936725e-05 5.6462016262728004e-05 3.4408343721123226e-05
2.3920086341249553 2.1491918280770615e-05 4.174136910199048e-05 2.6580607823969124e-05
2.442008634124955 1.9583730243620474e-05 3.735274138936389e-05 2.3541913218411418e-05
2.4920086341249554 1.66994672662648e-05 3.159497425524957e-05 1.9850028624564336e-05
2.5420086341249553 1.4501195817279218e-05 2.88782481295804e-05 1.7941374513679132e-05
2.592008634124955 1.2188377613893726e-05 2.1357809045859928e-05 1.3427871568530132e-05
2.6420086341249553 1.19377181140685e-05 2.1087036571521863e-05 1.33332241812973e-05
2.692008634124955 9.636438958232566e-06 1.5876451909231724e-05 1.0011225110542074e-05
2.742008634124955 8.615214638369711e-06 1.2664959565692896e-05 8.167476002353005e-06
2.7920086341249553 7.757336535931686e-06 1.0287565490423027e-05 6.800574934784884e-06
2.842008634124955 7.129644671264871e-06 9.206049913528808e-06 6.178966612010665e-06
2.892008634124955 6.428803525888743e-06 8.214569911263792e-06 5.321995361713943e-06
2.942008634124955 5.748838824751081e-06 6.7946214611368474e-06 4.493538650193512e-06
2.992008634124955 5.337649513686164e-06 5.928698665896123e-06 3.956866021625419e-06
3.0420086341249553 5.282789865843219e-06 5.496938525541937e-06 3.7684350638756805e-06
3.0920086341249555 4.940351733326486e-06 4.491110076946969e-06 3.199896243065817e-06
3.1420086341249553 4.605736548539917e-06 3.7297511501936456e-06 2.755438861093038e-06
3.192008634124955 4.617277138320892e-06 4.250249639476086e-06 2.904538553279327e-06
3.2420086341249554 4.549340903661713e-06 3.7521160391908144e-06 2.734474750579447e-06
3.2920086341249553 4.371112426460102e-06 3.539061186537791e-06 2.532970129214742e-06
3.342008634124955 4.2969982545043195e-06 3.518391962106803e-06 2.5461849938088245e-06
3.3920086341249553 4.232181959235331e-06 3.4118271860199377e-06 2.440372753793854e-06
3.442008634124955 4.191044846009798e-06 3.0114531111823862e-06 2.342381028276895e-06
3.492008634124955 4.2474640160947325e-06 3.4569602564723407e-06 2.5195890983898923e-06
3.5420086341249553 4.2561043968596e-06 3.4620830454883014e-06 2.4997164191657465e-06
3.592008634124955 4.317433611388024e-06 3.5996163682847486e-06 2.482380537879628e-06
3.642008634124955 4.360344839864924e-06 3.762010554633797e-06 2.6411846410385924e-06
3.6920086341249556 4.180277598912635e-06 3.2587316057982604e-06 2.339520574980526e-06
3.7420086341249554 4.214658188904048e-06 3.3327930386487714e-06 2.339885366016659e-06
3.7920086341249557 4.2049285233762355e-06 3.240760106902914e-06 2.331255347959392e-06
3.8420086341249555 4.222720279291774e-06 3.5373975744305592e-06 2.4294768790309043e-06
3.8920086341249553 4.157040310767196e-06 3.4876274123979625e-06 2.3718065058566015e-06
3.9420086341249556 4.138555891646068e-06 2.7533697071529514e-06 2.105247044591565e-06
3.9920086341249554 4.126735494473447e-06 3.1839708373981973e-06 2.264792709595238e-06
4.042008634124955 4.022495272663652e-06 3.028300588292304e-06 2.1194081558367635e-06
4.092008634124955 4.0015068095029616e-06 2.899176663322307e-06 2.137791344342958e-06
4.142008634124955 3.901178915877785e-06 2.613745873755478e-06 1.955353260015133e-06
4.192008634124956 3.870152165036267e-06 2.9816582625836173e-06 2.0505850988909404e-06
4.242008634124955 3.8455766523994875e-06 2.6246636426149714e-06 1.9117588983117338e-06
4.292008634124955 3.755016307556517e-06 2.5373822352059473e-06 1.8453911442826411e-06
4.342008634124955 3.685169311087615e-06 2.063435502311379e-06 1.621469907661527e-06
4.392008634124955 3.5556266087742053e-06 1.8765488583056264e-06 1.5638839852377458e-06
4.442008634124955 3.594946684114817e-06 2.0158634485514574e-06 1.576862555949062e-06
4.492008634124955 3.483089558726147e-06 1.8189509734856302e-06 1.4648027670550892e-06
4.542008634124955 3.463745305169954e-06 1.8231476231085198e-06 1.4782586373529138e-06
4.592008634124955 3.4129268875411378e-06 1.5396018613511226e-06 1.3626497876772015e-06
4.642008634124956 3.359969934410961e-06 1.5574266694505186e-06 1.3229008182896364e-06
4.692008634124956 3.305892375592711e-06 1.4886253731944632e-06 1.2394893969676143e-06
4.742008634124955 3.2312201098579047e-06 1.1208812030757665e-06 1.0641766543203558e-06
4.792008634124956 3.2097349291057863e-06 1.0430590824677107e-06 1.116102185611597e-06
4.842008634124956 3.208778902789806e-06 1.169530097890162e-06 1.1030487036074916e-06
4.892008634124956 3.151447705697921e-06 1.0134792573020824e-06 1.0617169927390705e-06
4.942008634124956 3.1107222738213225e-06 8.966556537645151e-07 9.806707793355483e-07
4.992008634124955 3.1263220286559532e-06 9.747629699208237e-07 9.84519331588733e-07
5.042008634124955 3.078944695853684e-06 8.354353866383159e-07 9.7524184770279e-07
5.092008634124956 3.087286401000777e-06 8.52915320823796e-07 9.46013393302805e-07
5.142008634124956 3.0215903562932896e-06 7.215404195344157e-07 9.040910300308487e-07
5.192008634124956 3.018672184286885e-06 7.558388029379012e-07 9.144844425257022e-07
5.242008634124955 3.0164252208896942e-06 7.209431453559108e-07 8.619304466348266e-07
5.292008634124955 2.996802129205477e-06 6.555183115365147e-07 8.888714422386084e-07
5.342008634124955 2.9880244540668203e-06 6.627863180261229e-07 8.580903022022738e-07
5.392008634124956 2.9643749386249992e-06 7.040972456782891e-07 8.958718541565161e-07
5.442008634124956 2.97386842187491e-06 6.579972145988323e-07 8.26392692716411e-07
5.492008634124955 2.9664068019783e-06 6.723008287327511e-07 8.240038474799247e-07
5.542008634124955 2.9626154614730517e-06 5.800583839385522e-07 7.959985999357494e-07
5.592008634124955 2.952740044611485e-06 6.110906658680332e-07 8.141697266469819e-07
5.642008634124955 2.9262280080393836e-06 5.825608482968732e-07 7.735833198961742e-07
5.692008634124956 2.9482285917673365e-06 6.416387837532778e-07 7.819964586585111e-07
5.742008634124955 2.921963375551293e-06 5.323329502439372e-07 7.638301077363782e-07
5.792008634124955 2.920753293501471e-06 5.5759715401827e-07 7.426233258070221e-07
5.842008634124955 2.903437244823486e-06 5.123802880235982e-07 7.517979253494086e-07
5.892008634124955 2.910492070000366e-06 5.068984042964365e-07 7.613674691874189e-07
