0.092 0.5000207522946091 1.586739697284902e-05 4.3418541965607046e-05 0.4999791185081747 2.019076242373831e-05 1.5749449232523025 0.006958189036876505
0.142 0.5000211746533021 1.6470899864713746e-05 4.897273240978337e-05 63.47999999999998 2.9694723139730622e-05 1.572514414887587 0.002953544291452892
0.192 0.5000206741572177 1.5528903397457486e-05 4.730245077059001e-05 0.499978696149637 3.0225048539714504e-05 1.566589039071265 0.0015547363304735384
0.242 0.5000229552890998 1.7737226801253457e-05 5.311765729315605e-05 151.23 0.0001983098725531373 1.5731266887094113 0.0009853782402722278
0.292 0.5000219735310232 1.662633063138003e-05 5.2338487244055974e-05 0.4999791966484269 1.217274480146554e-05 1.5710802472513319 0.0006201605177135194
0.342 0.5000217619043502 1.659219988130751e-05 4.847441584924087e-05 276.47999999999996 2.8744409715496564e-05 1.5703552956256919 0.00045441114892530443
0.392 0.5000224297707908 1.7287925027009834e-05 5.078048280758772e-05 0.49997691551396445 3.192364366609137e-06 1.5710818968485876 0.00034142456332064697
0.442 0.5000212210576914 1.6276948469374605e-05 4.419929448418327e-05 439.23 -0.00012767094731194897 1.5694859465565474 0.00027035222133320325
0.492 0.5000215763583955 1.6618496921311353e-05 4.7927623609956965e-05 0.4999778972763156 -3.975603794150224e-05 1.569049362415824 0.00022752873993059364
0.542 0.5000204097098436 1.5529936254710414e-05 4.728578951308317e-05 639.4799999999999 6.017341721683403e-05 1.5708177743463516 0.0001826983224529899
0.592 0.5000216586490356 1.6468203119286096e-05 5.6250496124547835e-05 0.49997810890622474 9.719826802144147e-05 1.5692266091509846 0.0001509596493616261
0.642 0.5000217360218776 1.6786476034260033e-05 4.978987083850429e-05 877.2300000000001 0.0001256867383193573 1.5715580206399113 0.00011525522027167057
0.692 0.5000215418329718 1.595512136383371e-05 4.928788877301339e-05 0.49997744104225866 5.3858443391357686e-05 1.5711171239103832 0.00010861391712924107
0.742 0.5000221445651502 1.651041037145493e-05 4.6225268581218354e-05 1152.479999999999 6.627773529129933e-05 1.5706205752095417 0.00010026036239663139
0.792 0.5000206359561957 1.5434636169479663e-05 4.3412529025435204e-05 0.49997864976122613 -0.00014465619383688576 1.5713244478839852 8.26597847307653e-05
0.842 0.5000208897030017 1.572646268044333e-05 4.2707296187128334e-05 1465.2299999999998 3.903285879470952e-05 1.571594322335386 7.099369839846936e-05
0.892 0.5000226105331285 1.7171049142294667e-05 5.584264597841733e-05 0.49997829446619446 -9.532156317881113e-05 1.5710077677615837 6.76709098843542e-05
0.942 0.500017606942088 1.3049487150361188e-05 3.7080253408683154e-05 1815.4800000000007 0.00010463423147557725 1.571270533172506 5.04865318424752e-05
0.992 0.5000219269816639 1.6254662891716932e-05 4.900161377640482e-05 0.49997946112159525 4.865839498151324e-06 1.570500973478213 4.9464521978292986e-05
1.042 0.5000201374552694 1.4767267810902889e-05 4.157640767507715e-05 2203.229999999999 0.0002510784878470258 1.570158722675718 4.453876013599256e-05
1.092 0.5000209606569206 1.577342282704108e-05 4.409182624937795e-05 0.49997821218554356 0.00015070308972580835 1.5704122732140882 3.906529757646826e-05
1.142 0.500019284180306 1.4164554050424018e-05 4.009577407341504e-05 2628.48 3.719897178839118e-05 1.571557221113398 3.4630568380822346e-05
1.192 0.5000182538120218 1.341514859955419e-05 3.937746838979217e-05 0.49997813481649744 -1.2762893007224913e-05 1.5702276207899006 3.1676752202836056e-05
1.242 0.5000191920290133 1.402496766610921e-05 4.068339813813653e-05 3091.2299999999996 9.941654796352294e-05 1.5705573609496666 2.7527993899267855e-05
1.292 0.5000187900019988 1.3389559048954546e-05 4.3672624234161064e-05 0.49997832901543177 8.838959153434506e-05 1.57085813287031 2.6367850401998183e-05
1.342 0.500018752055327 1.3432668319263149e-05 3.748058675713803e-05 3591.4799999999987 0.00019289118411590825 1.5704282257187672 2.4795971316771137e-05
1.392 0.5000191797949671 1.3977254352051843e-05 4.5049530664588344e-05 0.49997772629450393 7.052292074689735e-05 1.5706346219645189 2.0416656716149006e-05
1.442 0.5000206039822155 1.5111434593486625e-05 4.290786890296124e-05 4129.2300000000005 -0.0001562576923811018 1.57027971416643 2.016054457332217e-05
1.492 0.5000175489948695 1.2624102992255012e-05 3.5656889854713114e-05 0.49997923491008633 -0.0002262582382851204 1.5704060032852403 1.9201291909243245e-05
1.542 0.5000171832763938 1.2272152419682412e-05 3.443362929005195e-05 4704.480000000001 1.0649101950356105e-05 1.5705450285250666 1.6864435430696822e-05
1.592 0.5000175932799756 1.2402264347646103e-05 3.326871148534958e-05 0.49997898117340717 7.98565841959825e-05 1.5711900208922713 1.5493976639469054e-05
1.642 0.5000193798313234 1.4036631029959015e-05 4.617632344074889e-05 5317.229999999998 -0.00011597548031102507 1.5706382488030681 1.4699300277865035e-05
1.692 0.5000184230637065 1.3246960198712999e-05 3.9202223943612815e-05 0.4999772603583868 -2.6293144438434016e-05 1.5708746662261917 1.4701808823791573e-05
1.742 0.5000165881499085 1.1519320413358019e-05 3.371934719298139e-05 5967.479999999999 0.00014082474673665459 1.570970632658783 1.245268981708847e-05
1.792 0.5000156866530938 1.1513987022800387e-05 3.012259933246985e-05 0.4999822639535562 4.460368221301709e-05 1.5709007741433414 1.0528147917243658e-05
1.842 0.5000178574922487 1.2414756319447817e-05 3.425663128684198e-05 6655.230000000001 -7.38650535296016e-05 1.570844167833752 1.1459774701405578e-05
1.892 0.5000156923286957 1.0890434664550249e-05 2.7015910618321757e-05 0.4999779439292515 -8.650339664268533e-05 1.5708821523709826 9.526737318021894e-06
1.942 0.5000176242123803 1.2276875221024414e-05 3.348182053183084e-05 7380.480000000002 -6.28623506594375e-05 1.5707126126494826 9.223871955454932e-06
1.992 0.5000161993480698 1.0996124037592136e-05 2.9658158089708994e-05 0.4999797334691206 0.00014067810486093172 1.5709208431468462 8.156719562779635e-06
2.042 0.5000175034206846 1.1946610801368509e-05 3.096810847578254e-05 8143.2300000000005 9.413379460273435e-05 1.5709544642544555 8.716878427850183e-06
2.092 0.5000151311434528 1.0399686248301318e-05 3.340097839995885e-05 0.49997891027885366 -3.783063170385219e-05 1.570993175207746 6.91109028150283e-06
2.142 0.5000142580408538 9.590894251340197e-06 2.62418399312167e-05 8943.48 1.7244854140630233e-05 1.570893058399871 6.743083375559955e-06
2.192 0.5000147224850732 1.007542413608299e-05 2.5806549552204666e-05 0.49998058677437895 1.0028550108620626e-05 1.5709752008135747 5.774954805137789e-06
2.242 0.5000144184206643 9.807064901706454e-06 2.6763934832613695e-05 9781.23 -5.66626195473856e-05 1.5711739493673798 5.511554353132553e-06
2.292 0.5000139962546549 9.363144221476589e-06 2.9771506204992752e-05 0.49998161715555 6.393798120137291e-05 1.570750924006042 4.983676268222048e-06
2.342 0.5000137453408015 9.297307854675342e-06 2.7327615960483734e-05 10656.479999999998 -4.6023549049002386e-05 1.570943146530145 5.033878052840279e-06
2.392 0.5000137254297661 9.398128456461006e-06 2.6323707790301573e-05 0.49998067895051507 1.233335248483891e-05 1.5707175478157474 4.13318731606882e-06
2.442 0.5000127342057763 8.626221056113439e-06 2.6136116802440314e-05 11569.230000000001 6.521369344664094e-05 1.570731651127149 3.932570306841576e-06
2.492 0.5000125612429535 8.515835279353556e-06 2.3350146886495627e-05 0.4999810810023928 -1.7236420915465838e-06 1.5707340910723093 4.14414606209057e-06
2.542 0.5000126501372866 8.596028205485015e-06 2.003082712631724e-05 12519.480000000001 -7.296567803274124e-05 1.5707504095767428 3.695597190156441e-06
2.592 0.5000136348943899 9.108936292986666e-06 2.391955923244488e-05 0.4999811189765361 0.00011644243697161035 1.5707971343508809 3.4047710465445746e-06
2.642 0.5000124739692101 8.279726913707353e-06 1.9758130504187097e-05 13507.230000000005 -5.9878087170830163e-05 1.5706490977482819 3.1939402496128366e-06
2.692 0.5000114760709208 7.6139247869299236e-06 2.0196056436472785e-05 0.4999806912453772 0.00010788998265378295 1.5707025106315757 2.6658829065384637e-06
2.742 0.5000116769688132 7.860638628280586e-06 1.8375120083682255e-05 14532.479999999996 6.287356731252971e-05 1.5706998302053028 2.7678160131605622e-06
2.792 0.5000120133158389 7.984492984552122e-06 2.1017842478570263e-05 0.4999792670922896 3.951335343798341e-05 1.5706924995928344 2.4939999042628003e-06
2.842 0.5000106644385195 6.944166869468625e-06 1.7149743693805535e-05 15595.229999999996 4.03847999946272e-05 1.5708623570575548 2.377552566490415e-06
2.892 0.5000106177328388 7.218260199964234e-06 1.8069067009066674e-05 0.4999823221097243 0.00011170338785259237 1.5706919455235318 1.9585473144401178e-06
2.942 0.5000107713388566 7.096628853141433e-06 1.762697048236099e-05 16695.48 -6.759362114962e-05 1.570721005544783 2.050494596228525e-06
2.992 0.5000100148755221 6.644116935331922e-06 1.7883448704669077e-05 0.49998268785014316 -7.635066143573623e-05 1.5707083193845384 1.7301544068537567e-06
3.042 0.5000100749654114 6.549741093810596e-06 1.5923244023700176e-05 17833.230000000007 -7.009570790469652e-05 1.5707615189381072 1.667713613318078e-06
3.092 0.5000097749847288 6.6782291684553825e-06 1.5642090469481367e-05 0.4999822778738983 -1.3764947172735195e-05 1.5708230942619383 1.5320996559209377e-06
3.142 0.5000101542263663 6.6915978738531416e-06 1.762870760669936e-05 19008.48000000001 -9.564488023355916e-05 1.5708160533340256 1.549831873171037e-06
3.192 0.5000098396970389 6.482096989868147e-06 1.4377277321676536e-05 0.49998049135511047 -1.6309423858184474e-05 1.5708218607674518 1.441747083719136e-06
3.242 0.500009301652346 6.059988828246536e-06 1.268059135289548e-05 20221.23 -4.56285736658948e-05 1.5707510471854405 1.324694263615811e-06
3.292 0.5000093938604141 6.1966961351680305e-06 1.5145982016773032e-05 0.49998144818593815 -8.885769712784753e-05 1.5706931291119666 1.296089817470758e-06
3.342 0.5000089479142052 5.951822005565598e-06 1.5404300810967336e-05 21471.479999999996 -4.899782648741283e-05 1.5708150147734972 1.2117362819807909e-06
3.392 0.5000082191427478 5.483981546948203e-06 1.1773288978836304e-05 0.4999832831168935 -7.557590004796596e-05 1.5708122443053236 1.0331716668865454e-06
3.442 0.5000081198776464 5.3678325124421545e-06 1.3306652702358113e-05 22759.230000000014 9.09477262381329e-06 1.5707456465360758 9.664056110914032e-07
3.492 0.5000082327274009 5.299876859606914e-06 1.2970120159674075e-05 0.49998418460270144 5.102995731485589e-05 1.5707946469606477 9.557606311938471e-07
3.542 0.5000081552326852 5.371762390420843e-06 1.3534114177547687e-05 24084.480000000014 -0.00010689637305725104 1.5706997591441794 9.10694776146137e-07
3.592 0.5000076679403263 4.901191481904157e-06 1.1180676263177059e-05 0.49998201384078056 -4.705776309722987e-06 1.5707565350044712 7.838977392760071e-07
3.642 0.5000072205395747 4.7490999092479845e-06 1.0126333040074579e-05 25447.230000000003 5.8817821386384476e-05 1.5708273087136015 7.320962415180432e-07
3.692 0.5000072916408942 4.57645136021379e-06 1.0720342353701395e-05 0.4999841790324344 4.021381982257355e-05 1.5707697079133913 7.596040976221019e-07
3.742 0.500007059692725 4.491158209347105e-06 1.0716309528012922e-05 26847.480000000007 -7.918279634875301e-07 1.5707728168604354 6.417429020411092e-07
3.792 0.5000069934871928 4.5541497637120755e-06 1.0217234445809274e-05 0.4999822472302238 -5.6069094981335956e-05 1.5707732033456692 6.341074988425177e-07
3.842 0.500006504809251 4.195025868169615e-06 9.828276901978509e-06 28285.23000000001 3.5778479581530374e-05 1.57073733004356 5.868126280450525e-07
3.892 0.5000061447092068 3.898764546890656e-06 7.907592202503016e-06 0.4999836721082417 -2.1826714858083248e-05 1.5708017845264817 5.281842945237258e-07
3.942 0.5000060220713817 3.876228151885671e-06 8.576008694381802e-06 29760.479999999996 -1.5056611960288914e-05 1.5708090208273047 4.974859786344155e-07
3.992 0.5000063736954468 4.129979772974441e-06 8.976515588697814e-06 0.4999823681198156 -7.009478251862183e-06 1.5708210362689323 5.230269322087366e-07
4.042 0.5000060748900033 3.8749456217858155e-06 8.914492870823437e-06 31273.230000000018 7.949033147059272e-06 1.5707918998073398 4.484641222823882e-07
4.092 0.5000060167166476 3.884912017500901e-06 8.451404171912353e-06 0.4999847403986618 3.7016044794173205e-06 1.5707509707954193 4.3424986129192433e-07
4.142 0.5000054226960999 3.4546888515183795e-06 6.81809631944798e-06 32823.480000000025 -3.64166411974311e-05 1.570779665880927 4.026971893722475e-07
4.192 0.5000054375979599 3.4594293515466934e-06 7.150566390770899e-06 0.49998561353902077 5.784819363687552e-05 1.570790108190654 3.8090345977348505e-07
4.242 0.5000052040052263 3.3688329795897777e-06 7.117840939452055e-06 34411.23 -3.855078257183299e-05 1.5707952021657199 3.58770367414607e-07
4.292 0.5000053817160425 3.5050334393194887e-06 7.304160508535528e-06 0.49998514914056513 -4.7848687806592165e-06 1.570803545754723 3.525267296966561e-07
4.342 0.5000054133452367 3.4656319878133545e-06 7.09850870206135e-06 36036.480000000025 2.4515730647350387e-05 1.5708034391128307 3.43386891143993e-07
4.392 0.5000049567356887 3.1610492705054607e-06 6.832987922367513e-06 0.4999854532592371 -1.609080606768935e-05 1.570799580609223 3.2574970687537785e-07
4.442 0.5000050942609637 3.3104076581665704e-06 7.287701211273828e-06 37699.22999999999 -2.7704222757565087e-05 1.5707938028431203 3.0993290112135696e-07
4.492 0.5000047916311532 3.1552757044204066e-06 6.576072661176476e-06 0.49998587549948487 2.7384509916951853e-06 1.5708058585311466 2.8603648616343236e-07
4.542 0.5000046513401789 2.982204726747871e-06 6.498243696346013e-06 39399.47999999999 1.203721850006737e-05 1.5707837606524475 2.743232337953927e-07
4.592 0.5000045073050308 2.862734645074637e-06 6.4890356811528956e-06 0.499986126493876 2.7728862002858923e-05 1.5708073144318764 2.6855791646074323e-07
4.642 0.5000041719262804 2.606253037031604e-06 5.712270473233744e-06 41137.230000000025 -3.309861376247438e-06 1.5708098242004376 2.562080249068899e-07
4.692 0.500004086164337 2.6715812651115713e-06 5.57895799906413e-06 0.49998614644393635 3.313250186262725e-05 1.570792594946799 2.48655473544801e-07
4.742 0.5000042322887197 2.628151216665017e-06 6.159415410823375e-06 42912.48000000002 1.0675832347729481e-05 1.5708036895756878 2.4063312420441463e-07
4.792 0.5000041185184527 2.61370118950573e-06 5.530837704881845e-06 0.49998713774230874 8.239513899294677e-06 1.5707942934510566 2.3410157146130928e-07
4.842 0.5000039173009863 2.505345958308483e-06 4.867229125683624e-06 44725.23 1.5614637673846808e-05 1.5708102825276553 2.3075512811665533e-07
4.892 0.5000038339545374 2.371736469873968e-06 5.754727990937477e-06 0.499987310760213 -9.649604576170352e-07 1.5708030688520427 2.1974218933351608e-07
4.942 0.5000036921423395 2.315168548827706e-06 5.625721132327267e-06 46575.48 1.084306045644255e-05 1.5708044511704429 2.2428048107592247e-07
4.992 0.500003656651067 2.320513339913152e-06 4.683222372569097e-06 0.49998722192720535 2.7736017551756442e-05 1.5708141946142111 2.071165934314223e-07
5.042 0.5000035922509091 2.206549902769451e-06 4.542043558410179e-06 48463.23000000002 -7.2151734858002e-06 1.5708050346425808 2.044657856359322e-07
5.092 0.5000033297551676 2.0443063739431612e-06 4.3922300945235385e-06 0.4999862373677075 -1.882360160111243e-05 1.570798128605523 1.9084131341884358e-07
5.142 0.5000033041968353 2.04783893371136e-06 4.280409017415775e-06 50388.47999999999 -1.7357770880109024e-05 1.5707992686750842 2.0209571038876106e-07
5.192 0.5000032839795197 2.1022636989164337e-06 4.548149758878048e-06 0.49998739829339184 1.0405983163692372e-05 1.5708065074242017 1.9792118566286376e-07
5.242 0.5000031977210431 1.904771671723151e-06 4.147435146099321e-06 52351.22999999999 -2.055214275299758e-05 1.5707665967769324 1.8837993676079634e-07
5.292 0.5000031998607051 2.0244081321249055e-06 4.108098675053578e-06 0.499988396174852 1.6062570291769757e-05 1.5707919274100237 1.8813398650063817e-07
5.342 0.5000030437229102 1.9213264377284274e-06 4.075318108564255e-06 54351.480000000025 1.5956636399892878e-05 1.570774844889687 1.8245667376959318e-07
5.392 0.5000030668694273 1.907394429204003e-06 3.974862980895812e-06 0.4999881953464697 2.113750607486553e-06 1.5708182511236963 1.7919902006724442e-07
5.442 0.5000030820786445 1.9076195313068394e-06 4.079997973364631e-06 56389.23 -3.338523561050473e-06 1.5707806952088368 1.7983108069330456e-07
5.492 0.5000029109622693 1.7858216406385426e-06 3.3600621233202434e-06 0.4999878591141417 6.8661603564226925e-06 1.5708225278551735 1.7899329829429433e-07
5.542 0.5000029367825483 1.771993480410963e-06 3.835991453489478e-06 58464.479999999996 2.1393942379751603e-05 1.570831666293057 1.734798946717575e-07
5.592 0.5000028844731604 1.7933259433507812e-06 3.502449459217733e-06 0.49998920804639335 2.0222368397116263e-05 1.5708042009802963 1.7457705259182887e-07
5.642 0.5000029616479097 1.8161088622445202e-06 4.071995621161184e-06 60577.22999999999 -1.8726290416969392e-06 1.5708040555979994 1.7308700084317508e-07
5.692 0.5000027147779753 1.6352457384106794e-06 3.308254986451906e-06 0.49998925488032175 7.888927452432153e-07 1.5707970580880397 1.693533312474571e-07
5.742 0.5000026549482941 1.6013231093982593e-06 3.4386469933350957e-06 62727.47999999999 5.832995223727577e-06 1.5708094358468454 1.6506353062162304e-07
5.792 0.5000024980276843 1.5083571865136994e-06 3.3587322355786458e-06 0.4999891014372325 -8.134279716242026e-07 1.5707927942562367 1.6319451301427534e-07
5.842 0.5000025226476233 1.5326017720166046e-06 3.4423055223543994e-06 64915.23 1.7232197129568268e-05 1.570819086703466 1.627308756635415e-07
5.892 0.5000026143405649 1.6121649169075994e-06 3.075327568234925e-06 0.49998985783822225 -2.1471993751604147e-05 1.5707851653295122 1.5821041388086599e-07
