0.092 0.002558540682069923 0.0019361035658783095 0.0063088530984336776
0.142 0.0026682316629374615 0.0020635302393049297 0.006514650143737469
0.192 0.002611781506415966 0.0020010283489336014 0.0067683628206994745
0.242 0.0025905009723973084 0.0019759727969884703 0.005717986814574398
0.292 0.002697645196413255 0.002043322999707138 0.006076092785343541
0.342 0.002572556585624096 0.0019258054041295669 0.005987709933930992
0.392 0.002819206177401745 0.0021159533959000188 0.005709937890803637
0.442 0.002769993488920296 0.002106152535483735 0.0057660119588171755
0.492 0.0032835333527690864 0.002531807098452979 0.00712913079389876
0.542 0.0030490547311132475 0.0023358762389061763 0.0063808729840300485
0.592 0.002700334022385388 0.0020487962220334735 0.005716825551159715
0.642 0.0030724935357566226 0.00233349486320927 0.006515387334422387
0.692 0.003027176957273121 0.0023054625592401454 0.006062703921357651
0.742 0.0030068969751615173 0.0022996793662626823 0.007130921010564607
0.792 0.003005509529601746 0.0023135455929106305 0.006506923877389177
0.842 0.00298542471589614 0.0022635051163101645 0.006937322133144469
0.892 0.0029216749556124004 0.0022143007415856186 0.006769594021838879
0.942 0.0030643705660612676 0.002310083379013825 0.006252072713774287
0.992 0.0027746168291531022 0.0020968832400338287 0.00560721589082871
1.042 0.0029697242972167113 0.0022643057390446526 0.006301530782974309
1.092 0.0029493202403969732 0.002241006501709786 0.006828253331800746
1.142 0.0027096991916467717 0.0020699991551012442 0.005910522693339625
1.192 0.003120014977193011 0.002355229242548978 0.006954253512348235
1.242 0.0029350186310427005 0.0022371922750758348 0.005929150388029594
1.292 0.00278692259031183 0.0021254232533560362 0.006480543628780555
1.342 0.0026997557335078333 0.002026589060396839 0.005634822948478734
1.392 0.0028838025072276956 0.002141805088214441 0.00627575821530381
1.442 0.002759134236443463 0.0021088219057953037 0.005990206944208717
1.492 0.0026643944462760743 0.0020297057860318548 0.0064116607793165475
1.542 0.0025200351431110468 0.0018842130323740614 0.005619857074260392
1.592 0.0024574885671966125 0.0018372908114879256 0.004873695666502894
1.642 0.002522476951801566 0.0019289578365361527 0.00604053684633556
1.692 0.0023419064380509422 0.0017756201580918071 0.00558038979458637
1.742 0.00227203614888226 0.0017588576080865006 0.005090861167803631
1.792 0.0024020790766067896 0.0017978311098356327 0.004561517717848523
1.842 0.002671584210004386 0.0020648610379491897 0.006740430954536833
1.892 0.0024731954915848827 0.0018465727382806498 0.005363155941559143
1.942 0.002509833336612003 0.0019288948400782687 0.005671498998690704
1.992 0.0023709007165109873 0.001802764019715461 0.0053258759031636375
2.042 0.002438328831423471 0.0018228231655712229 0.00566420454505596
2.092 0.002503993203728828 0.001914979017542809 0.0056893359399440985
2.142 0.0023525358893128076 0.0017690994093494108 0.005787750395885334
2.192 0.0025065773855221505 0.0018998610481137947 0.005960380549709461
2.242 0.0024066983412163205 0.0018421493888066643 0.005622633082813384
2.292 0.002541394865938529 0.0019301508849380114 0.005476279485773011
2.342 0.0022709147866081226 0.0017064603648621317 0.005150561146625195
2.392 0.002431875750976142 0.0018501151355745685 0.005694981324548248
2.442 0.0024223199678537082 0.0018395468736606038 0.005382108618787283
2.492 0.0025408787664419757 0.0018954025981882073 0.005872645231366721
2.542 0.0024489762809806457 0.0019088234838268443 0.0057224872266066415
2.592 0.002562613218049739 0.0019295008362470191 0.005384113007037532
2.642 0.002392583751807348 0.0018495765938295887 0.005560856784681312
2.692 0.0026064461875970196 0.0019841299651596747 0.005747845451543053
2.742 0.0025867759619728832 0.0018993995414334607 0.00575043348733306
2.792 0.0023736353572941355 0.0017967733501039885 0.0051698553750497995
2.842 0.0026407213305095012 0.0020143472382722245 0.005288819571039165
2.892 0.002678925607372121 0.00205973553731961 0.005676118860203094
2.942 0.0025207055171875803 0.0019419068804717003 0.005256231808034574
2.992 0.0023859806459707827 0.001774035669629201 0.005748670552729896
3.042 0.0024930823740092344 0.0019009253705490345 0.005178500202993747
3.092 0.0024641019628709 0.0018991678541109686 0.006161564636869634
3.142 0.0025076892259782322 0.001921755464982054 0.0055687933222306266
3.192 0.002422367320010025 0.001846016803259873 0.005669243584016785
3.242 0.0025767527612716636 0.0019625259215500512 0.0055343315839310805
3.292 0.0024042801576812612 0.0018260972609640063 0.004891938700325476
3.342 0.0023944855430896657 0.0018247306842091296 0.005278653468424743
3.392 0.0024730699878332766 0.001900241028067719 0.0055748740701319285
3.442 0.002490449088885571 0.0019122330532932925 0.005632993884931241
3.492 0.002576714245482471 0.001953159366059442 0.005533580648532837
3.542 0.0024618735222686834 0.0018812120781128076 0.005079662101712038
3.592 0.0025530160585386995 0.001937758345164529 0.0055583220450355275
3.642 0.0025128176023171676 0.001907071982124843 0.005274249447997539
3.692 0.0024432265082922006 0.0018870337246178772 0.005477107702961714
3.742 0.0025101009537051872 0.0018650234414111847 0.006060690220799641
3.792 0.002326157550674572 0.0018012494893152149 0.004912473445357068
3.842 0.002766585527924595 0.002101157876886561 0.005640202597015518
3.892 0.002261136256118622 0.001741242874623908 0.005319616730363886
3.942 0.002347416191704269 0.0018260727618578574 0.005408971473271302
3.992 0.002408939153909108 0.0018637007110027417 0.005986890728557471
4.042 0.0025186678186844393 0.001916593628907685 0.005104598958641083
4.092 0.0026966024661969194 0.002089597861796785 0.0062587389588250305
4.142 0.00234590006766424 0.001792190989475488 0.005903607209840115
4.192 0.002462935572290923 0.0018950822852099372 0.005375509380510204
4.242 0.0025866350933359903 0.0019526978823518322 0.005268810189892083
4.292 0.002663785429939395 0.002005455022642941 0.006010599424550048
4.342 0.0023818057726133703 0.001814319472994956 0.005150303741395768
4.392 0.002546411738328546 0.0019281853827553537 0.006305049270265525
4.442 0.002532671401008282 0.00193453473253378 0.005484593542844554
4.492 0.002407827747377485 0.0018257999380314645 0.005611454602086556
4.542 0.0024895551750753033 0.0019261244890496434 0.006712119436644514
4.592 0.002496334097258385 0.001901658139925037 0.005516230131004357
4.642 0.002245190391318327 0.00172306763937961 0.0047144910391578865
4.692 0.0024414741632574526 0.0018331581682885653 0.005572212970894576
4.742 0.0023804358563433406 0.0018206359686138759 0.00539527323994896
4.792 0.0026897214690143846 0.0020716977001009962 0.0049828692948809565
4.842 0.0023029369465453536 0.001711868056058045 0.004627070325316892
4.892 0.0026291706057347975 0.002010975318911021 0.005917882980492355
4.942 0.002483435168274631 0.0018756051245522654 0.00538154805430508
4.992 0.0025238451347377633 0.0019176446924513162 0.005945668440169257
5.042 0.002461359981871565 0.0018865192540813848 0.004459447258311825
5.092 0.0026655802917174842 0.0020068644956734156 0.006263607158136108
5.142 0.0025838789420187147 0.0019535184132555465 0.005224059187518766
5.192 0.0023621166249304802 0.0018171527446829738 0.00532833827268922
5.242 0.0026635588292605117 0.0020458050186860648 0.006315361562231469
5.292 0.002430378447847262 0.0018642892077553358 0.005480885382185297
5.342 0.002435886507885238 0.0018795902587260419 0.0053711047138614975
5.392 0.0024712315969085095 0.001911423067194477 0.005684110858061546
5.442 0.0024553905008743225 0.0018423250280758716 0.00533628844513682
5.492 0.0026753956992767868 0.002026150658505277 0.006373454927713955
5.542 0.002268677903641248 0.0017475012943261087 0.005422993965971167
5.592 0.002578027780337844 0.001950447763949537 0.00478586105155615
5.642 0.002608725357033381 0.0019701186387108987 0.00604606459423289
5.692 0.0024926103073987333 0.001891906902448452 0.005346504104634522
5.742 0.0024517300569873736 0.0019213554258955634 0.005746116948882085
5.792 0.0026320471266181086 0.001987614819120673 0.005489638984323663
5.842 0.0024379748109513177 0.0018722863688382435 0.005274855645839124
5.892 0.002700310520571676 0.002055752431358835 0.006201318533227098
