0.092 1.6763043562599873e-05 1.2625410655373896e-05 3.39262600730669e-05
0.142 3.894472579887511e-05 2.9076926722526904e-05 9.712392183716725e-05
0.192 7.411768840041565e-05 5.707174764953333e-05 0.00016461959369076727
0.242 0.0001172209271715463 8.80898282379104e-05 0.0002928122598347683
0.292 0.00016671532434996735 0.00012734621206146889 0.0003772246703367344
0.342 0.00019332200418696217 0.0001505229835378594 0.0004711345512318465
0.392 0.0002532837296792248 0.00019576128789677334 0.000568797166352144
0.442 0.0003115480847020384 0.00023863856178829416 0.0006663351182083361
0.492 0.00035161076450122684 0.0002655982992662934 0.000857794992362842
0.542 0.0004333978413779574 0.00032985567981471737 0.001080141807874198
0.592 0.0004680082976496551 0.0003493307394292252 0.0010439482618795793
0.642 0.0005116492547457074 0.0003849259100280179 0.0010309917948491505
0.692 0.0005066556214260755 0.00038748349994982426 0.0011317128180185713
0.742 0.0005309574750967693 0.0004128128761801138 0.0012259284849657763
0.792 0.00056377703242676 0.000430288168949777 0.0013180757673823583
0.842 0.0004859830796145201 0.00037210856336970897 0.0011417975714699408
0.892 0.0005223460094960114 0.0003909795599736883 0.0011401289050659792
0.942 0.000513132250808218 0.0003893152593696136 0.001205831122645046
0.992 0.0005158296186694732 0.0003951913875611233 0.0011144464915907627
1.042 0.0005339935589556441 0.0004093079487275283 0.0011798564081553975
1.092 0.0004519041980016966 0.00034645371007248777 0.0010839797438529028
1.142 0.00041854569819042674 0.0003154564126582074 0.0008426188307869279
1.192 0.0003853600804742625 0.00030019305053938385 0.0008230263668711768
1.242 0.0003641764920154726 0.0002777966519488063 0.0008329987538956536
1.292 0.0003125116899702297 0.00023715726093186104 0.0006790414887368998
1.342 0.00026122350390096104 0.00020049038838717867 0.0006063717034325844
1.392 0.00022161059651601368 0.00017157722685844204 0.0004551781599655744
1.442 0.0001859048530469088 0.00014246865017076627 0.00042118977910245446
1.492 0.0001525154463982225 0.00011586778653609298 0.00033950218993023586
1.542 0.00013459681192057554 0.00010253011710289691 0.0002722904884852743
1.592 0.00010946903970755522 8.362490693010492e-05 0.0002509744513386429
1.642 9.197849341144162e-05 7.024366605029863e-05 0.00019903539394692892
1.692 6.469968839259522e-05 4.87500375977493e-05 0.0001327637616918721
1.742 5.454625211768061e-05 4.17028841630614e-05 0.00013241234024119705
1.792 4.2803735626466714e-05 3.241111377643925e-05 9.632087053222434e-05
1.842 3.664455571937627e-05 2.7215939832952673e-05 7.546609903558537e-05
1.892 2.7321955262417082e-05 2.0286795638346557e-05 5.7793516536529106e-05
1.942 1.9844821465700765e-05 1.4990713892950279e-05 5.838048055511341e-05
1.992 1.6785442297229043e-05 1.2911126477594129e-05 3.634125694488145e-05
2.042 1.2939709248075732e-05 1.002375879637853e-05 3.0078395007094087e-05
2.092 1.1141045580299338e-05 8.620650159755046e-06 2.7501729486840834e-05
2.142 1.040658622964087e-05 7.730362240012145e-06 2.1614635724371433e-05
2.192 8.411159057421e-06 6.481719276073359e-06 1.9109489520404944e-05
2.242 7.171494831883435e-06 5.495339166882212e-06 1.7041540446681326e-05
2.292 6.486772787577261e-06 4.889596372038531e-06 1.3419990127674775e-05
2.342 6.610546642987248e-06 4.965660937212342e-06 1.2919154130293334e-05
2.392 6.035721508405709e-06 4.5714478480398435e-06 1.2657990735953003e-05
2.442 6.05968620501228e-06 4.599730836067831e-06 1.4518312206428032e-05
2.492 5.074714494744856e-06 3.871511333759007e-06 1.0172005074368506e-05
2.542 4.747674539991767e-06 3.6833373640251624e-06 1.0218393183464649e-05
2.592 4.6747968381678644e-06 3.552626706971279e-06 1.155342857578181e-05
2.642 4.353212843301612e-06 3.2761296501886173e-06 9.649650583098397e-06
2.692 4.0931278551553295e-06 3.1190365411492197e-06 9.442364479240653e-06
2.742 3.474538863264637e-06 2.6330817619239186e-06 7.821704121227343e-06
2.792 2.817348132205079e-06 2.169153078946162e-06 7.448417459736332e-06
2.842 2.5367381991083656e-06 1.935743589743265e-06 5.815311708593023e-06
2.892 2.4748444858058247e-06 1.9093795102511604e-06 5.822704517705134e-06
2.942 2.0986954136380493e-06 1.6007708303211013e-06 4.382845509238634e-06
2.992 2.1742197563508355e-06 1.6272455664383592e-06 5.125118008632213e-06
3.042 1.8057832605645358e-06 1.370747203629273e-06 3.859167970971375e-06
3.092 1.685597133967623e-06 1.267269310750197e-06 3.24695438179673e-06
3.142 1.7213204594153375e-06 1.304733609625689e-06 3.977829684906997e-06
3.192 1.5338086228142271e-06 1.154144060589424e-06 3.3802470119936457e-06
3.242 1.6231907917606552e-06 1.2296899343907814e-06 3.300569064660127e-06
3.292 1.3940218743803121e-06 1.0500589394990872e-06 3.376694999753053e-06
3.342 1.2422358894180747e-06 9.471628598417748e-07 2.687045377497362e-06
3.392 1.2404704459901926e-06 9.383167999644537e-07 2.7581732709553904e-06
3.442 1.0719987754031265e-06 8.23705503751484e-07 2.376023284015688e-06
3.492 1.0054864009112524e-06 7.738852579286994e-07 2.2330594963651083e-06
3.542 9.447427892093838e-07 7.182979633130612e-07 2.040010281546968e-06
3.592 8.85807222339601e-07 6.629158909646019e-07 1.976814196569458e-06
3.642 8.670494790252145e-07 6.551090162315182e-07 2.093015645896387e-06
3.692 7.810810330170484e-07 5.93602771003489e-07 1.7265699633441947e-06
3.742 7.853738504548608e-07 6.020136706001772e-07 1.7822655112714332e-06
3.792 6.968167356914719e-07 5.14586630882604e-07 1.5755873700550441e-06
3.842 6.754729279651536e-07 5.06954328308892e-07 1.7081290906357614e-06
3.892 6.742713126233364e-07 5.177785956004589e-07 1.7245975655614593e-06
3.942 5.942986313107714e-07 4.481871413324532e-07 1.4895465028499165e-06
3.992 5.265047104374272e-07 4.038593611238356e-07 1.267858294017354e-06
4.042 5.601789354085931e-07 4.230022274955152e-07 1.3481506621607084e-06
4.092 4.824379331634278e-07 3.693372470539098e-07 1.087306392953544e-06
4.142 4.83141587832978e-07 3.63855128758327e-07 1.0065715114054896e-06
4.192 4.729737015316175e-07 3.6191720708678004e-07 1.1740421215345556e-06
4.242 4.5179220051959376e-07 3.420039040643625e-07 9.980919535366908e-07
4.292 4.266605954125099e-07 3.256963890995383e-07 9.165799897313649e-07
4.342 3.7497138502413337e-07 2.9112487506514443e-07 7.661131063096804e-07
4.392 3.927837963123389e-07 2.980253508624882e-07 1.0029926306374407e-06
4.442 3.9300568927551237e-07 3.0170712913590716e-07 8.428221473140019e-07
4.492 3.4462449165035837e-07 2.633365826684841e-07 7.447277017574726e-07
4.542 3.449283889856404e-07 2.6373908591593804e-07 7.90401329496118e-07
4.592 3.059565744784292e-07 2.3630020757558184e-07 7.368651199254187e-07
4.642 3.0151978375566633e-07 2.326557732372498e-07 6.53161470573448e-07
4.692 2.7786069976682017e-07 2.112179112386341e-07 5.783262475793058e-07
4.742 2.6942266904983675e-07 2.103376221436131e-07 5.532907946863795e-07
4.792 2.824038951714352e-07 2.1582451019882255e-07 6.55761298676633e-07
4.842 2.4655046452901134e-07 1.8810717281805078e-07 5.643339172182667e-07
4.892 2.6126011529102484e-07 2.0412831148599598e-07 6.752600045001635e-07
4.942 2.2127410116539816e-07 1.70923998769455e-07 5.30418442101086e-07
4.992 2.2687378922820118e-07 1.7103165349002236e-07 5.005335050967251e-07
5.042 2.0136660959507568e-07 1.5502736665645123e-07 4.301164448186046e-07
5.092 1.956500380672023e-07 1.4966017369855132e-07 4.70009305643496e-07
5.142 1.8256924053849365e-07 1.39247180622525e-07 4.3864462624073694e-07
5.192 1.924390990513254e-07 1.4800885393497986e-07 4.904858232763234e-07
5.242 1.9275090355756168e-07 1.4800857710340156e-07 4.682120320818699e-07
5.292 1.6846918452561232e-07 1.2527951248792036e-07 3.768350392608432e-07
5.342 1.5398204895722158e-07 1.1843300062580045e-07 3.53955318613398e-07
5.392 1.5048865379911391e-07 1.1361764360237677e-07 3.218523689761847e-07
5.442 1.6560550564549698e-07 1.2686153859338076e-07 3.904165692762169e-07
5.492 1.4667240231509131e-07 1.1128728057288324e-07 3.0604046520551486e-07
5.542 1.419660480269974e-07 1.0825935468517478e-07 3.126404184100506e-07
5.592 1.3696796884011245e-07 1.0452013521488273e-07 3.082461948028376e-07
5.642 1.4398771056703222e-07 1.1050773898737572e-07 3.254040295518736e-07
5.692 1.3994621788262373e-07 1.060029182582238e-07 2.883134451684758e-07
5.742 1.2849246405909407e-07 9.696980339223679e-08 3.064189201401638e-07
5.792 1.1084963090056908e-07 8.424254045087205e-08 2.278792834194608e-07
5.842 1.207694480705245e-07 9.222664418573917e-08 2.633505186547377e-07
5.892 1.0986579667467913e-07 8.289471529305559e-08 2.480893084757758e-07
