0.092 0.5000221765144324 1.7211574860145602e-05 4.833341900728894e-05 0.49997769428520883 -0.00018035623339484 1.5705017246942898 0.006344096524881326
0.142 0.5000229530033776 1.7469384667239215e-05 5.2125214682632416e-05 63.47999999999998 7.020992155605376e-06 1.5691241961693214 0.0025376025097421095
0.192 0.5000236971060782 1.844806244857058e-05 5.6840454255562105e-05 0.499976917795522 0.0001437420303530447 1.569580772143514 0.0014664924378838817
0.242 0.5000236847002856 1.7961478399147103e-05 4.718211823785072e-05 151.23 0.00010806266259528818 1.5721290314473508 0.0009697770345786783
0.292 0.5000207464654661 1.5600815731867714e-05 4.167122385871432e-05 0.49997617369306235 -0.00010908646783514154 1.570653772637438 0.0006591033460735529
0.342 0.5000247332774367 1.860049254957893e-05 5.676317750047258e-05 276.47999999999996 6.875950850024775e-05 1.5724967522231381 0.00048674628686729005
0.392 0.5000233967720703 1.786389969363175e-05 5.064349417522922e-05 0.49997618610096106 -0.00018882993113366199 1.5685001029713266 0.0003715265030431736
0.442 0.5000224351668002 1.6883497558148468e-05 5.620815392542866e-05 439.23 0.0001650369617924531 1.5693392229026626 0.00027974304692723884
0.492 0.5000234342656078 1.759961460536648e-05 5.5935353344028684e-05 0.49997912434441427 -2.3044140921619888e-05 1.5711757234647934 0.00021146274966243883
0.542 0.5000212619092285 1.5837059948358192e-05 4.733195574200588e-05 639.4799999999999 -0.0001285212357108521 1.5687476148270594 0.00020257788370603436
0.592 0.5000229041822611 1.7495700766029136e-05 5.119534270217915e-05 0.4999751375279012 0.00011358077838986686 1.5704535848790977 0.00014089643867720714
0.642 0.5000198430243582 1.518129104702541e-05 4.3396913606268935e-05 877.2300000000001 -7.377691796748503e-05 1.5711875254921903 0.00013175857518687994
0.692 0.5000232893489382 1.7707391341657547e-05 5.119366259334038e-05 0.4999764740399095 -9.842681208665394e-05 1.5701995402264128 0.00011247722969254248
0.742 0.5000220956094368 1.6372751455565418e-05 5.019931431123756e-05 1152.479999999999 -7.744961530553347e-06 1.5694364624693025 9.015242705356918e-05
0.792 0.5000207586684728 1.5682272780412648e-05 4.125796753598521e-05 0.49997743565014346 0.0001579064805237421 1.5701427015994198 7.64958071139965e-05
0.842 0.5000200841734896 1.541153108805283e-05 4.2840199622357045e-05 1465.2299999999998 0.0003026560502049138 1.571309903244729 6.768217682195932e-05
0.892 0.5000209092654982 1.5619739630353644e-05 4.191141357157669e-05 0.4999764365535191 0.0001596367169310636 1.5707664951782936 6.450760437648473e-05
0.942 0.5000223499697705 1.6873995306804096e-05 5.360978487896504e-05 1815.4800000000007 0.00010796587756819461 1.5706275700388794 5.394951260617731e-05
0.992 0.5000198616642474 1.4172655033995428e-05 4.0981595034722036e-05 0.4999786089210911 -1.7362742558742076e-06 1.5702065349775876 5.312454436823266e-05
1.042 0.5000200038964059 1.5060098149799086e-05 4.4640692390679973e-05 2203.229999999999 -9.017829826690753e-05 1.5712021149396096 4.370966325861758e-05
1.092 0.5000196866153737 1.4759867734555905e-05 4.037142084277583e-05 0.49997696664944413 4.282035183979818e-05 1.5705558906647719 3.829603814664573e-05
1.142 0.5000210509562301 1.5302359114785506e-05 4.181501708389307e-05 2628.48 -0.00015390247807392746 1.5708339632310675 3.4718513245213245e-05
1.192 0.5000213543697339 1.570936838456982e-05 4.395413203778503e-05 0.4999800278192423 3.32380046864536e-05 1.5707195883065919 3.32673440182063e-05
1.242 0.5000205627522165 1.4965169563071449e-05 3.941882125330542e-05 3091.2299999999996 -6.33228817149911e-05 1.5707817428182778 3.146103124829214e-05
1.292 0.5000199530195463 1.4284080256288934e-05 4.3162381912997996e-05 0.49997658149818675 8.977869186100695e-05 1.5707848115432024 2.8053727047394617e-05
1.342 0.5000187771171256 1.3338035679590421e-05 3.71594467141821e-05 3591.4799999999987 8.425318393067251e-05 1.5703773890749475 2.570970966642161e-05
1.392 0.5000190381347653 1.343078778226261e-05 3.728049726391194e-05 0.49997777524569026 -6.957071844624844e-05 1.5710440509326684 2.243727987949473e-05
1.442 0.5000188185596387 1.3545897528498002e-05 3.724173482707987e-05 4129.2300000000005 -9.686346031733693e-06 1.571164476987895 1.981940406148297e-05
1.492 0.5000178537592447 1.3016026008542693e-05 3.7953711133320844e-05 0.4999791121973069 0.0001243048582302753 1.5706445009590602 1.977675126108025e-05
1.542 0.5000184942319205 1.3424883091460321e-05 3.796539346275586e-05 4704.480000000001 2.6021036871706677e-05 1.5709652787975243 1.6467545314369225e-05
1.592 0.5000192296422494 1.3982372566437034e-05 3.9744863306056434e-05 0.49997978670077947 -6.234812816662581e-05 1.570296550728409 1.6151395668462243e-05
1.642 0.500018029342428 1.3023039369659309e-05 3.52397128519521e-05 5317.229999999998 5.70365086262514e-05 1.570758026859284 1.3249819432847865e-05
1.692 0.5000165392642171 1.184841734136622e-05 3.4041391710939186e-05 0.49997896162415983 -6.3790534216842315e-06 1.5704132402071231 1.2340858360992968e-05
1.742 0.5000180480538262 1.2710112606803277e-05 3.98681001688763e-05 5967.479999999999 6.94499199893892e-05 1.5703278842790627 1.1735886647268323e-05
1.792 0.500016300620139 1.15920969735447e-05 3.2599634779111684e-05 0.4999775209256093 -5.940019414965858e-05 1.570597081774545 1.1407994598755522e-05
1.842 0.500017463795532 1.2349968807172498e-05 3.6510420943170465e-05 6655.230000000001 -4.6825967778370835e-05 1.5703081693254548 1.012163716662684e-05
1.892 0.5000168686213151 1.170416520482339e-05 3.6342028087010804e-05 0.4999800092516938 1.0486926898774535e-05 1.570709860260978 9.162149644081907e-06
1.942 0.5000178944745468 1.2498477750490877e-05 3.3980544501036195e-05 7380.480000000002 0.00011570872784025018 1.5707821567031033 9.022734047903214e-06
1.992 0.5000163643791036 1.1281268268902223e-05 3.1767365030280894e-05 0.499979867030052 -4.9122149826642895e-05 1.5707411809907377 8.359654508849346e-06
2.042 0.5000149806581518 1.0334838745176472e-05 2.938973987229971e-05 8143.2300000000005 -6.8445340881789775e-06 1.5708063286777934 7.3010523203853595e-06
2.092 0.5000157011121561 1.0868265991709744e-05 3.556467634419465e-05 0.49998018432125135 -7.641338564489761e-05 1.5708579384229506 6.956772471089501e-06
2.142 0.5000146908446707 1.017191242893748e-05 2.9762131085412308e-05 8943.48 -6.312481681977478e-05 1.5705627757288665 6.4593998447826095e-06
2.192 0.500015253932769 1.033318299726702e-05 2.7038013029662345e-05 0.4999788200023804 -7.193855807631044e-05 1.5709315579677245 5.982485525635184e-06
2.242 0.5000155939018258 1.0729146336063523e-05 2.7020634745165072e-05 9781.23 -8.195377203216914e-05 1.571137566779062 5.491579385785705e-06
2.292 0.5000145895217031 1.0034946099168624e-05 2.6299867035490428e-05 0.49997851660784526 -0.00013947744172613936 1.570696364454306 5.528941627197526e-06
2.342 0.5000135392247727 9.351745259909445e-06 2.2706923765271402e-05 10656.479999999998 4.9430436095765625e-05 1.5708348568623902 4.925975805702976e-06
2.392 0.5000126355683482 8.404967851117641e-06 2.102521926161507e-05 0.4999793082439292 -7.195535011908306e-05 1.5707636321541116 4.362396566093274e-06
2.442 0.5000127384296317 8.529910940783792e-06 2.1915811823343863e-05 11569.230000000001 -3.156982699305358e-05 1.5705693599470407 3.9427417989346125e-06
2.492 0.5000134341757155 9.039779927053466e-06 2.1806110109246622e-05 0.49997991799811287 0.00010870137381047903 1.5708215167222621 3.93381284258254e-06
2.542 0.5000133073480377 8.779552647358711e-06 2.4686117678779167e-05 12519.480000000001 -4.6535563121564306e-05 1.570811904497176 3.7550692181254064e-06
2.592 0.5000126933090518 8.545616925263977e-06 2.3295704227669106e-05 0.4999810939057546 -5.578497927734521e-05 1.5710928087301215 3.39316186004357e-06
2.642 0.5000117600217816 8.080346302560979e-06 1.9803309232632085e-05 13507.230000000005 5.4715771130574794e-05 1.5708809743584446 3.1777088710382984e-06
2.692 0.5000123475333759 8.260729858459643e-06 2.0484503677709603e-05 0.49998083291619994 -4.197107782134127e-06 1.5707919174547578 2.9706833118980924e-06
2.742 0.500011756901787 7.768391301143713e-06 2.202803121498136e-05 14532.479999999996 -6.0678675308249164e-05 1.57081085131034 2.6564968412801093e-06
2.792 0.5000114064931822 7.584589707751629e-06 1.9917974966761993e-05 0.49998105251985003 -8.108817503389246e-05 1.570648362620654 2.2830654481387214e-06
2.842 0.5000115597105352 7.668674597377037e-06 1.7653330367669116e-05 15595.229999999996 8.835283185639385e-05 1.5708496438879787 2.2099596529434606e-06
2.892 0.5000109908444675 7.400001624435537e-06 1.819943391422568e-05 0.4999820173310722 5.667856595911505e-05 1.570751788779986 2.0879327533585013e-06
2.942 0.5000111413914331 7.2664077543917896e-06 1.858993269550992e-05 16695.48 3.933082551004505e-06 1.5706932114914232 2.084227110232817e-06
2.992 0.5000104240891672 6.912935578332467e-06 1.6106804120974876e-05 0.4999813769011332 -6.558063362094566e-05 1.5706818883855198 1.8911786224817817e-06
3.042 0.5000099243927177 6.523614800330251e-06 1.684845173998521e-05 17833.230000000007 -2.827019557427905e-05 1.5708432796404883 1.7012356886558777e-06
3.092 0.5000102172450785 6.773184223385042e-06 1.4798574381910723e-05 0.49998064152249666 -4.571273852354233e-06 1.5707752918467648 1.7340214125693976e-06
3.142 0.5000095741906786 6.259658042455116e-06 1.3423023512637011e-05 19008.48000000001 6.583842495390278e-05 1.5708238552583282 1.4964299333009023e-06
3.192 0.500009337794471 6.1116377839113156e-06 1.3299645185798532e-05 0.49998184183068417 -8.852995716399317e-05 1.5706758647533063 1.4588803400883421e-06
3.242 0.5000094828901104 6.250958112064497e-06 1.4161320613574149e-05 20221.23 -5.927143999915073e-05 1.5708776309788453 1.3071771295392054e-06
3.292 0.5000086552129099 5.619471522392993e-06 1.4522735015998919e-05 0.49998333191803773 5.058737019341283e-06 1.5708211244638663 1.2176240140604477e-06
3.342 0.5000088951466265 5.781376128129489e-06 1.3162437944735649e-05 21471.479999999996 4.5887725978432145e-05 1.5708705516576504 1.1220962303770676e-06
3.392 0.5000083928935005 5.491414531751317e-06 1.306185085470123e-05 0.4999818232001955 -2.792728517128443e-05 1.5708317484043028 1.0752338756025992e-06
3.442 0.5000086151982519 5.646485927711584e-06 1.3737523702092428e-05 22759.230000000014 -3.289659017544331e-05 1.5708075218470627 1.0165717205801172e-06
3.492 0.5000082192981057 5.403034047088604e-06 1.3342856102672352e-05 0.4999835706547697 -5.0579413712767005e-05 1.57078928216797 9.366112300179807e-07
3.542 0.5000080172774709 5.254165157113146e-06 1.1681776869891986e-05 24084.480000000014 -2.3875593928277752e-05 1.5708214313003948 8.821530730340754e-07
3.592 0.5000076088186993 4.989761153631751e-06 1.1349639780489064e-05 0.49998240754197226 2.5029749222543808e-05 1.5708009314418234 7.807912187907107e-07
3.642 0.5000073209311882 4.7174226026623454e-06 1.033383149296873e-05 25447.230000000003 2.7306403451920316e-05 1.5707937153478013 7.15567300635378e-07
3.692 0.5000077389347226 4.935315751042454e-06 1.0017570445957546e-05 0.49998300274033225 -4.2124172639877564e-05 1.5707420297298105 7.921283221579145e-07
3.742 0.5000068044453618 4.341270971876448e-06 9.61407006564389e-06 26847.480000000007 -6.511458628012895e-05 1.570716365381427 6.789285496022757e-07
3.792 0.500007127680229 4.663633141390396e-06 9.906357140398336e-06 0.499981976963878 -9.765667323144393e-06 1.57081159105164 6.436347390614827e-07
3.842 0.5000072042520491 4.630510560336426e-06 1.0043420237929155e-05 28285.23000000001 -1.483072094330508e-05 1.5707901495257728 6.060022872400594e-07
3.892 0.5000066656291756 4.4544468586954035e-06 9.244758764642744e-06 0.49998350707969796 5.29306432454514e-05 1.5708126146600228 5.652102325059971e-07
3.942 0.5000069886887561 4.483065268583439e-06 1.0383745626356751e-05 29760.479999999996 1.9577850670399606e-05 1.570762631877979 5.577256970701328e-07
3.992 0.5000062771379093 4.034224887234559e-06 9.236027104001704e-06 0.49998489080508773 5.759003952450858e-05 1.570794182208847 5.034064032294339e-07
4.042 0.5000057452381611 3.630808661958555e-06 8.382387746141668e-06 31273.230000000018 -3.170695331932087e-05 1.5707935462017597 4.466669792924094e-07
4.092 0.5000058234347549 3.726964290978588e-06 7.767683533708505e-06 0.4999841704149181 4.8557457654084086e-05 1.5708282075262583 4.280931855671355e-07
4.142 0.5000059062554394 3.761287873927884e-06 8.034931750063848e-06 32823.480000000025 -8.651217125953806e-05 1.5707865644068695 4.231392145559454e-07
4.192 0.5000054378287696 3.464279587529434e-06 7.630420015382503e-06 0.4999851807393786 -9.062702702358042e-05 1.5708088676434397 3.945637027102933e-07
4.242 0.5000054116511851 3.4477357568055077e-06 8.081993981032291e-06 34411.23 1.3278192260384232e-05 1.5708045987589252 3.705693226718765e-07
4.292 0.5000053981079087 3.506492019866948e-06 7.269625576216226e-06 0.49998461772135516 -2.661453873917728e-05 1.5708154195818582 3.698537045515593e-07
4.342 0.5000052822612395 3.352777559312265e-06 7.080339937825939e-06 36036.480000000025 -9.956446352623349e-06 1.5707974760800436 3.5179460777801097e-07
4.392 0.5000053478926799 3.4050902667086776e-06 7.367132938916371e-06 0.499984277798654 -1.9061754051512856e-05 1.5708049926834298 3.430988612107555e-07
4.442 0.5000050630644792 3.088539639963072e-06 6.34302654830585e-06 37699.22999999999 5.682389096934429e-05 1.57081792890126 3.2008318184839624e-07
4.492 0.5000047486757723 3.0219773676877147e-06 6.910810065470681e-06 0.4999852822668009 -1.6608389018004256e-06 1.5707902069846886 2.9799423029164274e-07
4.542 0.5000046637194784 2.9101795634781935e-06 6.282408577041599e-06 39399.47999999999 4.19184747012657e-06 1.5707847650590616 2.843235330507454e-07
4.592 0.5000044236354633 2.77540165367117e-06 6.067089108284418e-06 0.49998633258426683 -2.0051418803126495e-05 1.570797410406837 2.5978810813676034e-07
4.642 0.5000044102534683 2.7645811197231497e-06 5.651643138936826e-06 41137.230000000025 9.166717874070554e-06 1.5707965382879496 2.7557144344214635e-07
4.692 0.5000043816329547 2.7692382894527755e-06 5.9713990120624275e-06 0.49998723623863944 1.1501464959010327e-05 1.5707826592693772 2.445489765134923e-07
4.742 0.5000040472923617 2.5665341479516604e-06 6.074180601441329e-06 42912.48000000002 8.449073267066696e-06 1.5708073315627749 2.498276643336794e-07
4.792 0.5000040160902484 2.5398153745577554e-06 5.803813915398812e-06 0.4999871334720362 2.2379582918607003e-05 1.5707726915059386 2.5183714968957105e-07
4.842 0.5000036761439829 2.2424794386145528e-06 4.579912117743641e-06 44725.23 1.9361587234194604e-05 1.5707871863045568 2.326436029376211e-07
4.892 0.5000039762035571 2.493255999217804e-06 5.262498742483185e-06 0.4999864378635513 -4.0250711543061135e-06 1.5707871886896134 2.275037612742281e-07
4.942 0.5000039889798255 2.4780975855718816e-06 5.700109773413644e-06 46575.48 -1.6789648863890242e-05 1.570793866904413 2.313353649752159e-07
4.992 0.5000037737915322 2.369395958977158e-06 5.574258393412046e-06 0.4999865647771162 6.440885707750311e-06 1.5707838387218485 2.1264711647095424e-07
5.042 0.5000034414581421 2.1339518148983396e-06 4.508145347306683e-06 48463.23000000002 -1.2351001386517343e-05 1.5707881558685997 2.0852235682600195e-07
5.092 0.5000035628699243 2.1559135449228127e-06 4.414310436557654e-06 0.4999871788056012 -1.781561389459791e-05 1.5707924143771663 1.9867030676135045e-07
5.142 0.50000334806328 2.0978666373349336e-06 4.449493432154274e-06 50388.47999999999 1.6845436904554116e-05 1.5707876640925833 1.9342588952753204e-07
5.192 0.5000032007581646 2.0619792591505658e-06 4.286863626134302e-06 0.4999881121234307 1.6063563890322387e-05 1.570794568283036 1.9159976227811626e-07
5.242 0.5000031016413718 1.9288816008359165e-06 4.160796351260442e-06 52351.22999999999 -1.6745937960206998e-05 1.5707787270747007 1.8876877350137988e-07
5.292 0.5000032328616015 1.9645802119059938e-06 4.433112733533924e-06 0.4999875247491522 1.4792219914117016e-05 1.5707976537064894 1.840140063658069e-07
5.342 0.5000030404562694 1.8949472848686497e-06 3.990378357000768e-06 54351.480000000025 -1.179379954403168e-06 1.570773829050979 1.8556381164991365e-07
5.392 0.5000031515017386 1.964262415180508e-06 4.641897722009427e-06 0.4999881154469148 -2.450133870853127e-06 1.570794661725343 1.8367306342526035e-07
5.442 0.500003008080152 1.8316254377899245e-06 3.8390711541777266e-06 56389.23 -1.69379690392875e-05 1.5707938212334887 1.773502852353559e-07
5.492 0.5000030910255242 1.9395607149686936e-06 4.183949411330858e-06 0.49998846597440766 2.852468020073095e-06 1.5707801711146907 1.7754184933327366e-07
5.542 0.5000027750369929 1.7178427326720854e-06 3.534430817811345e-06 58464.479999999996 2.6950013100210635e-06 1.5707883099060824 1.6958116821896851e-07
5.592 0.5000028226828859 1.7156590594878929e-06 3.877906753927391e-06 0.4999883128900777 -1.152814493358332e-06 1.5708010477040932 1.6875811925665118e-07
5.642 0.5000025980285074 1.5953719847192714e-06 3.7403912168313977e-06 60577.22999999999 -1.9006412169476037e-05 1.570798642820045 1.64631872690002e-07
5.692 0.5000027721092968 1.7441388306773119e-06 3.584262453077478e-06 0.499988881756534 -1.9310399501384023e-06 1.5707784212600666 1.6432726690496224e-07
5.742 0.5000026321533493 1.574519874319297e-06 3.873286446406994e-06 62727.47999999999 5.815150739189796e-06 1.570778581618451 1.6355188803274245e-07
5.792 0.500002624903286 1.6199678064188447e-06 3.4500812228979833e-06 0.4999887313760007 -1.8691346627717607e-06 1.5707911299570378 1.637633747497702e-07
5.842 0.5000023248691926 1.4271256982441345e-06 3.074996137613443e-06 64915.23 -9.062738156356335e-06 1.5708003333889056 1.5800108255081824e-07
5.892 0.5000024486041853 1.4910781859715137e-06 3.012742275835043e-06 0.4999894487449279 1.493433998335696e-06 1.5708037199043463 1.555378353890191e-07
