0.0 0.010400437801205953 0.007933183095593915 0.02818444526149617
0.5 0.00747827464819501 0.005848777565023918 0.01793640528448116
1.0 0.005461637900014058 0.004124093265044003 0.011946550469806621
1.5 0.001964299873357833 0.001513536824709545 0.004372727292603452
2.0 0.000488546366277372 0.0003559949828756241 0.0008486686063804054
2.5 4.979146270587102e-05 3.8041743557271524e-05 0.00010981348082247502
3.0 1.2795881853000139e-05 9.707670826579543e-06 2.5300776204864884e-05
3.5 4.7950598595058266e-05 3.5926774765410805e-05 0.00010313480399185916
4.0 3.124361890087685e-05 2.401441367854673e-05 7.051650915649461e-05
4.5 4.155456546142202e-06 3.2042782509948902e-06 8.63174137648362e-06
5.0 2.61236229355691e-06 1.9835598611861905e-06 5.1388955813384346e-06
5.5 8.32165594569198e-06 6.353863180388468e-06 1.6072098698088474e-05
6.0 5.091934024365441e-06 3.7892671533790786e-06 9.926240655985702e-06
6.5 1.1014147406256127e-06 8.107805695659312e-07 3.465703676903454e-06
7.0 7.256094278072507e-07 5.614634510798971e-07 1.887828220848912e-06
7.5 2.333335698933358e-06 1.7397080658318395e-06 5.363321821184466e-06
8.0 2.0069981327035994e-06 1.5156200124421782e-06 4.4646433845114286e-06
8.5 3.522440407080793e-07 2.6126455718826944e-07 9.446424811841278e-07
9.0 2.3476418608477562e-07 1.708393963921809e-07 5.034196029331711e-07
