0.0 0.45291406825339936 0.30581048976721437 0.3992836081903595
0.5 0.3836544203253689 0.2749690308948029 0.3914315154909082
1.0 0.33024949276051535 0.2290794499058815 0.34230508288099676
1.5 0.19324468597977018 0.12913401468516714 0.3091836390507249
2.0 0.09632603462997646 0.07056815515839247 0.17419846633884792
2.5 0.026752088624124707 0.019344280638601694 0.06778708298037392
3.0 0.010509876491511836 0.008005821743093387 0.027656892749921547
3.5 0.010218239503774111 0.007416139095691995 0.02958392142210016
4.0 0.00572385912650973 0.004226927335142191 0.014125675962540747
4.5 0.0026844198817303944 0.0019741191649741805 0.009257763526135184
5.0 0.0018195505992346884 0.0014371883385195935 0.00881615015702903
5.5 0.002062546789437722 0.0015593163789960698 0.0056543953340527356
6.0 0.001228974197260304 0.0009182204128118 0.003361291213918833
6.5 0.0007661429125793126 0.0005764134225988067 0.0029134735671744382
7.0 0.0005666217069338051 0.0004438399407566436 0.001571776351495863
7.5 0.0006528707596241498 0.0005083209083984096 0.0018026426810597808
8.0 0.00043975337476570597 0.00033258781978259626 0.0010016278498413984
8.5 0.00031719582075022705 0.00025496298282545174 0.0012739522773950072
9.0 0.00016160084960040405 0.00012205665044640583 0.000512309086475693
