1000 8.6176978376123e-09 1.2000000000000002e-09
2000 2.0308160501453656e-08 4.800000000000001e-09
3000 3.850148384242785e-08 1.0799999999999996e-08
4000 4.88406029924409e-08 1.9200000000000003e-08
5000 8.592802958839075e-08 3.0000000000000004e-08
6000 6.946753504132462e-08 4.319999999999998e-08
7000 1.1918589107838667e-07 5.88e-08
8000 1.2380848684970677e-07 7.680000000000001e-08
9000 1.461921932634197e-07 9.72e-08
10000 2.9637063071980903e-07 1.2e-07
11000 1.9585306377282462e-07 1.452e-07
12000 2.8547945799056e-07 1.7279999999999993e-07
13000 5.29267160428397e-07 2.028e-07
14000 3.8314814099608683e-07 2.3520000000000015e-07
15000 3.2695970943491993e-07 2.7e-07
16000 2.52850541441191e-07 3.0720000000000005e-07
17000 4.772406433056388e-07 3.468000000000001e-07
18000 6.277059639375752e-07 3.8880000000000004e-07
19000 4.805390626524926e-07 4.332000000000001e-07
20000 6.635689520769958e-07 4.800000000000001e-07
21000 4.699358493347913e-07 5.292000000000002e-07
22000 7.747610746123057e-07 5.808000000000002e-07
23000 9.113437552722008e-07 6.347999999999996e-07
24000 7.118927538473022e-07 6.911999999999997e-07
25000 8.666058673513634e-07 7.500000000000001e-07
