1000 5.466067584353207e-06 6.366197723675814e-06
2000 1.2571976867228883e-05 1.2732395447351628e-05
3000 1.8438667964072145e-05 1.9098593171027436e-05
4000 2.1627782153107728e-05 2.5464790894703257e-05
5000 2.8009597291984602e-05 3.183098861837907e-05
6000 5.0398063069213413e-05 3.819718634205488e-05
7000 3.905369871844911e-05 4.4563384065730696e-05
8000 5.68903461150631e-05 5.092958178940651e-05
9000 4.6092045922135484e-05 5.729577951308232e-05
10000 6.74345585020514e-05 6.366197723675813e-05
11000 6.436633314840265e-05 7.002817496043396e-05
12000 9.253292369410283e-05 7.639437268410974e-05
13000 8.397271529561725e-05 8.276057040778558e-05
14000 8.535383019512623e-05 8.912676813146142e-05
15000 7.07405414212463e-05 9.54929658551372e-05
16000 8.689259789286957e-05 0.00010185916357881303
17000 0.0001259534096697385 0.00010822536130248885
18000 0.00012831981160124699 0.00011459155902616465
19000 0.00014122918361296388 0.00012095775674984047
20000 0.00012813994584488087 0.00012732395447351627
21000 0.0001379290207427026 0.0001336901521971921
22000 0.00013839344985475067 0.00014005634992086792
23000 0.00016627850922252342 0.00014642254764454367
24000 0.00014557039780322708 0.0001527887453682195
25000 0.00016947034556210404 0.00015915494309189535
