1000 2.090512943920296e-09 3.0000000000000005e-10
2000 5.674419571205095e-09 1.2000000000000002e-09
3000 8.118700537431157e-09 2.699999999999999e-09
4000 1.6678573775949843e-08 4.800000000000001e-09
5000 1.537513022369627e-08 7.500000000000001e-09
6000 2.1602131519108826e-08 1.0799999999999996e-08
7000 2.3330227589036804e-08 1.47e-08
8000 2.7082856166951864e-08 1.9200000000000003e-08
9000 3.214295259214128e-08 2.43e-08
10000 4.7762587859620995e-08 3e-08
11000 5.5924623837407114e-08 3.63e-08
12000 5.7957079827864747e-08 4.319999999999998e-08
13000 8.038731166766925e-08 5.07e-08
14000 8.681067656915387e-08 5.880000000000004e-08
15000 7.41741538046916e-08 6.75e-08
16000 1.6192906614042961e-07 7.680000000000001e-08
17000 1.1223801971308078e-07 8.670000000000003e-08
18000 1.1916835964296059e-07 9.720000000000001e-08
19000 1.7057998992327123e-07 1.0830000000000002e-07
20000 1.6344956711079936e-07 1.2000000000000002e-07
21000 1.9490117123357012e-07 1.3230000000000004e-07
22000 2.4943433652585757e-07 1.4520000000000006e-07
23000 1.6301276971960869e-07 1.586999999999999e-07
24000 2.477901783876937e-07 1.7279999999999993e-07
25000 2.599362768980328e-07 1.8750000000000003e-07
