1000 6.564141330414788e-06 6.366197723675814e-06
2000 9.6353033183988e-06 1.2732395447351628e-05
3000 2.1856427944370416e-05 1.9098593171027436e-05
4000 3.0637569137853746e-05 2.5464790894703257e-05
5000 4.029092787741401e-05 3.183098861837907e-05
6000 3.22054176724969e-05 3.819718634205488e-05
7000 5.144749036115056e-05 4.4563384065730696e-05
8000 4.064991722084289e-05 5.092958178940651e-05
9000 5.604962976693547e-05 5.729577951308232e-05
10000 7.168229413000512e-05 6.366197723675813e-05
11000 6.862322080884214e-05 7.002817496043396e-05
12000 9.113857178212331e-05 7.639437268410974e-05
13000 9.108313832768902e-05 8.276057040778558e-05
14000 8.587944574583447e-05 8.912676813146142e-05
15000 0.00013743637646995813 9.54929658551372e-05
16000 0.00010344225727124985 0.00010185916357881303
17000 0.00010160852858717477 0.00010822536130248885
18000 9.79756953487575e-05 0.00011459155902616465
19000 0.0001270507950882982 0.00012095775674984047
20000 0.00010597824690713537 0.00012732395447351627
21000 0.0001354510358502537 0.0001336901521971921
22000 0.0001540299790102654 0.00014005634992086792
23000 0.00014534267160338404 0.00014642254764454367
24000 0.00012893497851489464 0.0001527887453682195
25000 0.00012923532489066963 0.00015915494309189535
