1000 5.771807103821517e-06 6.366197723675814e-06
2000 9.479977800299818e-06 1.2732395447351628e-05
3000 1.902468464679078e-05 1.9098593171027436e-05
4000 2.330518584836583e-05 2.5464790894703257e-05
5000 2.7449342339728144e-05 3.183098861837907e-05
6000 4.210957925896387e-05 3.819718634205488e-05
7000 6.45964499375809e-05 4.4563384065730696e-05
8000 4.95902342599353e-05 5.092958178940651e-05
9000 5.2406893419098576e-05 5.729577951308232e-05
10000 5.4870822057005267e-05 6.366197723675813e-05
11000 7.804289455757601e-05 7.002817496043396e-05
12000 5.970328402601327e-05 7.639437268410974e-05
13000 9.077078351938743e-05 8.276057040778558e-05
14000 8.003839933460188e-05 8.912676813146142e-05
15000 9.007751767365149e-05 9.54929658551372e-05
16000 9.570686028709823e-05 0.00010185916357881303
17000 0.00011661519009738362 0.00010822536130248885
18000 9.651783577441609e-05 0.00011459155902616465
19000 0.00011302777570002354 0.00012095775674984047
20000 0.00010315876351180743 0.00012732395447351627
21000 0.00015040966150930632 0.0001336901521971921
22000 0.00013196900358856403 0.00014005634992086792
23000 0.00012216468063498592 0.00014642254764454367
24000 0.00011174324864306992 0.0001527887453682195
25000 0.00014598534645192233 0.00015915494309189535
