10000 9.629623138410774e-06 1.2001459333089833e-07
20000 9.398729242995073e-06 4.800583733235934e-07
30000 8.424306066893112e-06 1.0801313399780856e-06
40000 1.0712139712946016e-05 1.9202334932943733e-06
50000 8.458349611376039e-06 3.0003648332724603e-06
60000 6.781298326912478e-06 4.320525359912344e-06
70000 7.812762656734365e-06 5.88071507321402e-06
80000 7.161140175123448e-06 7.680933973177495e-06
90000 1.0187783576388127e-05 9.721182059802766e-06
100000 7.883073879174048e-06 1.200145933308983e-05
110000 6.15921297633246e-06 1.4521765793038696e-05
120000 1.1244028768636378e-05 1.728210143964937e-05
130000 6.847302514910697e-06 2.028246627292182e-05
140000 1.0161153932349702e-05 2.3522860292856084e-05
150000 7.791990046921951e-06 2.700328349945213e-05
160000 7.556757228003179e-06 3.072373589270997e-05
170000 7.089321058670457e-05 3.4684217472629635e-05
180000 1.011314746081286e-05 3.888472823921106e-05
190000 2.7457916363394536e-05 4.332526819245431e-05
200000 1.1537820925312137e-05 4.8005837332359365e-05
210000 9.844629742640526e-06 5.292643565892617e-05
220000 8.490712497372352e-06 5.808706317215481e-05
230000 0.0001073812706419522 6.348771987204523e-05
240000 9.973710260836662e-05 6.91284057585975e-05
250000 3.738357088297598e-05 7.50091208318115e-05
