10000 7.661886097433867e-08 3e-08
20000 1.1872122822609955e-07 1.2000000000000002e-07
30000 4.6034342037149205e-07 2.7e-07
40000 1.107697728867905e-06 4.8e-07
50000 4.0036337177323136e-07 7.5e-07
60000 5.63055970182756e-07 1.08e-06
70000 1.5427712132899239e-06 1.4699999999999993e-06
80000 1.106387725450214e-06 1.9200000000000003e-06
90000 2.0620764824247495e-06 2.4299999999999996e-06
100000 3.474629335847016e-06 3.0000000000000005e-06
110000 4.118717397228562e-06 3.6300000000000017e-06
120000 4.22271958311087e-06 4.32e-06
130000 6.943747854835551e-06 5.07e-06
140000 2.8594370194243455e-06 5.879999999999998e-06
150000 2.597242216979745e-06 6.750000000000002e-06
160000 9.1469264179443e-06 7.68e-06
170000 3.804127912682648e-06 8.67e-06
180000 7.354019482406358e-06 9.72e-06
190000 6.543936777284585e-06 1.0830000000000005e-05
200000 8.468284215738813e-06 1.2e-05
210000 1.217981835398366e-05 1.323e-05
220000 2.3697597835525042e-05 1.452000000000001e-05
230000 1.4302466488050258e-05 1.5870000000000002e-05
240000 1.8081808804893602e-05 1.728e-05
250000 1.386822302749986e-05 1.875e-05
