1000 2.017547152050446e-05 1.2733169624064777e-05
2000 4.944125048862787e-05 2.5466339248129544e-05
3000 1.90741282916133e-05 3.8199508872194326e-05
4000 5.2133054071917534e-05 5.093267849625911e-05
5000 9.281316399327382e-05 6.366584812032387e-05
6000 5.265436001743284e-05 7.639901774438867e-05
7000 7.827387245802026e-05 8.913218736845343e-05
8000 0.000305413404177561 0.00010186535699251818
9000 0.0001369514929434237 0.00011459852661658297
10000 0.0001596831436232383 0.00012733169624064774
11000 0.0001344918706790976 0.0001400648658647125
12000 0.00029669212229650255 0.0001527980354887773
13000 0.00015564448932832968 0.00016553120511284206
14000 0.0001277219042436935 0.00017826437473690692
15000 9.75703150258127e-05 0.00019099754436097168
16000 9.669077312542533e-05 0.00020373071398503643
17000 0.00018615745007873448 0.00021646388360910113
18000 0.00023191418030889962 0.00022919705323316594
19000 0.00010191957217188024 0.00024193022285723073
20000 0.0002452525837449003 0.0002546633924812955
21000 0.00020234652387490296 0.0002673965621053603
22000 0.00011384503733847849 0.000280129731729425
23000 0.00029383179161868893 0.00029286290135348975
24000 0.00021192482312281006 0.00030559607097755466
25000 0.0002346746022241798 0.00031832924060161926
