10000 1.4666619642134375e-07 1.2e-07
20000 9.964825489871838e-07 4.800000000000001e-07
30000 9.948804101346785e-07 1.0800000000000002e-06
40000 1.8251005096745094e-06 1.92e-06
50000 5.097583690295682e-06 3e-06
60000 2.7120508657071685e-06 4.32e-06
70000 5.636937677921117e-06 5.879999999999997e-06
80000 6.780852475988139e-06 7.680000000000001e-06
90000 9.565256118031593e-06 9.719999999999998e-06
100000 6.017334825147564e-06 1.2000000000000002e-05
110000 1.8193346211098154e-05 1.4520000000000007e-05
120000 2.711551386086291e-05 1.7280000000000004e-05
130000 1.7913555033560913e-05 2.028e-05
140000 1.7707887368192762e-05 2.351999999999999e-05
150000 5.1418351958445015e-05 2.700000000000001e-05
160000 2.7308295162029732e-05 3.072e-05
170000 1.613721405259252e-05 3.468e-05
180000 4.497046578373779e-05 3.888e-05
190000 4.4275519413045376e-05 4.332000000000002e-05
200000 4.368410354778425e-05 4.8e-05
210000 8.552971545677202e-05 5.292e-05
220000 4.147189509592593e-05 5.808000000000004e-05
230000 8.869845504824179e-05 6.348000000000001e-05
240000 4.335906592423443e-05 6.912e-05
250000 4.651314990793089e-05 7.5e-05
