10000 9.460474023425652e-06 1.2001459333089833e-07
20000 8.00356855187536e-06 4.800583733235934e-07
30000 8.007578315129774e-06 1.0801313399780856e-06
40000 8.06849385240457e-06 1.9202334932943733e-06
50000 6.6915393438650065e-06 3.0003648332724603e-06
60000 7.238012032614752e-06 4.320525359912344e-06
70000 7.561297965329198e-06 5.88071507321402e-06
80000 6.468370827808433e-06 7.680933973177495e-06
90000 8.057885614498232e-06 9.721182059802766e-06
100000 7.145159191672193e-06 1.200145933308983e-05
110000 1.143342076293188e-05 1.4521765793038696e-05
120000 7.438060732326322e-06 1.728210143964937e-05
130000 6.860696161465947e-06 2.028246627292182e-05
140000 1.0545736528998772e-05 2.3522860292856084e-05
150000 1.565774115352084e-05 2.700328349945213e-05
160000 1.692326779501337e-05 3.072373589270997e-05
170000 1.9070272882432385e-05 3.4684217472629635e-05
180000 3.558402460045375e-05 3.888472823921106e-05
190000 1.071351420858962e-05 4.332526819245431e-05
200000 1.533930758928157e-05 4.8005837332359365e-05
210000 3.385242560896256e-05 5.292643565892617e-05
220000 4.3259770345896136e-05 5.808706317215481e-05
230000 0.00012005246860705815 6.348771987204523e-05
240000 3.184493516141212e-05 6.91284057585975e-05
250000 3.551764628106204e-05 7.50091208318115e-05
