10000 9.533001513239836e-06 1.2001459333089833e-07
20000 8.300402367190012e-06 4.800583733235934e-07
30000 7.88272873164977e-06 1.0801313399780856e-06
40000 7.219229828250129e-06 1.9202334932943733e-06
50000 7.250834433014479e-06 3.0003648332724603e-06
60000 6.7422523406835074e-06 4.320525359912344e-06
70000 6.918751412561756e-06 5.88071507321402e-06
80000 7.176541521931737e-06 7.680933973177495e-06
90000 8.860495978293805e-06 9.721182059802766e-06
100000 1.1371066546348152e-05 1.200145933308983e-05
110000 1.2701753842766926e-05 1.4521765793038696e-05
120000 1.1478534352714972e-05 1.728210143964937e-05
130000 9.831043378692932e-06 2.028246627292182e-05
140000 1.5213444471334148e-05 2.3522860292856084e-05
150000 2.37711876378494e-05 2.700328349945213e-05
160000 2.7654184099184143e-05 3.072373589270997e-05
170000 3.6723647883897146e-05 3.4684217472629635e-05
180000 1.898353489320843e-05 3.888472823921106e-05
190000 3.398806660859302e-05 4.332526819245431e-05
200000 2.176088995935795e-05 4.8005837332359365e-05
210000 2.656175335294587e-05 5.292643565892617e-05
220000 4.1896194892746825e-05 5.808706317215481e-05
230000 3.672476863787525e-05 6.348771987204523e-05
240000 7.087442580634956e-05 6.91284057585975e-05
250000 4.9430679633352986e-05 7.50091208318115e-05
