10000 3.732245782812581e-05 4.800583733235933e-07
20000 3.3724353238634196e-05 1.9202334932943737e-06
30000 3.0232579175199673e-05 4.320525359912342e-06
40000 2.998195651341119e-05 7.680933973177493e-06
50000 2.9699795822506694e-05 1.2001459333089841e-05
60000 2.7221564543609342e-05 1.7282101439649376e-05
70000 3.949063342029625e-05 2.352286029285608e-05
80000 2.7060341234686783e-05 3.072373589270998e-05
90000 3.361449415303829e-05 3.888472823921106e-05
100000 3.86905368970502e-05 4.800583733235932e-05
110000 5.62143184183233e-05 5.8087063172154785e-05
120000 6.028948182755983e-05 6.912840575859748e-05
130000 6.481675303438707e-05 8.112986509168728e-05
140000 8.501586786179566e-05 9.409144117142433e-05
150000 6.571942263818809e-05 0.00010801313399780852
160000 5.0305003286578556e-05 0.0001228949435708399
170000 0.000116046064108429 0.00013873686989051854
180000 7.604412375726907e-05 0.00015553891295684425
190000 7.467478659370408e-05 0.00017330107276981724
200000 0.0001409070587540335 0.00019202334932943746
210000 0.0001036675760364611 0.0002117057426357047
220000 0.00014839571263915968 0.00023234825268861925
230000 0.00013950313868843096 0.0002539508794881809
240000 0.00015874865949545757 0.00027651362303439
250000 0.00021437044401563792 0.000300036483327246
