10000 9.344209829986486e-06 1.2001459333089833e-07
20000 8.325957061831266e-06 4.800583733235934e-07
30000 8.193610643578088e-06 1.0801313399780856e-06
40000 7.187568452260836e-06 1.9202334932943733e-06
50000 7.332522870510552e-06 3.0003648332724603e-06
60000 7.776006473757282e-06 4.320525359912344e-06
70000 8.330513766095683e-06 5.88071507321402e-06
80000 9.058915482651896e-06 7.680933973177495e-06
90000 1.0933623562683876e-05 9.721182059802766e-06
100000 7.815559690437555e-06 1.200145933308983e-05
110000 1.218508945714038e-05 1.4521765793038696e-05
120000 1.616243618538857e-05 1.728210143964937e-05
130000 1.3745360505969372e-05 2.028246627292182e-05
140000 1.5501412533345937e-05 2.3522860292856084e-05
150000 1.139512395641278e-05 2.700328349945213e-05
160000 1.951804505163565e-05 3.072373589270997e-05
170000 1.944262602824957e-05 3.4684217472629635e-05
180000 1.863510998857016e-05 3.888472823921106e-05
190000 2.0469102977444487e-05 4.332526819245431e-05
200000 3.037735676054457e-05 4.8005837332359365e-05
210000 2.8936804589474993e-05 5.292643565892617e-05
220000 4.261728748247843e-05 5.808706317215481e-05
230000 4.8483332804410674e-05 6.348771987204523e-05
240000 4.720700383640924e-05 6.91284057585975e-05
250000 5.5897627760914876e-05 7.50091208318115e-05
