0.117 2.501519079457447e-07
0.234 4.029525113496913e-06
0.351 1.9533301879881746e-05
0.468 4.3773851089890054e-05
0.585 0.00010896498247207704
0.702 0.00013383609587759777
0.819 0.00030963880772025466
0.936 0.000288742238523514
1.053 0.000391843483849773
1.17 0.00032608936926476097
1.287 0.0003707863826767287
1.404 0.00025885815991478285
1.521 0.00022770458573904048
1.638 9.785741327623812e-05
1.755 5.4745016048532415e-05
1.872 1.1667948994227414e-05
1.989 3.205615662437986e-07
2.106 5.817516739415969e-06
2.223 1.4798790446722412e-05
2.34 3.0399461480450006e-05
2.457 2.9185871103860526e-05
2.574 2.796070364490136e-05
2.691 1.7411825657956427e-05
2.808 7.397859929179272e-06
2.925 1.4215121198610703e-06
3.042 4.901332286729389e-07
3.159 4.424257579554699e-06
3.276 1.0601139718785548e-05
3.393 1.1677051275363574e-05
3.51 1.577808369664515e-05
3.627 1.2250188679245685e-05
3.744 5.6641037581259495e-06
3.861 1.9061655448584296e-06
3.978 1.4354131999030687e-07
4.095 8.261477598439254e-07
4.212 3.495731442789826e-06
4.329 6.488379570468935e-06
4.446 8.68010552389116e-06
4.563 7.538916105582733e-06
4.68 5.766629080670052e-06
4.797 2.2608901950300573e-06
4.914 5.798811449590316e-07
5.031 1.4513240364890097e-07
5.148 1.1638290154547153e-06
5.265 2.9682617394293197e-06
5.382 4.694730554494702e-06
5.499 5.461371523427412e-06
5.616 5.326929867355994e-06
5.733 2.1463738742084093e-06
5.85 9.664437925195048e-07
5.967 1.5613431902549247e-07
6.084 3.946889184967098e-07
6.201 1.482552807155771e-06
6.318 3.135960106143983e-06
6.435 3.4726847966978363e-06
6.552 3.5238851453062867e-06
6.669 2.3809106068945812e-06
6.786 1.582420183192883e-06
6.903 4.730130628064112e-07
7.02 1.2217120678671906e-07
7.137 6.370375407725545e-07
7.254 1.557193260526492e-06
7.371 2.1482807847165615e-06
7.488 2.218029460349032e-06
7.605 2.71278705631462e-06
7.722 1.3645654184506744e-06
7.839 7.134527455871976e-07
7.956 1.3534547647503413e-07
8.073 1.8278416307850062e-07
8.19 6.688808965518453e-07
8.307 1.7453516255549178e-06
8.424 1.912931725208905e-06
8.541 1.9403825104557714e-06
8.658 1.5081299323176975e-06
8.775 9.919656118130117e-07
8.892 2.9966754692589667e-07
9.009 1.1703719885566831e-07
9.126 3.7290468861852376e-07
9.243 1.1311250796540002e-06
9.36 1.3391603551508878e-06
