0.0 2.6929740467448733e-15 0.1 0.1
0.0009999999999999998 1.9731191934923987e-05 0.1 0.1
0.0019999999999999996 1.9781590826038717e-05 0.1 0.1
0.0029999999999999996 1.9650040030818016e-05 0.1 0.1
0.003999999999999999 2.0519135304316597e-05 0.1 0.1
0.004999999999999999 2.055557057296373e-05 0.1 0.1
0.005999999999999999 2.0378715394396026e-05 0.1 0.1
0.006999999999999999 2.0046968228712454e-05 0.1 0.1
0.007999999999999998 2.1142254761426583e-05 0.1 0.1
0.008999999999999998 2.0060194076592234e-05 0.1 0.1
0.009999999999999998 2.044839033861391e-05 0.1 0.1
0.010999999999999998 2.0380515247175507e-05 0.1 0.1
0.011999999999999999 1.949872340904699e-05 0.1 0.1
0.012999999999999998 2.0645925959517256e-05 0.1 0.1
0.013999999999999999 1.9960680236497832e-05 0.1 0.1
0.014999999999999998 2.019700561109312e-05 0.1 0.1
0.015999999999999997 1.972869478370702e-05 0.1 0.1
0.016999999999999998 2.0373092352643704e-05 0.1 0.1
0.017999999999999995 1.9621537292878917e-05 0.1 0.1
0.018999999999999996 1.9426521016405516e-05 0.1 0.1
0.019999999999999997 2.032859464732668e-05 0.1 0.1
0.020999999999999998 2.0804923491992712e-05 0.1 0.1
0.021999999999999995 2.0283660244008868e-05 0.1 0.1
0.022999999999999996 1.972300232753319e-05 0.1 0.1
0.023999999999999997 2.0152932022440995e-05 0.1 0.1
0.024999999999999998 2.015503252818913e-05 0.1 0.1
0.025999999999999995 2.0461759840797483e-05 0.1 0.1
0.026999999999999996 2.039441496474334e-05 0.1 0.1
0.027999999999999997 1.9592724407621665e-05 0.1 0.1
0.028999999999999998 1.881387548332942e-05 0.1 0.1
0.029999999999999995 1.988689821207595e-05 0.1 0.1
0.030999999999999996 1.9580979680138502e-05 0.1 0.1
0.031999999999999994 2.0507837503046696e-05 0.1 0.1
0.032999999999999995 1.9414185496274093e-05 0.1 0.1
0.033999999999999996 2.066764806322481e-05 0.1 0.1
0.03499999999999999 2.0801686491710696e-05 0.1 0.1
0.03599999999999999 1.946763020731247e-05 0.1 0.1
0.03699999999999999 2.0243578045204448e-05 0.1 0.1
0.03799999999999999 1.9707254113889385e-05 0.1 0.1
0.03899999999999999 2.016429687344246e-05 0.1 0.1
0.039999999999999994 1.9496406734727686e-05 0.1 0.1
0.040999999999999995 1.908082715752038e-05 0.1 0.1
0.041999999999999996 2.0142656861630248e-05 0.1 0.1
0.04299999999999999 2.0550624020390724e-05 0.1 0.1
0.04399999999999999 2.014022297687476e-05 0.1 0.1
0.04499999999999999 2.0000778657695987e-05 0.1 0.1
0.04599999999999999 2.02861289976163e-05 0.1 0.1
0.04699999999999999 1.977096052610412e-05 0.1 0.1
0.047999999999999994 1.989207218250165e-05 0.1 0.1
0.048999999999999995 1.9795084479626144e-05 0.1 0.1
