0.0 0.9999994037379315 0.1 0.1
0.0009999999999999998 0.9999994020870893 0.1 0.1
0.0019999999999999996 0.9999994015604423 0.1 0.1
0.0029999999999999996 0.9999994004785766 0.1 0.1
0.003999999999999999 0.9999993990865306 0.1 0.1
0.004999999999999999 0.9999993972356904 0.1 0.1
0.005999999999999999 0.9999993952896449 0.1 0.1
0.006999999999999999 0.9999993928491469 0.1 0.1
0.007999999999999998 0.9999993899388313 0.1 0.1
0.008999999999999998 0.9999993860733377 0.1 0.1
0.009999999999999998 0.9999993824785577 0.1 0.1
0.010999999999999998 0.999999378515239 0.1 0.1
0.011999999999999999 0.999999373172985 0.1 0.1
0.012999999999999998 0.9999993681272028 0.1 0.1
0.013999999999999999 0.9999993614976411 0.1 0.1
0.014999999999999998 0.9999993593585927 0.1 0.1
0.015999999999999997 0.999999351348896 0.1 0.1
0.016999999999999998 0.9999993445148762 0.1 0.1
0.017999999999999995 0.999999336407829 0.1 0.1
0.018999999999999996 0.9999993279749809 0.1 0.1
0.019999999999999997 0.9999993246852367 0.1 0.1
0.020999999999999998 0.9999993162958788 0.1 0.1
0.021999999999999995 0.9999993054623502 0.1 0.1
0.022999999999999996 0.9999993004578613 0.1 0.1
0.023999999999999997 0.9999992862498089 0.1 0.1
0.024999999999999998 0.9999992777613299 0.1 0.1
0.025999999999999995 0.9999992714596263 0.1 0.1
0.026999999999999996 0.9999992573528326 0.1 0.1
0.027999999999999997 0.9999992469984224 0.1 0.1
0.028999999999999998 0.9999992412262522 0.1 0.1
0.029999999999999995 0.9999992282035215 0.1 0.1
0.030999999999999996 0.9999992227259711 0.1 0.1
0.031999999999999994 0.9999992040645168 0.1 0.1
0.032999999999999995 0.9999991909972556 0.1 0.1
0.033999999999999996 0.9999991764404996 0.1 0.1
0.03499999999999999 0.9999991603247103 0.1 0.1
0.03599999999999999 0.9999991512297265 0.1 0.1
0.03699999999999999 0.9999991423362781 0.1 0.1
0.03799999999999999 0.9999991173692058 0.1 0.1
0.03899999999999999 0.9999991046947866 0.1 0.1
0.039999999999999994 0.9999990949238337 0.1 0.1
0.040999999999999995 0.9999990675062546 0.1 0.1
0.041999999999999996 0.9999990500581803 0.1 0.1
0.04299999999999999 0.999999021144559 0.1 0.1
0.04399999999999999 0.9999990202860807 0.1 0.1
0.04499999999999999 0.9999990109722742 0.1 0.1
0.04599999999999999 0.999998997727289 0.1 0.1
0.04699999999999999 0.999998973433713 0.1 0.1
0.047999999999999994 0.9999989652066427 0.1 0.1
0.048999999999999995 0.9999989174993231 0.1 0.1
