0.25 0.0014729661330828761 0.0011189356610621201 0.003092034943812238
0.3 0.0014948103308367344 0.0011172196199538307 0.003512171313689669
0.35 0.0014753912941279257 0.0011138818979882425 0.003023501792570707
0.4 0.001507015650950634 0.0011314735065374782 0.003365863796373266
0.45 0.0015634722823945307 0.0012014893552599116 0.0033723026288118444
0.5 0.0014615526119167049 0.0011261916100059196 0.0036311636999396095
0.55 0.0014367867654291571 0.001094026522483438 0.003197594210895893
0.6 0.0014611979146511717 0.0010930079694006576 0.0033695239970197768
0.65 0.001526104199503076 0.001180694232159026 0.0038798901027439076
0.7 0.0015854570577533424 0.00121866892343745 0.003654537773879438
0.75 0.0013626715210556138 0.0010399185645575686 0.003100050385057604
0.8 0.001397799163516281 0.0010658780318764138 0.003234161292647678
0.85 0.0014066921230949925 0.0010854606600627923 0.0034168558946148105
0.9 0.0013841548498138056 0.0010292930708304046 0.0034164196491763997
0.95 0.0013527723770111366 0.0010367113745473723 0.002969421814164387
1.0 0.0014583271515360263 0.001109672201098697 0.0032208843834675193
1.05 0.0012953108070100062 0.0010022169388549937 0.0029600461433555423
1.1 0.0012864511558440912 0.0010007630751079943 0.002893613712734498
1.15 0.0014667260154166781 0.001126020533203555 0.0034314842356106597
1.2 0.0013857305132574742 0.0010484183633768785 0.0029056676541823296
1.25 0.0012482545305639676 0.000949163461188515 0.0028686261892071564
1.3 0.001433009702998852 0.0010726548265049766 0.0029782856522432427
1.35 0.0013143329306566233 0.0010159245579655638 0.002983710584760337
1.4 0.0014404088862685744 0.0010989433759662106 0.003085054672345644
1.45 0.001397417495628841 0.001053262857628901 0.0029162312769337234
1.5 0.0013375540622530258 0.001038965994938299 0.0027496803530977693
1.55 0.0013382552791243113 0.0010074128270035757 0.0025991075462405352
1.6 0.0012820132439906131 0.000960398289572752 0.0028464169372920053
1.65 0.0013370955638947102 0.0010191058495827253 0.003081963696647469
1.7 0.0013053797236153631 0.0009965957032502697 0.0031755918312713315
1.75 0.0013212454668136103 0.0010268658052426927 0.00276755189853374
1.8 0.001264507294864022 0.0009444360614002919 0.0028653318610938187
1.85 0.0013381926338716472 0.0010313051856685768 0.003161450724286243
1.9 0.001259925069322889 0.0009644800966926419 0.0025979974466803293
1.95 0.00126417558052339 0.0009520250320462017 0.0026379187400829146
2.0 0.0011972244505942772 0.0009032805672191499 0.002738056385104884
2.05 0.0012904453187274159 0.0009944318325339266 0.0027665010411291576
2.1 0.0012479145817576947 0.0009509604814279445 0.002822347886979592
2.15 0.0013670403422363048 0.001031540787321551 0.0031774970755386236
2.2 0.0012840454491735741 0.000995062150560649 0.002867039396383383
2.25 0.0013859373941674344 0.0010607546530853808 0.003417649253814541
2.3 0.0012347117853378448 0.0009269938656982898 0.0028548760840371758
2.35 0.0013095688967212063 0.0009890914119243545 0.0026725883083096847
2.4 0.0013962788686823254 0.00106489699506401 0.003041442663004448
2.45 0.001255498063423436 0.0009528240998538214 0.002926258426590053
2.5 0.0012840437333608535 0.0009631672932515681 0.0028149413533109626
2.55 0.001110358792549484 0.00083816666170683 0.0024003983755061845
2.6 0.0011396751300187546 0.000871103885234221 0.002529403346971071
2.65 0.0012045825395519255 0.0009100773826441103 0.0026673519074199748
2.7 0.0012287649782234665 0.0009110506913684411 0.002482977147189799
2.75 0.0012269073255126472 0.0009287383186099081 0.002729274252139645
2.8 0.0014678499960960871 0.001100627431315368 0.0028631680870513597
2.85 0.0011861029674227102 0.0009084987880888792 0.0027285984595893423
2.9 0.001278674233524148 0.0009780518298372963 0.0026270229323222287
