0.092 8.982658739933789e-05 6.913496270208606e-05 0.00017455142114628763
0.142 0.00021046078637020925 0.00016218675279994926 0.0004272348336468971
0.192 0.00036775088549675873 0.0002789223289695219 0.0008502533499114977
0.242 0.0005673992682933758 0.0004359423962123922 0.0013557506893075659
0.292 0.0008501954724511764 0.0006476082478288789 0.0020103633789158837
0.342 0.0010628868490105575 0.0008208359045849875 0.002546994137033461
0.392 0.0015472035195350418 0.0011920366207520288 0.003273927527523151
0.442 0.0018353944869823457 0.00140620632413166 0.004329537013443255
0.492 0.0023091837113153528 0.0017668327284523873 0.005141937268321341
0.542 0.0027658043606738863 0.0020874206710020885 0.006289292249039291
0.592 0.0030788705963032646 0.0023581478263574075 0.00728573839939087
0.642 0.003296163119721989 0.0025099456884566515 0.007986253266790738
0.692 0.004444546335583816 0.003360790883741133 0.009892960030359456
0.742 0.0045224341100101135 0.003499076238330923 0.010272729322079665
0.792 0.004846255397103943 0.0037113595939503945 0.01055545998900273
0.842 0.005027134553985979 0.0038729035300715214 0.011802220181387673
0.892 0.005432217531480836 0.004150318486060786 0.012211196073061509
0.942 0.006076298433587084 0.004660592278190039 0.01390412585992801
0.992 0.006043682273018963 0.004522432469244705 0.013210291335517512
1.042 0.006942231563117129 0.005318189568998447 0.015871297961078272
1.092 0.007150289151325608 0.0054461563854942465 0.014898121296381794
1.142 0.007289844951857881 0.005420563541974008 0.01680225435730466
1.192 0.007847297751680592 0.005977316512304868 0.015715095769646994
1.242 0.007446786221614245 0.005585639640076197 0.017473345551715713
1.292 0.008402906760170598 0.006338999305531968 0.017330376332015583
1.342 0.00831823805010386 0.006467138658303511 0.01684446250866896
1.392 0.00877140923984153 0.006514014245003372 0.020251304393417015
1.442 0.007203725901424291 0.005448745176236113 0.01630820791501448
1.492 0.007145104085414838 0.005436953656265712 0.015387202249897763
1.542 0.007376293422372924 0.005603915902767279 0.015399218397612902
1.592 0.007162826085034866 0.00549382249922938 0.015513108044690879
1.642 0.007800760240023899 0.005953457375401294 0.017261469041964062
1.692 0.007357163079628153 0.0057029190582515744 0.01575653837189535
1.742 0.007270120504037771 0.005521544410094346 0.015606973913279434
1.792 0.006470031269009331 0.005035083692989234 0.015370556894256222
1.842 0.0059023439810235 0.00451156550925308 0.012990578479911384
1.892 0.005661888989603794 0.004211513570055572 0.010948742254144907
1.942 0.00580402019376965 0.004306482935308768 0.011094617461954665
1.992 0.004876867699832244 0.003643502225780557 0.010650088320909443
2.042 0.004851134647486539 0.003705995195815729 0.009989115994220628
2.092 0.0042698543648647695 0.0031294398561285573 0.008416895266068631
2.142 0.003622737272535328 0.002685335178575747 0.007704604551201071
2.192 0.0033427381100922205 0.002522713349887505 0.007241366737326722
2.242 0.002533420157025498 0.001903780602521783 0.005575339801931022
2.292 0.0023209276251961865 0.0017192527763559794 0.00544903177028099
2.342 0.0023448656549045124 0.001676597527858173 0.004435497230611505
2.392 0.002012930538009238 0.0014962327276201574 0.004201085397118834
2.442 0.0015414808746384357 0.0011590310947480482 0.003341271211831668
2.492 0.001428876756422479 0.001060151834112273 0.0031417528355658854
2.542 0.0010706580068398273 0.000800696788646175 0.0024308995520984727
2.592 0.0009604034584449548 0.0007054631614371506 0.002005803669763515
2.642 0.0007657690626565899 0.0005479953431196855 0.0017556659146387647
2.692 0.000545325619613671 0.000399523608819889 0.0010688057958089666
2.742 0.0004143775715137321 0.0003059764092612748 0.0010091739752461674
2.792 0.00034294492892520995 0.0002515049232636833 0.0008741218664582521
2.842 0.00030135527556464787 0.00022623997956127507 0.0009305769542679878
2.892 0.00022775609494190844 0.0001758131289114623 0.0008151512424458791
