0.092 1.2363671795022233e-05 9.254171231523723e-06 2.4433908953602674e-05
0.142 2.895536159479617e-05 2.1389007373898704e-05 6.099945689945495e-05
0.192 5.5579243382854436e-05 4.2543967457353564e-05 0.00011463194229187682
0.242 8.317892782961725e-05 6.501074021301865e-05 0.00020277130450872862
0.292 0.00011603972207416925 8.937640923571565e-05 0.0002532708356523558
0.342 0.00014495965958502866 0.00010974977817524238 0.00030772652547881864
0.392 0.00019212929910722367 0.00014458513920637798 0.00045273493644500546
0.442 0.00021325363418577415 0.0001585275450046676 0.00045390623570595477
0.492 0.000244545515983439 0.0001824219607241006 0.0005650413284119656
0.542 0.0002944159961538042 0.00022642458459941496 0.0005871591950335591
0.592 0.00032071037736249584 0.0002469249203122412 0.0006946208947154263
0.642 0.0003420010941507299 0.0002573347937415445 0.000684943804044658
0.692 0.0004083436029362064 0.00031369709997362485 0.0008845514589351258
0.742 0.0003897411123195964 0.0002950204177258842 0.0008195138526643696
0.792 0.0004213383183512853 0.000320699301081672 0.0010012917627391306
0.842 0.0004285063580496169 0.00032872171310994135 0.0009357403615592606
0.892 0.0004226420255457606 0.00032135836747219183 0.0008493377331383113
0.942 0.00039324651538212026 0.00030070915410200933 0.0008983930358267832
0.992 0.0003657518604429802 0.00027490299717829143 0.0008001421989704469
1.042 0.0003950514996996543 0.00029429457010534245 0.000859655467332381
1.092 0.0003461183007485388 0.0002670110749355978 0.0007321974334335219
1.142 0.0002885854278740161 0.00022089852631450483 0.0006272855095973139
1.192 0.00030406665104275104 0.0002328447318221167 0.0006574268053158202
1.242 0.00023771315543720235 0.00017941556046336993 0.0005623882645961723
1.292 0.00019977009307374803 0.00015454751805578937 0.00041272177089955194
1.342 0.0001710474990512452 0.00012964010717621743 0.00036652671027935627
1.392 0.00015005587874184935 0.00011440728953211243 0.00035311071875923823
1.442 0.0001258794434126319 9.620465217637443e-05 0.0002967482045174614
1.492 9.260353339511025e-05 7.072937625889265e-05 0.0001903342434745203
1.542 7.802424244530375e-05 5.9238411869536324e-05 0.00017788568846980197
1.592 6.058436071745215e-05 4.635912743340514e-05 0.00013714418929682093
1.642 4.5764325783735415e-05 3.511469775708756e-05 9.973936436106796e-05
1.692 3.178687083440848e-05 2.371519654257713e-05 6.520621324409485e-05
1.742 1.7712540117078222e-05 1.3361311914089133e-05 3.802284333546273e-05
1.792 1.2778710619312465e-05 9.72664322500244e-06 2.920229968851088e-05
1.842 5.736033037680947e-06 4.29088610062494e-06 1.2848545032563772e-05
1.892 2.466447123684541e-06 1.8934481795885002e-06 5.512154150048923e-06
1.942 6.303854419645347e-07 4.833001210848774e-07 1.384320449250103e-06
1.992 4.8456579694542165e-08 3.404499927063658e-08 9.176510734064552e-08
2.042 2.9564258059129947e-07 2.2480756859251758e-07 6.416871170435391e-07
2.092 1.1382053529553112e-06 8.771994379203345e-07 2.4295826343071535e-06
2.142 2.2755923970601577e-06 1.6988729452101565e-06 5.108765751685114e-06
2.192 3.412097279130485e-06 2.58478073656835e-06 7.604242832855991e-06
2.242 4.390229815276803e-06 3.343647441183523e-06 9.660754945008845e-06
2.292 5.355571239082852e-06 4.099906549420612e-06 1.0638021609583244e-05
2.342 5.284670164118481e-06 4.083459373942986e-06 1.1510094350044413e-05
2.392 5.862262977968036e-06 4.5070306494395744e-06 1.2628725387851813e-05
2.442 6.05239571929712e-06 4.541791418652501e-06 1.3123377497953106e-05
2.492 5.519262149611502e-06 4.2544406502189455e-06 1.1988176877760522e-05
2.542 4.9965017182456404e-06 3.858787276910718e-06 1.2063976023639039e-05
2.592 3.8847581228369736e-06 2.9315543174959935e-06 7.9931431316497e-06
2.642 3.3492632614086314e-06 2.611453027132388e-06 7.417583662217493e-06
2.692 2.480449835651802e-06 1.8865085224634647e-06 5.366829980340678e-06
2.742 1.9336500451097684e-06 1.479802502826452e-06 4.604954469965018e-06
2.792 1.2259973247663016e-06 9.43157057208783e-07 2.726253455499661e-06
2.842 6.744704179225643e-07 5.209866997354025e-07 1.5182873900105794e-06
2.892 3.2628073710145994e-07 2.426973489838344e-07 7.40510829038033e-07
