0.092 0.0014094047016136597 0.0010643961897015986 0.003305426446010336
0.142 0.0015751296518466552 0.0012223226619927008 0.0035714000621771807
0.192 0.0015947247987896137 0.001205269226609141 0.003568422651066644
0.242 0.0015669648762668942 0.0011758909839633235 0.003830513751378915
0.292 0.0014546719270405514 0.0011204466656560535 0.003049299613739132
0.342 0.001382371863237233 0.001054603414369781 0.003177438745683992
0.392 0.0014254933507599936 0.0010787809748751562 0.003053707032148947
0.442 0.0015364711097400438 0.001162719496839235 0.0036204070610784756
0.492 0.001472964640944767 0.001110640801786905 0.003415030162477289
0.542 0.0015208291538736768 0.0011695415777830396 0.0031711022906963566
0.592 0.0013950816327803041 0.0010656305512142113 0.0033474191102911407
0.642 0.001552495353265849 0.0011884099175730088 0.003442575695065459
0.692 0.0014822554957995083 0.0011413188175716862 0.0033736601573616997
0.742 0.0014436532037585647 0.0011080566109340757 0.00321639115889084
0.792 0.0014046621878209891 0.0010710134999310109 0.003425098712054478
0.842 0.0014336158900160852 0.001097798878867983 0.0033432635440321028
0.892 0.00149892728115332 0.001146829398799089 0.003291517205403181
0.942 0.001376294088393616 0.0010202512814562518 0.002937870729866584
0.992 0.0013389046269840922 0.0010266040050259035 0.003229519248067384
1.042 0.0014384190990783176 0.0010994651106549407 0.003046544871515003
1.092 0.0012488320970977151 0.0009609484786946187 0.0025065068814548617
1.142 0.001404224450716441 0.0010818064221620645 0.003372409737213399
1.192 0.001235784017109341 0.0009509494900699823 0.0030357399319424555
1.242 0.001285440451026551 0.0009844480161059052 0.003432702288081733
1.292 0.0015107175936249092 0.0011615927711719324 0.0031415225516453625
1.342 0.001471437920495239 0.0011086293424265085 0.0034581811742213525
1.392 0.0012342380973683193 0.0009325811407984066 0.002846153740721174
1.442 0.001370013141243312 0.0010336972084620897 0.0032078378382170473
1.492 0.0014195108506582402 0.0010919472928873103 0.0034673482003328947
1.542 0.0014048186623769954 0.0010721562602634355 0.0028506088852952613
1.592 0.001335959846813185 0.0010164136769947585 0.0030951435438073467
1.642 0.001321613206620504 0.0010160791868408024 0.002479913669189648
1.692 0.0013312347145645136 0.0010187479866941797 0.0029365941434029577
1.742 0.0013636961582567436 0.001030909047216748 0.002909616841344639
1.792 0.0014052292167417745 0.0010855989557842578 0.002865492410532501
1.842 0.001229961515449915 0.0009391048449329871 0.002777026313959179
1.892 0.0013129849962481613 0.0010011976299068388 0.0029408065847406238
1.942 0.001359022011938038 0.0010327148824616163 0.0031764518470474954
1.992 0.0013548632994584114 0.0010264376084785634 0.0030692855284486713
2.042 0.0013214132548149285 0.0009839760981335832 0.002954255793892125
2.092 0.0012233304237433754 0.0009498448786341394 0.0028762362272639805
2.142 0.0012739634908326303 0.0010013924849962923 0.002749708730499973
2.192 0.0012345060499939567 0.0009306955576885562 0.0026984716916363546
2.242 0.0011870115992064197 0.0008931451846285472 0.002593141928497917
2.292 0.0012913268018530505 0.0009777115161944822 0.0026343874549508445
2.342 0.0011517714915596441 0.0008750772212887565 0.0023653597576221434
2.392 0.0012298590105862003 0.0009457501330789141 0.002951828802183954
2.442 0.0012218751530029598 0.0009304503476802732 0.002716930177660357
2.492 0.0013422383730019457 0.0010264905854886 0.00310432161015402
2.542 0.001342689148284669 0.0010275344545239429 0.0030426925961185
2.592 0.001357501167037013 0.0010501148862644173 0.003164091197971484
2.642 0.0012576443476318333 0.000950446541952748 0.0026852503228879106
2.692 0.0012622129067045517 0.0009498772415814774 0.00264736260637597
2.742 0.001267515050406049 0.0009550408341161445 0.003053955615219473
2.792 0.0011620872861272402 0.0008947407336478253 0.0025145587304232276
2.842 0.0012299145435092046 0.0009296403969745116 0.002756164414915383
2.892 0.0012594008376459543 0.0009704352682540135 0.002900283101326771
