0.092 0.00021465580141049142 0.00016135716845898555 0.0004857899526501287
0.142 0.00021147289292195178 0.00016037987675932255 0.0004540423559926674
0.192 0.00019041794482532417 0.00014547053467788378 0.00040899681609220685
0.242 0.00020741706634598664 0.00015932877734166736 0.0004593807107287282
0.292 0.00019651112198196833 0.00014830576333739007 0.0004186162947427802
0.342 0.00019774590519652406 0.00014798257376803241 0.00047107380929878225
0.392 0.00018759295470842922 0.00014222919040356104 0.0004204008854224249
0.442 0.00019914705941360757 0.00015180843729595603 0.00045278638225459896
0.492 0.00019578613130402837 0.0001486048801350772 0.00041562658660751007
0.542 0.00018683927846736476 0.00014391249006057518 0.00041885839456520644
0.592 0.0001726855764290809 0.00013274300666983916 0.00036965740566415
0.642 0.00018492466820404564 0.00014425185631227093 0.0004199007038721254
0.692 0.00017902232952077978 0.00013683526235013513 0.00039408683395732776
0.742 0.000177737643902697 0.00013625919448214576 0.00038283265041647404
0.792 0.00016607570876165444 0.00012904895318436094 0.00038948779149011243
0.842 0.00015270644456866594 0.00011794434975806381 0.0003567489572689353
0.892 0.00015449090612854868 0.00011625536169592274 0.00033608787400109057
0.942 0.00013996564779910102 0.00010843969745731004 0.0003350306010314963
0.992 0.00011594428535549008 8.828384604659347e-05 0.0002490923302092102
1.042 0.00011265152308593815 8.63969189783531e-05 0.0002687913002532054
1.092 0.00011769454713284694 9.019292110603748e-05 0.0002424020700964554
1.142 0.00010967366993939062 8.306519472609489e-05 0.00023919768377558473
1.192 9.894020669898976e-05 7.509080794109761e-05 0.00022816547940657586
1.242 0.00010272832828473548 7.782792945396908e-05 0.00023852388333508531
1.292 8.57822024334403e-05 6.637860722589058e-05 0.00016951358558675233
1.342 9.512619104896602e-05 7.205793243103401e-05 0.00019533121067110762
1.392 8.684487148392052e-05 6.67797182802492e-05 0.0001813265250976135
1.442 7.620484051233777e-05 5.8425341183213914e-05 0.0001751309421862891
1.492 7.287098186733316e-05 5.522823665423728e-05 0.0001557243147476901
1.542 5.651364582445531e-05 4.2671489388674725e-05 0.0001358966826090109
1.592 5.990055854401005e-05 4.537613451745931e-05 0.00011933646616954646
1.642 5.266498632013127e-05 4.039522824867246e-05 0.00011644340400324348
1.692 4.610185040435255e-05 3.46059081423201e-05 9.725052649347977e-05
1.742 4.067593525226189e-05 3.1529325374941646e-05 9.003603868537193e-05
1.792 4.2726562035677456e-05 3.22842362619393e-05 9.779161446203925e-05
1.842 3.769158585076683e-05 2.8662043068367118e-05 7.925921325162498e-05
1.892 3.0639139749260174e-05 2.336505640007016e-05 6.647085938727145e-05
1.942 2.825394464930329e-05 2.1674751807242355e-05 6.58214389716838e-05
1.992 2.4208815878549246e-05 1.8390298483404058e-05 4.890739261785327e-05
2.042 2.1535246705640796e-05 1.623388617407705e-05 5.115664919206394e-05
2.092 1.7158499619638993e-05 1.3011010840651806e-05 3.8916491239985916e-05
2.142 1.5207787107250847e-05 1.1472769271471703e-05 3.481558877513378e-05
2.192 1.2849315445552861e-05 9.696009587624787e-06 2.9630891974796266e-05
2.242 1.1021666301295057e-05 8.47648885798967e-06 2.7554503308141574e-05
2.292 9.812085237683367e-06 7.521592009045552e-06 1.9894706525082162e-05
2.342 7.994174051774765e-06 6.11069760056735e-06 2.1069024815675615e-05
2.392 5.935808403782001e-06 4.580745383339431e-06 1.3148670200375013e-05
2.442 5.191294730237837e-06 3.899782375499613e-06 1.1323002974685863e-05
2.492 4.313163678642564e-06 3.25262864365839e-06 8.79658174150399e-06
2.542 3.0682480909839087e-06 2.3305622848574605e-06 6.672670390523988e-06
2.592 2.5146722014173027e-06 1.9334431215763572e-06 5.117248409811354e-06
2.642 1.6131401921687524e-06 1.230295760216495e-06 3.664592086906962e-06
2.692 1.0656770192657015e-06 8.183589191057973e-07 2.38746842092903e-06
2.742 7.508604063372282e-07 5.723550764899416e-07 1.7399903853676712e-06
2.792 4.7617701234797324e-07 3.6080202670970063e-07 1.0890153737551346e-06
2.842 2.6529907861978493e-07 1.989549607649701e-07 5.172321293298536e-07
2.892 1.1446349744321303e-07 8.645020739938848e-08 2.5410701813218216e-07
