0.092 0.002590381296235479 0.001975386869218181 0.0062299734834154194
0.142 0.0023310984730041057 0.0017409507925885118 0.004948157736826959
0.192 0.002472345556848254 0.0018907770898451165 0.005009780468517652
0.242 0.0026188697412961636 0.0019629696464767417 0.005603138818367698
0.292 0.0027188429959796854 0.002095420296379003 0.006210451098449897
0.342 0.0027240469890260546 0.002144208324400508 0.006412964546893778
0.392 0.002744360517279966 0.0021204647289222436 0.006536782517717124
0.442 0.002893890665400175 0.0021809494286789983 0.006514587923608395
0.492 0.002805452204053018 0.002079869101035176 0.005578919398157042
0.542 0.0030141850884219373 0.002268730999004724 0.006917921061894179
0.592 0.002683414531812716 0.002046523912354349 0.006533592661797414
0.642 0.002818395310614532 0.0021643775965068898 0.006850975898366184
0.692 0.002797415036383068 0.0021399798344399015 0.006702377201104584
0.742 0.0028848638843121167 0.002146376473008785 0.00569890836798503
0.792 0.0027338705947225093 0.002072691156153651 0.00599051119071571
0.842 0.0027017236058392525 0.0020557642203856454 0.006460480073747934
0.892 0.0029340447214749417 0.0022679747948512693 0.006059325215207787
0.942 0.0027561201454452977 0.0021111650336760285 0.00703786694685624
0.992 0.0027684156250801307 0.002095419741399669 0.005940975448377877
1.042 0.0028570613017477116 0.0022008270201184935 0.0058600716798392375
1.092 0.00278813906642538 0.002148437628611951 0.00593062327357242
1.142 0.002597866744801708 0.0019746580821528286 0.006028376105397936
1.192 0.0028732412742361268 0.002175654402013529 0.006115378503146764
1.242 0.002777772782446681 0.002118952804498111 0.006948685907889611
1.292 0.0025842568473582474 0.0019660885131252167 0.005410466426984499
1.342 0.0027921036929794774 0.0020853973904014877 0.006185210611672276
1.392 0.002553078854346195 0.0019714625966126046 0.005860976647548958
1.442 0.002559207253567689 0.0019619170378499407 0.0055121680372549435
1.492 0.002692560340762443 0.002042863580933998 0.006582700131607936
1.542 0.0026137123669911534 0.0019839316869524866 0.005168819929999199
1.592 0.002453798876490308 0.0018846567393801393 0.005431820602080865
1.642 0.002456918074857371 0.0018541653374210426 0.005189944615446463
1.692 0.0023439482893354738 0.0017782597991995417 0.00518721422518496
1.742 0.00243553378539764 0.001835244600202627 0.006113490534427694
1.792 0.002324371367988412 0.0017715442790424455 0.005491708555476775
1.842 0.0025656658739971736 0.0019686513779897316 0.006854106415576457
1.892 0.002564508727437263 0.0019218954656138332 0.005420736692869707
1.942 0.0023759555835497596 0.0018381221576097514 0.005723971195251782
1.992 0.002441941463440229 0.0018569081344815277 0.005264444994632645
2.042 0.002686699159996454 0.0020566958575954824 0.005928368318687713
2.092 0.0025434254857383976 0.0019463613542707568 0.005961898360786902
2.142 0.0025993485898099696 0.001952998267032693 0.0061121993355243735
2.192 0.002458612106878923 0.001876358260744117 0.005108513911134719
2.242 0.0025132007732785442 0.0019351088522189506 0.005858301765004533
2.292 0.002340306976663706 0.001752006122311136 0.0049337328676221535
2.342 0.0024442954252876224 0.0018671497081525303 0.005422145081854877
2.392 0.0024941423045523933 0.0018983899051265944 0.005287381009070896
2.442 0.002465340654759413 0.0018725442268414814 0.0053920257048407525
2.492 0.0024078620335932677 0.001855158614229963 0.005331304019124555
2.542 0.0026488040001287584 0.0020054652116835406 0.006222792347303903
2.592 0.0025351550959787895 0.0019620544844283143 0.005319265512600877
2.642 0.0025554091801078395 0.001975430714156034 0.005713218350180859
2.692 0.0024218590020747975 0.001828185681135777 0.005730425604599976
2.742 0.00231235618088588 0.0017465687143891555 0.004845211928436799
2.792 0.0026622414549948236 0.0020404114540695122 0.006261210109647926
2.842 0.00258690000033737 0.001971010294981951 0.005522058731012848
2.892 0.0024582988386780543 0.001869631459347317 0.005581889747651123
