0.25 0.0014590639975945712 0.0011213196134510464 0.003452269928745851
0.3 0.0014251837221989393 0.0011111644585563177 0.0032427948364007675
0.35 0.0014379680381477226 0.001104024482104078 0.0031267149852260527
0.4 0.0015061477077912275 0.001126536038172315 0.003014411691024492
0.45 0.0013773463619414527 0.0010531189381855451 0.003096196455213061
0.5 0.0013889304189134643 0.0010516172392833784 0.003022570465486043
0.55 0.0014010139582751103 0.0010646015804059558 0.003142449652211417
0.6 0.0013579878568210073 0.001044546556185377 0.0030812998046644375
0.65 0.0013701397743346967 0.0010395945761248048 0.0029886739071805493
0.7 0.0014270671185336436 0.001075822438309619 0.0032512193594172695
0.75 0.0013868583612694516 0.001055426561336975 0.0032099613581458787
0.8 0.001357966935531783 0.001045154488612321 0.002952420953698742
0.85 0.001353849780594938 0.0010411440838576363 0.002949593432133276
0.9 0.0014399376452246201 0.0010893290640538202 0.0029149913118674303
0.95 0.0014512638837106137 0.0011062664365587061 0.00309647091215415
1.0 0.0012835308578515747 0.0009825235088067273 0.002910231160587724
1.05 0.0012719476622151523 0.0009607767860788788 0.0027893798712278453
1.1 0.0013268825660544042 0.0010168600205162843 0.0031306462855332216
1.15 0.0012538692936812695 0.0009615107086554532 0.002901839084556639
1.2 0.0012985347589271334 0.0009592093465101118 0.0028769288815109735
1.25 0.001321229075706773 0.001008140731445414 0.0027402163353650497
1.3 0.0014350547532721819 0.0011056014369291065 0.0035592531181799793
1.35 0.0013118015626988723 0.0010190963329884746 0.002872270485104304
1.4 0.0012693618719876476 0.0009491427511640201 0.0027942848078157377
1.45 0.0013554419859976346 0.0010328918562977013 0.0026706279321110993
1.5 0.0012972635665378257 0.0009814210722856554 0.0029313330968034406
1.55 0.0012521105513226382 0.0009694519567650376 0.002695835209040106
1.6 0.0013244244942889761 0.0010227182005332395 0.0027177013848976904
1.65 0.0013326769999365406 0.001024016334241274 0.003098522503225645
1.7 0.0014399184823086586 0.0010970093410517243 0.003044054623734527
1.75 0.0012918867405249642 0.000989203270612379 0.0025707645748477316
1.8 0.0012705847085779925 0.0009797715926313265 0.002845351518484699
1.85 0.0013084056054967444 0.0010023809363439219 0.0029173229723005976
1.9 0.0012598685892604069 0.0009597154392622083 0.0027532361325087644
1.95 0.001307252466097347 0.0010022126082424611 0.003028611350650078
2.0 0.0013149673621679554 0.001013006817105268 0.003089135678505188
2.05 0.0012963064537496517 0.0009824422949907563 0.0030023090700909394
2.1 0.001263285522296882 0.0009574986747838314 0.0025259124002456196
2.15 0.001229045779825473 0.0009301987893556764 0.002598216684623413
2.2 0.0012741540790983503 0.0009723462103930804 0.0027015433822412545
2.25 0.0012244812663584738 0.0009541978228169606 0.002679830544058198
2.3 0.0012900719772977504 0.00099503289435636 0.0030740537048624217
2.35 0.0012920831598936847 0.0009975133544472224 0.0027700063872108894
2.4 0.0012506077520986255 0.0009638279848750769 0.0026889349595825437
2.45 0.0012179986628112942 0.0009225070906928187 0.0028209087700677257
2.5 0.0012526852494612161 0.0009426668534621914 0.0029375973541544325
2.55 0.001210538348653686 0.0009234307696823915 0.002535618557863345
2.6 0.0012600913902878434 0.0009725639173971081 0.002524643160738863
2.65 0.0012316385640192304 0.0009388793761009125 0.002647518822747521
2.7 0.0011785316168231139 0.000921090770852335 0.002613662414043975
2.75 0.0011832194008584104 0.0008903945158945049 0.002756037953360629
2.8 0.0012284804823023362 0.0009401619788818292 0.0029918128431300497
2.85 0.0012108563225827432 0.0009305065764050776 0.0029538935488987584
2.9 0.0012614048507477054 0.000971279854161247 0.002883759015100841
