10000 5.151900896362794e-07 2.7e-07
20000 1.3262456527572715e-06 1.0800000000000002e-06
30000 2.935367750927124e-06 2.430000000000001e-06
40000 6.124195960790052e-06 4.32e-06
50000 8.372600991519675e-06 6.7500000000000014e-06
60000 1.298245995542339e-05 9.720000000000002e-06
70000 8.728849014032653e-06 1.3229999999999995e-05
80000 2.0110592064244842e-05 1.7280000000000004e-05
90000 3.051123756101071e-05 2.187e-05
100000 1.9971974672005285e-05 2.700000000000001e-05
110000 3.42121051977427e-05 3.267000000000002e-05
120000 4.471947579957305e-05 3.8880000000000014e-05
130000 5.3320248608852876e-05 4.563e-05
140000 5.847023354886277e-05 5.291999999999999e-05
150000 7.246746427501543e-05 6.0750000000000027e-05
160000 5.135066436256411e-05 6.912e-05
170000 5.324456426625147e-05 7.803000000000001e-05
180000 9.144849152806915e-05 8.748000000000001e-05
190000 8.779626222826407e-05 9.747000000000005e-05
200000 5.7115532554272475e-05 0.00010800000000000002
210000 7.726115042426766e-05 0.00011907000000000001
220000 0.00018351686572248306 0.0001306800000000001
230000 0.00018018447571993223 0.00014283000000000004
240000 0.00018552936471931283 0.00015552000000000003
250000 0.00011034240188487712 0.00016875
