10000 5.8086991878597735e-05 6.366197723675813e-05
20000 0.00011461372908127672 0.00012732395447351627
30000 0.00021220557460316743 0.0001909859317102744
40000 0.00023302815651332994 0.00025464790894703254
50000 0.00028066445354627337 0.0003183098861837907
60000 0.00035638025903684764 0.0003819718634205488
70000 0.00043201387330881456 0.00044563384065730686
80000 0.0005130982885705152 0.0005092958178940651
90000 0.0005364661066383799 0.0005729577951308232
100000 0.0006424375156546006 0.0006366197723675814
110000 0.0007817739907305548 0.0007002817496043396
120000 0.0005880205062095368 0.0007639437268410976
130000 0.000875041334801664 0.0008276057040778558
140000 0.0010830838831485917 0.0008912676813146137
150000 0.0009618718062727365 0.0009549296585513722
160000 0.0007366737483949237 0.0010185916357881302
170000 0.0011841850873250195 0.0010822536130248883
180000 0.0011713812192404216 0.0011459155902616466
190000 0.0010349502936537421 0.001209577567498405
200000 0.001449543033551672 0.0012732395447351628
210000 0.0012945778173450442 0.001336901521971921
220000 0.0013398789007757048 0.0014005634992086795
230000 0.0014357626518518812 0.0014642254764454371
240000 0.0013210511656935118 0.0015278874536821952
250000 0.001458059225146109 0.0015915494309189533
