20.0 0.001810671240382589 0.003184270736837907
40.0 0.003161194898883414 0.006370885223675814
60.000000000000014 0.0034697556670841754 0.009559843460513725
80.0 0.0055365102694655555 0.012751145447351628
100.0 0.006057162098366487 0.015944791184189542
120.00000000000003 0.006412942243265577 0.019140780671027445
140.0 0.009009241646719419 0.022339113907865353
160.0 0.014564266096820665 0.025539790894703252
180.0 0.014683688177513763 0.02874281163154116
200.0 0.015011153964043202 0.03194817611837906
220.00000000000003 0.0127874160888129 0.03515588435521699
240.00000000000006 0.017260451044684922 0.0383659363420549
260.0 0.017831484068661 0.0415783320788928
280.0 0.02621910119981789 0.04479307156573071
300.0 0.025498821516220814 0.048010154802568615
320.0 0.028386311540732623 0.051229581789406516
340.0 0.02319289966306238 0.05445135252624444
360.0 0.03092432654011416 0.057675467013082335
380.0 0.03110634395295845 0.060901925249920226
400.0 0.030268811393798268 0.06413072723675817
