0.5 0.00027415886522812617 1.2161499444016147e-12
1.0 0.00047988337198185023 1.9458399110425865e-11
1.5 0.0008162926519270311 9.850814549653072e-11
2.0 0.0012811461684579775 3.113343857668134e-10
2.5 0.0015075297325375192 7.600937152510092e-10
3.0 0.0013623865945818756 1.5761303279444922e-09
3.5 0.004718502103317751 2.919976016508279e-09
4.0 0.004990269300657479 4.9813501722690215e-09
4.5 0.006294492244065201 7.979159785218995e-09
5.0 0.009114676096207803 1.2161499444016142e-08
5.5 0.005240341273056009 1.7805651335984038e-08
6.0 0.007916365624434478 2.5218085247111865e-08
6.5 0.0063175063823708915 3.473445856205451e-08
7.0 0.012941638476797246 4.67196162641325e-08
7.5 0.01946921424669724 6.156759093533175e-08
8.0 0.005376273765152522 7.970160275630422e-08
8.5 0.011798851303815885 1.0157405950636733e-07
9.0 0.012787636073010202 1.27666556563504e-07
9.5 0.0193281385952208 1.5848987690436293e-07
10.0 0.011586153777192222 1.9458399110425836e-07
