δ=10000.0
ΩR=1.0000000000000002
Ωprime=1.0000000000000002
62831853071.79586
628318530.7179587
628318530.7179587
99.99999999999999
4.999999999999999e-07
0
6.079616590410851e-20
0.9995486142987602
-------
1
2.4318466361643404e-19
0.9983553081586126
-------
2
5.471654931369764e-19
0.9953638107527102
-------
3
9.727386544657362e-19
0.9919073683211299
-------
4
1.5199041476027129e-18
0.9878844987312205
-------
5
2.1886619725479057e-18
0.9712027460294929
-------
6
2.979012129301317e-18
0.9757584535953419
-------
7
3.8909546178629446e-18
0.9451310154105652
-------
8
4.924489438232789e-18
0.9478257226924215
-------
9
6.0796165904108515e-18
0.9110282868139103
-------
10
7.356336074397129e-18
0.898790658047789
-------
11
8.754647890191623e-18
0.878029441360791
-------
12
1.027455203779434e-17
0.7749446226820172
-------
13
1.1916048517205268e-17
0.7530643888572808
-------
14
1.3679137328424412e-17
0.710118644223928
-------
15
