δ=10000.0
ΩR=1.0000000000000002
Ωprime=1.0000000000000002
62831853071.79586
628318530.7179587
628318530.7179587
99.99999999999999
4.999999999999999e-07
0
6.079616590410851e-20
0.9998763176838283
-------
1
2.4318466361643404e-19
0.9990827346597545
-------
2
5.471654931369764e-19
0.9986307993862493
-------
3
9.727386544657362e-19
0.9975610276721075
-------
4
1.5199041476027129e-18
0.9942889400135976
-------
5
2.1886619725479057e-18
0.9903967906142163
-------
6
2.979012129301317e-18
0.9847365477918766
-------
7
3.8909546178629446e-18
0.9876128380914249
-------
8
4.924489438232789e-18
0.9786221869487172
-------
9
6.0796165904108515e-18
0.9755354404185715
-------
10
7.356336074397129e-18
0.9592945681108915
-------
11
8.754647890191623e-18
0.9400026246928209
-------
12
1.027455203779434e-17
0.938905133441072
-------
13
1.1916048517205268e-17
0.9087404100555168
-------
14
1.3679137328424412e-17
0.9254824343732421
-------
15
1.5563818471451778e-17
0.8805259290734241
-------
16
1.757009194628736e-17
0.8474104048414133
-------
17
1.9697957752931156e-17
0.8565814106960021
-------
18
2.1947415891383168e-17
0.8669183668161184
-------
19
2.4318466361643406e-17
0.8290802421952944
-------
