δ=10000.0
ΩR=1.0000000000000002
Ωprime=1.0000000000000002
62831853071.79586
628318530.7179587
628318530.7179587
99.99999999999999
4.999999999999999e-07
0
6.0796165904108515e-18
0.9999956397846123
-------
1
2.4318466361643406e-17
0.9999847786202191
-------
2
5.4716549313697666e-17
0.9999455767978724
-------
3
9.727386544657362e-17
0.9998425405117669
-------
4
1.5199041476027131e-16
0.9999389628509013
-------
5
2.1886619725479066e-16
0.9998138194396698
-------
6
2.9790121293013173e-16
0.9998102636912677
-------
7
3.890954617862945e-16
0.9996358840369203
-------
8
4.924489438232788e-16
0.9995956581722958
-------
9
6.079616590410853e-16
0.9993854790683664
-------
10
7.356336074397129e-16
0.999428142026918
-------
11
8.7546478901916265e-16
0.9990692723512692
-------
12
1.0274552037794338e-15
0.9987252538464937
-------
13
1.191604851720527e-15
0.9993811217792951
-------
14
1.3679137328424415e-15
0.9985030405747742
-------
15
1.556381847145178e-15
0.997899512119221
-------
16
1.7570091946287361e-15
0.9986660388355728
-------
17
1.9697957752931152e-15
0.9984273465001319
-------
18
2.1947415891383173e-15
0.9977519955806934
-------
19
2.431846636164341e-15
0.9971936571119522
-------
