δ=10000.0
ΩR=1.0000000000000002
Ωprime=1.0000000000000002
62831853071.79586
628318530.7179587
628318530.7179587
99.99999999999999
4.999999999999999e-07
0
6.0796165904108515e-18
0.9999996519123823
-------
1
2.4318466361643406e-17
0.9999990891280556
-------
2
5.4716549313697666e-17
0.9999976239388555
-------
3
9.727386544657362e-17
0.9999958326417574
-------
4
1.5199041476027131e-16
0.9999889075566832
-------
5
2.1886619725479066e-16
0.9999913771984558
-------
6
2.9790121293013173e-16
0.9999843930221046
-------
7
3.890954617862945e-16
0.9999804999914123
-------
8
4.924489438232788e-16
0.9999693629073306
-------
9
6.079616590410853e-16
0.9999742401659808
-------
10
7.356336074397129e-16
0.9999511794618847
-------
11
8.7546478901916265e-16
0.9999416741315634
-------
12
1.0274552037794338e-15
0.9999251447641032
-------
13
1.191604851720527e-15
0.9999537889549148
-------
14
1.3679137328424415e-15
0.9999380594394518
-------
15
1.556381847145178e-15
0.9999122177472446
-------
16
