δ=10000.0
ΩR=1.0000000000000002
Ωprime=1.0000000000000002
62831853071.79586
628318530.7179587
628318530.7179587
99.99999999999999
4.999999999999999e-07
0
6.079616590410851e-20
0.9996052931996042
-------
1
2.4318466361643404e-19
0.9985607469324751
-------
2
5.471654931369764e-19
0.9969122557976344
-------
3
9.727386544657362e-19
0.9910611525470885
-------
4
1.5199041476027129e-18
0.986488328832947
-------
5
2.1886619725479057e-18
0.9831513798979437
-------
6
2.979012129301317e-18
0.9723987687999545
-------
7
3.8909546178629446e-18
0.94304114763864
-------
8
4.924489438232789e-18
0.9432689103043161
-------
9
6.0796165904108515e-18
0.8995322102500126
-------
10
7.356336074397129e-18
0.8869129501065833
-------
11
8.754647890191623e-18
0.855337244942114
-------
12
1.027455203779434e-17
0.8097319171163543
-------
13
1.1916048517205268e-17
0.7569360215822221
-------
14
1.3679137328424412e-17
0.7237645215169315
-------
15
