δ=10000.0
ΩR=1.0000000000000002
Ωprime=1.0000000000000002
62831853071.79586
628318530.7179587
628318530.7179587
99.99999999999999
4.999999999999999e-07
0
6.0796165904108515e-18
0.9999995062169185
-------
1
2.4318466361643406e-17
0.9999988097176316
-------
2
5.4716549313697666e-17
0.9999943314670579
-------
3
9.727386544657362e-17
0.999995953238079
-------
4
1.5199041476027131e-16
0.9999927921638768
-------
5
2.1886619725479066e-16
0.9999889810548336
-------
6
2.9790121293013173e-16
0.9999848703480526
-------
7
3.890954617862945e-16
0.9999793131766213
-------
8
4.924489438232788e-16
0.9999852462652142
-------
9
6.079616590410853e-16
0.9999524385233222
-------
10
7.356336074397129e-16
0.9999546492857132
-------
11
8.7546478901916265e-16
0.999963265857159
-------
12
1.0274552037794338e-15
0.9999623058464467
-------
13
1.191604851720527e-15
0.9999217962943346
-------
14
1.3679137328424415e-15
0.9999451992527953
-------
15
1.556381847145178e-15
0.9999394450860825
-------
16
