δ=10000.0
ΩR=1.0000000000000002
Ωprime=1.0000000000000002
62831853071.79586
628318530.7179587
628318530.7179587
99.99999999999999
4.999999999999999e-07
0
6.0796165904108515e-18
0.999993326218587
-------
1
2.4318466361643406e-17
0.9999817882430562
-------
2
5.4716549313697666e-17
0.9999595197052387
-------
3
9.727386544657362e-17
0.9999272634215776
-------
4
1.5199041476027131e-16
0.999874283856946
-------
5
2.1886619725479066e-16
0.999867883964609
-------
6
2.9790121293013173e-16
0.9996416423638804
-------
7
3.890954617862945e-16
0.9996355723839354
-------
8
4.924489438232788e-16
0.9996048205964055
-------
9
6.079616590410853e-16
0.9995202793088521
-------
10
7.356336074397129e-16
0.9993038149163621
-------
11
8.7546478901916265e-16
0.9993843905860789
-------
12
1.0274552037794338e-15
0.9991583162100288
-------
13
1.191604851720527e-15
0.9990826107662681
-------
14
1.3679137328424415e-15
0.9990661283165766
-------
15
1.556381847145178e-15
0.9988754506133906
-------
16
1.7570091946287361e-15
0.9984254844239089
-------
17
1.9697957752931152e-15
0.9982780562383841
-------
18
2.1947415891383173e-15
0.9979467451919836
-------
19
2.431846636164341e-15
0.9976968761160411
-------
