δ=10000.0
ΩR=1.0000000000000002
Ωprime=1.0000000000000002
62831853071.79586
628318530.7179587
628318530.7179587
99.99999999999999
4.999999999999999e-07
0
6.079616590410851e-20
0.9997457815379036
-------
1
2.4318466361643404e-19
0.9995181203455642
-------
2
5.471654931369764e-19
0.9983376501517642
-------
3
9.727386544657362e-19
0.9920863193795924
-------
4
1.5199041476027129e-18
0.9948677363885806
-------
5
2.1886619725479057e-18
0.9893012179388341
-------
6
2.979012129301317e-18
0.9864799982798349
-------
7
3.8909546178629446e-18
0.9913404283234865
-------
8
4.924489438232789e-18
0.9737162620312905
-------
9
6.0796165904108515e-18
0.9678330965881587
-------
10
7.356336074397129e-18
0.9703232263992928
-------
11
8.754647890191623e-18
0.9575158985630032
-------
12
1.027455203779434e-17
0.9478719189891432
-------
13
1.1916048517205268e-17
0.9158536389867348
-------
14
1.3679137328424412e-17
0.9287107330943001
-------
15
1.5563818471451778e-17
0.8526725973145344
-------
16
1.757009194628736e-17
0.8440419420518135
-------
17
1.9697957752931156e-17
0.8350579620179758
-------
18
2.1947415891383168e-17
0.8208018901124938
-------
19
2.4318466361643406e-17
0.8283179185685154
-------
