δ=10000.0
ΩR=1.0000000000000002
Ωprime=1.0000000000000002
62831853071.79586
628318530.7179587
628318530.7179587
99.99999999999999
4.999999999999999e-07
0
1.2159233180821702e-19
0.9997778096607914
-------
1
4.863693272328681e-19
0.9987908378612578
-------
2
1.0943309862739529e-18
0.9973270330919193
-------
3
1.9454773089314723e-18
0.9937323145773717
-------
4
3.0398082952054257e-18
0.9919645184301966
-------
5
4.3773239450958114e-18
0.9869558744764444
-------
6
5.958024258602634e-18
0.9839859628109785
-------
7
7.781909235725889e-18
0.9435422728982318
-------
8
9.848978876465578e-18
0.9718799735215788
-------
9
1.2159233180821703e-17
0.856112079997094
-------
10
1.4712672148794258e-17
0.7590136399431142
-------
11
1.7509295780383246e-17
0.5622042966223555
-------
12
