δ=10000.0
ΩR=1.0000000000000002
Ωprime=1.0000000000000002
62831853071.79586
628318530.7179587
628318530.7179587
99.99999999999999
4.999999999999999e-07
0
1.2159233180821702e-19
0.9991664779422482
-------
1
4.863693272328681e-19
0.9970148522276054
-------
2
1.0943309862739529e-18
0.9947516003149014
-------
3
1.9454773089314723e-18
0.9901226086093928
-------
4
3.0398082952054257e-18
0.9770432404177163
-------
5
4.3773239450958114e-18
0.974717862502622
-------
6
5.958024258602634e-18
0.9767907908123012
-------
7
7.781909235725889e-18
0.8922010700273221
-------
8
9.848978876465578e-18
0.8303165224966844
-------
9
