δ=10000.0
ΩR=1.0000000000000002
Ωprime=1.0000000000000002
62831853071.79586
628318530.7179587
628318530.7179587
99.99999999999999
4.999999999999999e-07
0
3.0398082952054257e-18
0.9989933084550975
-------
1
1.2159233180821703e-17
0.9972188016718235
-------
2
2.7358274656848833e-17
0.9945865636454525
-------
3
4.863693272328681e-17
0.9892636773208968
-------
4
7.599520738013566e-17
0.9830248838789294
-------
5
1.0943309862739533e-16
0.9813758920197118
-------
6
1.4895060646506587e-16
0.9688467198173601
-------
7
1.9454773089314725e-16
0.942575800024138
-------
8
4.924489438232788e-16
0.8635693203549033
-------
9
6.079616590410853e-16
0.8504443239496923
-------
10
7.356336074397129e-16
0.8746454436878346
-------
11
