δ=10000.0
ΩR=1.0000000000000002
Ωprime=1.0000000000000002
62831853071.79586
628318530.7179587
628318530.7179587
99.99999999999999
4.999999999999999e-07
0
3.0398082952054257e-18
0.9975599060081188
-------
1
1.2159233180821703e-17
0.9937581061949431
-------
2
2.7358274656848833e-17
0.9746554818249268
-------
3
4.863693272328681e-17
0.9650362088771762
-------
4
7.599520738013566e-17
0.901859430539918
-------
5
1.0943309862739533e-16
0.945507671119328
-------
6
1.4895060646506587e-16
0.897578114682925
-------
7
1.9454773089314725e-16
0.9247974377390832
-------
