δ=10000.0
ΩR=1.0000000000000002
Ωprime=1.0000000000000002
62831853071.79586
628318530.7179587
628318530.7179587
99.99999999999999
4.999999999999999e-07
0
1.2159233180821702e-19
0.9995093306275816
0.0005439280497717724
0.000800574684564706
-------
1
4.863693272328681e-19
0.996242097267069
0.003595637368788532
0.005129486365453732
-------
2
1.0943309862739529e-18
0.9945821498939423
0.007778272047310347
0.011905557398118608
-------
3
1.9454773089314723e-18
0.9906765152943943
0.007676463547271142
0.01014819597011075
-------
4
3.0398082952054257e-18
0.9834867217722394
0.016192708664344243
0.022685957594724176
-------
5
4.3773239450958114e-18
0.9783664583044704
0.027422601772475828
0.04378780228740284
-------
6
5.958024258602634e-18
0.9745441683198467
0.014704112536633002
0.015413104675418546
-------
7
7.781909235725889e-18
0.9018753306701508
0.18369090309363523
0.4486635245587223
-------
