δ=10000.0
ΩR=1.0000000000000002
Ωprime=1.0000000000000002
62831853071.79586
628318530.7179587
628318530.7179587
99.99999999999999
4.999999999999999e-07
0
1.2159233180821702e-19
0.9997041291820283
0.00022903049570328486
0.0003607936675033688
-------
1
4.863693272328681e-19
0.9987429111914783
0.0018520102762474438
0.0031510352089595688
-------
2
1.0943309862739529e-18
0.9970614298112643
0.003286223546037852
0.005212519330505701
-------
3
1.9454773089314723e-18
0.9949022285559805
0.003841188344118202
0.005737861029803773
-------
4
3.0398082952054257e-18
0.9923242503366861
0.004985106394837897
0.004840315021408322
-------
5
4.3773239450958114e-18
0.989983450063012
0.009699934076148619
0.013824904985586505
-------
6
5.958024258602634e-18
0.9934932332049196
0.006035481620871136
0.008656032370868467
-------
7
7.781909235725889e-18
0.9743957223602829
0.030995400541346908
0.04638520241450387
-------
