0
0.011846863585507357
3.7997603690067835e-17
0.9881531364144926
-------
1
0.013165395655920287
1.8998801845033917e-17
0.9868346043440797
-------
2
0.01122315274512989
1.2665867896689278e-17
0.9887768472548701
-------
3
0.010851344152725519
9.499400922516959e-18
0.9891486558472745
-------
4
0.009419655077564247
7.599520738013567e-18
0.9905803449224357
-------
5
0.008756419585607831
6.332933948344639e-18
0.9912435804143922
-------
6
0.008225527488855912
5.428229098581119e-18
0.991774472511144
-------
7
0.007876337718879798
4.749700461258479e-18
0.9921236622811203
-------
8
0.005937514590119961
4.2219559655630925e-18
0.9940624854098801
-------
9
0.005778677654423434
3.799760369006784e-18
0.9942213223455766
-------
10
0.004565420786746394
3.4543276081879847e-18
0.9954345792132536
-------
11
0.005349988760222707
3.1664669741723196e-18
0.9946500112397773
-------
12
0.004096122533980738
2.92289259154368e-18
0.9959038774660193
-------
13
0.0031999074838276837
2.7141145492905596e-18
0.9968000925161723
-------
14
0.004401192787810312
2.5331735793378555e-18
0.9955988072121897
-------
15
0.003048008578406376
2.3748502306292397e-18
0.9969519914215936
-------
16
0.003525283982404591
2.235153158239285e-18
0.9964747160175954
-------
17
0.003433633850504867
2.1109779827815462e-18
0.9965663661494951
-------
18
0.0029573514134233346
1.9998738784246227e-18
0.9970426485865767
-------
19
0.0030524972766161084
1.899880184503392e-18
0.9969475027233838
-------
