0
0.012366415299039929
3.799760369006785e-15
0.9876335847009601
-------
1
0.012599476383973483
1.8998801845033923e-15
0.9874005236160265
-------
2
0.011706882415548679
1.2665867896689282e-15
0.9882931175844514
-------
3
0.011214394203225146
9.499400922516962e-16
0.9887856057967749
-------
4
0.011118261336484843
7.599520738013568e-16
0.9888817386635151
-------
5
0.011951118513172588
6.332933948344641e-16
0.9880488814868275
-------
6
0.011515805985275223
5.42822909858112e-16
0.9884841940147248
-------
7
0.012593019319865015
4.749700461258481e-16
0.987406980680135
-------
8
0.01283553507674787
4.2219559655630936e-16
0.9871644649232522
-------
9
0.012561337646574442
3.799760369006784e-16
0.9874386623534256
-------
10
0.011300585014993557
3.4543276081879864e-16
0.9886994149850065
-------
11
0.011300049141515394
3.1664669741723205e-16
0.9886999508584846
-------
12
0.012470389287202574
2.92289259154368e-16
0.9875296107127974
-------
13
0.011502666258712354
2.71411454929056e-16
0.9884973337412877
-------
14
0.012099154606690811
2.533173579337856e-16
0.9879008453933091
-------
15
0.011353506999093054
2.3748502306292404e-16
0.9886464930009069
-------
16
0.013558480444528915
2.235153158239285e-16
0.9864415195554711
-------
17
0.012217967482307992
2.1109779827815468e-16
0.987782032517692
-------
18
0.011220112013552726
1.999873878424623e-16
0.9887798879864472
-------
19
0.012286690152618301
1.899880184503392e-16
0.9877133098473817
-------
20
0.011125844771949429
1.80940969952704e-16
0.9888741552280506
-------
21
0.012726165218007677
1.7271638040939932e-16
0.9872738347819924
-------
22
0.012173534043356965
1.6520697256551236e-16
0.987826465956643
-------
23
0.01356913485222865
1.5832334870861603e-16
0.9864308651477713
-------
24
0.011894039492353858
1.519904147602714e-16
0.9881059605076461
-------
25
0.012358072441724675
1.46144629577184e-16
0.9876419275582753
-------
26
0.011677104956437973
1.4073186551876978e-16
0.9883228950435621
-------
27
0.012472462395886954
1.35705727464528e-16
0.987527537604113
-------
28
0.011089830802246545
1.310262196209236e-16
0.9889101691977534
-------
29
0.011250827797332361
1.266586789668928e-16
0.9887491722026677
-------
30
0.011520246035639501
1.225729151292511e-16
0.9884797539643605
-------
31
0.012121578332542508
1.1874251153146202e-16
0.9878784216674575
-------
32
0.012588043949437801
1.151442536062662e-16
0.9874119560505622
-------
33
0.01311401819608954
1.1175765791196426e-16
0.9868859818039104
-------
34
0.012951964917239094
1.0856458197162243e-16
0.987048035082761
-------
35
0.012229283095656882
1.0554889913907734e-16
0.9877707169043431
-------
36
0.012774814025193877
1.0269622618937256e-16
0.9872251859748061
-------
37
0.012381732947072255
9.999369392123115e-17
0.9876182670529278
-------
38
0.012438815001014616
9.742975305145601e-17
0.9875611849989854
-------
39
0.011493053324281317
9.49940092251696e-17
0.9885069466757187
-------
