0
0.002997034948530623
3.799760369006785e-15
0.9970029650514693
-------
1
0.002990448764453554
1.8998801845033923e-15
0.9970095512355465
-------
2
0.003499407470615081
1.2665867896689282e-15
0.9965005925293849
-------
3
0.0033567684900268264
9.499400922516962e-16
0.9966432315099731
-------
4
0.003072457637247069
7.599520738013568e-16
0.9969275423627529
-------
5
0.0032695161868776844
6.332933948344641e-16
0.9967304838131223
-------
6
0.0029148363565616895
5.42822909858112e-16
0.9970851636434384
-------
7
0.0025116761576899284
4.749700461258481e-16
0.9974883238423101
-------
8
0.002650489237881225
4.2219559655630936e-16
0.9973495107621188
-------
9
0.0031471754345939883
3.799760369006784e-16
0.996852824565406
-------
10
0.0030446405703721956
3.4543276081879864e-16
0.9969553594296278
-------
11
0.003232087994851128
3.1664669741723205e-16
0.9967679120051489
-------
12
0.002919796892163486
2.92289259154368e-16
0.9970802031078365
-------
13
0.0028506313977451343
2.71411454929056e-16
0.9971493686022549
-------
14
0.002851255066032814
2.533173579337856e-16
0.9971487449339672
-------
15
0.0032457806207289285
2.3748502306292404e-16
0.9967542193792711
-------
16
0.003430481770850472
2.235153158239285e-16
0.9965695182291495
-------
17
0.00314824757287737
2.1109779827815468e-16
0.9968517524271227
-------
18
0.0027344895911292732
1.999873878424623e-16
0.9972655104088707
-------
19
0.0031678487265296065
1.899880184503392e-16
0.9968321512734704
-------
20
0.002583682335169442
1.80940969952704e-16
0.9974163176648305
-------
21
0.0033662156831567635
1.7271638040939932e-16
0.9966337843168432
-------
22
0.002928927347498001
1.6520697256551236e-16
0.9970710726525019
-------
23
0.0031902168470510322
1.5832334870861603e-16
0.996809783152949
-------
24
0.003254693464176351
1.519904147602714e-16
0.9967453065358236
-------
25
0.0025926493843289305
1.46144629577184e-16
0.9974073506156711
-------
26
0.0031336988904617138
1.4073186551876978e-16
0.9968663011095383
-------
27
0.0028039706569283375
1.35705727464528e-16
0.9971960293430716
-------
28
0.0030912856240581533
1.310262196209236e-16
0.9969087143759419
-------
29
0.002987329094325537
1.266586789668928e-16
0.9970126709056745
-------
30
0.0030072521579944996
1.225729151292511e-16
0.9969927478420055
-------
31
0.003446982195876842
1.1874251153146202e-16
0.9965530178041232
-------
32
0.0028594512649191394
1.151442536062662e-16
0.9971405487350808
-------
33
0.0030746195332330257
1.1175765791196426e-16
0.9969253804667669
-------
34
0.002970536718062248
1.0856458197162243e-16
0.9970294632819378
-------
35
0.003217285079898443
1.0554889913907734e-16
0.9967827149201015
-------
36
0.0029590246826622646
1.0269622618937256e-16
0.9970409753173377
-------
37
0.0032235803407067187
9.999369392123115e-17
0.9967764196592933
-------
38
0.00286138386733865
9.742975305145601e-17
0.9971386161326613
-------
39
0.0032300663013326947
9.49940092251696e-17
0.9967699336986673
-------
