tpi=2
0
1.0174472200216425e-06
4.452808039507425e-05
0.99999898255278
-------
1
4.199271548800768e-06
4.452808039507425e-05
0.9999958007284512
-------
2
9.75974106055393e-06
4.4528080395074256e-05
0.9999902402589395
-------
3
2.0928174286570304e-05
4.452808039507425e-05
0.9999790718257134
-------
4
2.8474775257553468e-05
4.452808039507425e-05
0.9999715252247424
-------
5
3.564457424470511e-05
4.4528080395074256e-05
0.9999643554257553
-------
6
5.741407103567315e-05
4.452808039507425e-05
0.9999425859289643
-------
7
7.613704736593376e-05
4.452808039507425e-05
0.999923862952634
-------
8
0.00010018252044536233
4.452808039507424e-05
0.9998998174795546
-------
9
0.00012215030831292658
4.452808039507425e-05
0.999877849691687
-------
10
0.00011230096603984486
4.452808039507425e-05
0.9998876990339601
-------
11
0.00016733277062762494
4.4528080395074256e-05
0.9998326672293724
-------
12
0.00018504617162614026
4.4528080395074256e-05
0.9998149538283738
-------
13
0.00021329241615519946
4.452808039507425e-05
0.9997867075838448
-------
14
0.00028344769372404374
4.452808039507425e-05
0.999716552306276
-------
15
0.00024332124923417232
4.452808039507425e-05
0.9997566787507658
-------
16
0.0002640180024447051
4.4528080395074256e-05
0.9997359819975553
-------
17
0.00038576755863759595
4.452808039507424e-05
0.9996142324413624
-------
18
0.0004091860084191638
4.452808039507425e-05
0.9995908139915808
-------
19
0.0003823656384617552
4.452808039507425e-05
0.9996176343615383
-------
20
0.0004548766419631308
4.452808039507425e-05
0.9995451233580369
-------
21
0.00045663654180917815
4.452808039507425e-05
0.9995433634581908
-------
22
0.0004443988792458788
4.452808039507425e-05
0.9995556011207541
-------
23
0.0005313455083082565
4.4528080395074256e-05
0.9994686544916918
-------
24
0.0005732394852185109
4.4528080395074256e-05
0.9994267605147815
-------
25
0.0006480548446795267
4.4528080395074256e-05
0.9993519451553204
-------
26
0.0006289165077124962
4.452808039507425e-05
0.9993710834922875
-------
27
0.0006246550149736492
4.452808039507425e-05
0.9993753449850263
-------
28
0.0007022541202705936
4.452808039507425e-05
0.9992977458797294
-------
29
0.0006769085067315411
4.452808039507425e-05
0.9993230914932685
-------
30
0.0006300079623643482
4.4528080395074256e-05
0.9993699920376357
-------
31
0.0005779016039334913
4.452808039507425e-05
0.9994220983960665
-------
32
0.0007166420237708675
4.452808039507425e-05
0.9992833579762291
-------
33
0.0007580129837833568
4.4528080395074256e-05
0.9992419870162167
-------
34
0.0005695030755942715
4.452808039507424e-05
0.9994304969244058
-------
35
0.0007526483850603965
4.452808039507424e-05
0.9992473516149396
-------
36
0.00069183486043916
4.452808039507425e-05
0.9993081651395609
-------
37
0.0006833647223441079
4.452808039507425e-05
0.9993166352776559
-------
38
0.0006482867572378464
4.4528080395074256e-05
0.9993517132427622
-------
39
0.0006651641327012988
4.452808039507425e-05
0.9993348358672987
-------
40
0.0005993468149795045
4.452808039507425e-05
0.9994006531850205
-------
41
0.0005779466892060859
4.452808039507425e-05
0.9994220533107939
-------
42
0.0005699818712608826
4.4528080395074256e-05
0.9994300181287391
-------
43
0.000517533394382328
4.452808039507425e-05
0.9994824666056177
-------
44
0.0005210741138673888
4.452808039507425e-05
0.9994789258861326
-------
45
0.0004951131928028738
4.452808039507425e-05
0.9995048868071972
-------
46
0.00039250177265492416
4.452808039507425e-05
0.9996074982273451
-------
47
0.000411302914022189
4.4528080395074256e-05
0.9995886970859779
-------
48
0.0003603333968851839
4.452808039507425e-05
0.9996396666031148
-------
49
0.0003848573278452749
4.4528080395074256e-05
0.9996151426721547
-------
50
0.00028028140402748156
4.452808039507425e-05
0.9997197185959725
-------
51
0.0002578045684050723
4.4528080395074256e-05
0.9997421954315949
-------
52
0.0002478863222960242
4.4528080395074256e-05
0.999752113677704
-------
53
0.00020782432996615543
4.452808039507425e-05
0.9997921756700339
-------
54
0.00018217660442985587
4.4528080395074256e-05
0.9998178233955701
-------
55
0.00016615403560786966
4.452808039507425e-05
0.9998338459643922
-------
56
0.00014428851033649513
4.452808039507425e-05
0.9998557114896635
-------
57
0.0001091214893617995
4.452808039507425e-05
0.9998908785106382
-------
58
7.69354784370121e-05
4.452808039507425e-05
0.999923064521563
-------
59
5.943947858507199e-05
4.452808039507425e-05
0.9999405605214149
-------
60
4.484635804818388e-05
4.452808039507425e-05
0.9999551536419519
-------
61
3.280483449970505e-05
4.4528080395074256e-05
0.9999671951655003
-------
62
2.465391665648742e-05
4.452808039507425e-05
0.9999753460833435
-------
63
1.7121191280586884e-05
4.452808039507425e-05
0.9999828788087194
-------
64
8.504528007817256e-06
4.452808039507425e-05
0.9999914954719922
-------
65
3.877010096486291e-06
4.452808039507425e-05
0.9999961229899035
-------
66
1.3059264631045684e-06
4.452808039507425e-05
0.9999986940735369
-------
67
9.981713736356856e-08
4.4528080395074256e-05
0.9999999001828627
-------
68
2.763789412819918e-07
4.452808039507425e-05
0.9999997236210587
-------
69
1.4728018691978904e-06
4.452808039507424e-05
0.9999985271981308
-------
70
3.834775866824797e-06
4.4528080395074256e-05
0.9999961652241331
-------
71
6.910777258326065e-06
4.452808039507424e-05
0.9999930892227417
-------
72
1.1173004233975029e-05
4.4528080395074256e-05
0.9999888269957661
-------
73
1.3691497737592226e-05
4.452808039507425e-05
0.9999863085022624
-------
74
1.6147675178295132e-05
4.452808039507425e-05
0.9999838523248217
-------
75
2.2321978645014523e-05
4.452808039507425e-05
0.999977678021355
-------
76
2.900130869752748e-05
4.4528080395074256e-05
0.9999709986913025
-------
77
2.899475259264885e-05
4.4528080395074256e-05
0.9999710052474073
-------
78
3.0358954103966365e-05
4.452808039507425e-05
0.999969641045896
-------
79
3.8706844324604805e-05
4.452808039507425e-05
0.9999612931556754
-------
