tpi=2
0
7.63423602449043e-10
4.452808039507425e-05
0.9999999992365763
-------
1
1.4338907599551058e-08
4.452808039507425e-05
0.9999999856610924
-------
2
7.25362518440218e-08
4.4528080395074256e-05
0.9999999274637481
-------
3
2.3723506294112865e-07
4.452808039507425e-05
0.9999997627649371
-------
4
6.749656941441639e-07
4.452808039507425e-05
0.9999993250343059
-------
5
1.4651128694853356e-06
4.4528080395074256e-05
0.9999985348871305
-------
6
2.5914044454774494e-06
4.452808039507425e-05
0.9999974085955545
-------
7
3.81748348738812e-06
4.452808039507425e-05
0.9999961825165126
-------
8
6.680978172808065e-06
4.452808039507424e-05
0.9999933190218272
-------
9
9.56017281730986e-06
4.452808039507425e-05
0.9999904398271827
-------
10
1.3379771663578353e-05
4.452808039507425e-05
0.9999866202283364
-------
11
1.4406392195375162e-05
4.4528080395074256e-05
0.9999855936078046
-------
12
2.343975895565803e-05
4.4528080395074256e-05
0.9999765602410443
-------
13
3.183714011953521e-05
4.452808039507425e-05
0.9999681628598804
-------
14
4.260157042291408e-05
4.452808039507425e-05
0.9999573984295771
-------
15
4.2375975982389e-05
4.452808039507425e-05
0.9999576240240177
-------
16
5.892127382415853e-05
4.4528080395074256e-05
0.9999410787261759
-------
17
7.677608941145696e-05
4.452808039507424e-05
0.9999232239105885
-------
18
8.234478080710807e-05
4.452808039507425e-05
0.9999176552191928
-------
19
8.307740431381351e-05
4.452808039507425e-05
0.9999169225956862
-------
20
0.00010846224997636223
4.452808039507425e-05
0.9998915377500236
-------
21
0.0001359289388775222
4.452808039507425e-05
0.9998640710611225
-------
22
0.00017891662058633622
4.452808039507425e-05
0.9998210833794137
-------
23
0.000155994604882644
4.4528080395074256e-05
0.9998440053951173
-------
24
0.00020208724865741578
4.4528080395074256e-05
0.9997979127513426
-------
25
0.0002410104951683917
4.4528080395074256e-05
0.9997589895048317
-------
26
0.00023447195985425596
4.452808039507425e-05
0.9997655280401457
-------
27
0.00020053749818291778
4.452808039507425e-05
0.9997994625018171
-------
28
0.0002467736347582622
4.452808039507425e-05
0.9997532263652418
-------
29
0.00024599474285586604
4.452808039507425e-05
0.9997540052571441
-------
30
0.00035109332058216994
4.4528080395074256e-05
0.9996489066794179
-------
31
0.00033233925069981076
4.452808039507425e-05
0.9996676607493001
-------
32
0.0004121981929866647
4.452808039507425e-05
0.9995878018070133
-------
33
0.00035251050113718215
4.4528080395074256e-05
0.9996474894988628
-------
34
0.00036770172213093313
4.452808039507424e-05
0.999632298277869
-------
35
0.0002995306174893499
4.452808039507424e-05
0.9997004693825107
-------
36
0.0003224931174935616
4.452808039507425e-05
0.9996775068825065
-------
37
0.00039104453338901954
4.452808039507425e-05
0.999608955466611
-------
38
0.00032187949252796043
4.4528080395074256e-05
0.9996781205074721
-------
39
0.0003158065479966191
4.452808039507425e-05
0.9996841934520034
-------
40
0.00037662403684775677
4.452808039507425e-05
0.9996233759631522
-------
41
0.0003486149386325599
4.452808039507425e-05
0.9996513850613674
-------
42
0.00038389554124965906
4.4528080395074256e-05
0.9996161044587504
-------
43
0.00030075682786832647
4.452808039507425e-05
0.9996992431721317
-------
44
0.00037158079021464257
4.452808039507425e-05
0.9996284192097854
-------
45
0.0003010782113466289
4.452808039507425e-05
0.9996989217886534
-------
46
0.0002592719917018173
4.452808039507425e-05
0.9997407280082982
-------
47
0.00026085623298802667
4.4528080395074256e-05
0.999739143767012
-------
48
0.0002700169689998066
4.452808039507425e-05
0.9997299830310002
-------
49
0.00022736615346741248
4.4528080395074256e-05
0.9997726338465326
-------
50
0.0002069276889853881
4.452808039507425e-05
0.9997930723110147
-------
51
0.0002109748796365141
4.4528080395074256e-05
0.9997890251203635
-------
52
0.00017955590887244784
4.4528080395074256e-05
0.9998204440911276
-------
53
0.00013480711029152849
4.452808039507425e-05
0.9998651928897084
-------
54
0.00011825879139015356
4.4528080395074256e-05
0.9998817412086098
-------
55
0.00010966336961647685
4.452808039507425e-05
0.9998903366303835
-------
56
9.564261506329606e-05
4.452808039507425e-05
0.9999043573849367
-------
57
8.679678653543322e-05
4.452808039507425e-05
0.9999132032134646
-------
58
5.802209814908428e-05
4.452808039507425e-05
0.9999419779018509
-------
59
5.1505389069963214e-05
4.452808039507425e-05
0.99994849461093
-------
60
3.657465994895968e-05
4.452808039507425e-05
0.999963425340051
-------
61
2.3026981876909632e-05
4.4528080395074256e-05
0.999976973018123
-------
62
1.8298050068394167e-05
4.452808039507425e-05
0.9999817019499316
-------
63
1.3197013462671381e-05
4.452808039507425e-05
0.9999868029865373
-------
64
6.79469083032487e-06
4.452808039507425e-05
0.9999932053091697
-------
65
3.7023673722362e-06
4.452808039507425e-05
0.9999962976326278
-------
66
1.1510120750804649e-06
4.452808039507425e-05
0.9999988489879249
-------
67
2.6001625641347807e-07
4.4528080395074256e-05
0.9999997399837436
-------
68
3.9883548115505114e-07
4.452808039507425e-05
0.9999996011645188
-------
69
1.5246702536025496e-06
4.452808039507424e-05
0.9999984753297464
-------
70
2.8403284507338374e-06
4.4528080395074256e-05
0.9999971596715492
-------
71
6.010765931164449e-06
4.452808039507424e-05
0.9999939892340688
-------
72
9.034363117463032e-06
4.4528080395074256e-05
0.9999909656368825
-------
73
1.0671712983438743e-05
4.452808039507425e-05
0.9999893282870166
-------
74
1.708521803471342e-05
4.452808039507425e-05
0.9999829147819653
-------
75
2.0495069058648275e-05
4.452808039507425e-05
0.9999795049309413
-------
76
1.928393627352673e-05
4.4528080395074256e-05
0.9999807160637265
-------
77
2.3574798326960038e-05
4.4528080395074256e-05
0.9999764252016731
-------
78
3.313018390549737e-05
4.452808039507425e-05
0.9999668698160945
-------
79
2.9911147322100525e-05
4.452808039507425e-05
0.9999700888526779
-------
