tpi=1
0
1.221606083201329e-07
4.452808039507425e-05
0.9999998778393917
-------
1
4.450924437931998e-07
4.452808039507425e-05
0.9999995549075562
-------
2
1.0210339126675001e-06
4.4528080395074256e-05
0.9999989789660874
-------
3
1.6027763623026493e-06
4.452808039507425e-05
0.9999983972236377
-------
4
3.0273744312110934e-06
4.452808039507425e-05
0.9999969726255687
-------
5
4.876228049414223e-06
4.4528080395074256e-05
0.9999951237719505
-------
6
5.734896962665853e-06
4.452808039507425e-05
0.9999942651030373
-------
7
7.616508461160923e-06
4.452808039507425e-05
0.9999923834915388
-------
8
8.819517699238087e-06
4.452808039507424e-05
0.9999911804823007
-------
9
1.3231460857027361e-05
4.452808039507425e-05
0.9999867685391429
-------
10
1.2031598944174043e-05
4.452808039507425e-05
0.9999879684010559
-------
11
1.5427167235060388e-05
4.4528080395074256e-05
0.999984572832765
-------
12
2.0273890183476984e-05
4.4528080395074256e-05
0.9999797261098166
-------
13
2.2281774716300133e-05
4.452808039507425e-05
0.9999777182252837
-------
14
2.5716001637164033e-05
4.452808039507425e-05
0.9999742839983629
-------
15
2.857855608889885e-05
4.452808039507425e-05
0.999971421443911
-------
16
3.6632092947573606e-05
4.4528080395074256e-05
0.9999633679070524
-------
17
3.579967750597987e-05
4.452808039507424e-05
0.999964200322494
-------
18
3.983223622194679e-05
4.452808039507425e-05
0.999960167763778
-------
19
4.1985287788889465e-05
4.452808039507425e-05
0.9999580147122111
-------
20
4.335966885481374e-05
4.452808039507425e-05
0.9999566403311452
-------
21
5.220967719761636e-05
4.452808039507425e-05
0.9999477903228023
-------
22
4.738191392441346e-05
4.452808039507425e-05
0.9999526180860756
-------
23
5.185578062131784e-05
4.4528080395074256e-05
0.9999481442193787
-------
24
6.16750507438177e-05
4.4528080395074256e-05
0.9999383249492562
-------
25
5.023078472089201e-05
4.4528080395074256e-05
0.9999497692152791
-------
26
6.589062955333026e-05
4.452808039507425e-05
0.9999341093704467
-------
27
6.637366635449183e-05
4.452808039507425e-05
0.9999336263336455
-------
28
6.647260611130005e-05
4.452808039507425e-05
0.9999335273938887
-------
29
6.669170130548633e-05
4.452808039507425e-05
0.9999333082986945
-------
30
8.90166144569398e-05
4.4528080395074256e-05
0.9999109833855431
-------
31
7.349956752056534e-05
4.452808039507425e-05
0.9999265004324794
-------
32
8.555891774754442e-05
4.452808039507425e-05
0.9999144410822525
-------
33
9.340572254093254e-05
4.4528080395074256e-05
0.9999065942774591
-------
34
8.034920620875083e-05
4.452808039507424e-05
0.9999196507937913
-------
35
9.553749042874425e-05
4.452808039507424e-05
0.9999044625095712
-------
36
8.443442497583067e-05
4.452808039507425e-05
0.9999155655750241
-------
37
9.673352590735031e-05
4.452808039507425e-05
0.9999032664740927
-------
38
9.791911337987604e-05
4.4528080395074256e-05
0.9999020808866201
-------
39
8.133742254994653e-05
4.452808039507425e-05
0.9999186625774501
-------
40
0.00011744640802462385
4.452808039507425e-05
0.9998825535919754
-------
41
0.00010909808346879448
4.452808039507425e-05
0.9998909019165312
-------
42
0.00010691531494447716
4.4528080395074256e-05
0.9998930846850556
-------
43
0.00011172933488373702
4.452808039507425e-05
0.9998882706651162
-------
44
0.0001234112415371624
4.452808039507425e-05
0.9998765887584629
-------
45
9.244848807769276e-05
4.452808039507425e-05
0.9999075515119223
-------
46
0.0001099868721142585
4.452808039507425e-05
0.9998900131278857
-------
47
0.00010024690900092147
4.4528080395074256e-05
0.9998997530909991
-------
48
9.229823556151401e-05
4.452808039507425e-05
0.9999077017644384
-------
49
0.00011697761304899104
4.4528080395074256e-05
0.999883022386951
-------
50
9.773253598693129e-05
4.452808039507425e-05
0.9999022674640131
-------
51
9.573837693227162e-05
4.4528080395074256e-05
0.9999042616230678
-------
52
0.00010780395027407113
4.4528080395074256e-05
0.9998921960497259
-------
53
8.995096522261745e-05
4.452808039507425e-05
0.9999100490347774
-------
54
9.403769635306917e-05
4.4528080395074256e-05
0.9999059623036469
-------
55
9.041737670940717e-05
4.452808039507425e-05
0.9999095826232905
-------
56
0.000104419582758364
4.452808039507425e-05
0.9998955804172416
-------
57
8.230402588338851e-05
4.452808039507425e-05
0.9999176959741166
-------
58
7.715753665635501e-05
4.452808039507425e-05
0.9999228424633436
-------
59
9.432935765191882e-05
4.452808039507425e-05
0.999905670642348
-------
60
9.097206343406855e-05
4.452808039507425e-05
0.9999090279365659
-------
61
8.024121902751414e-05
4.4528080395074256e-05
0.9999197587809725
-------
62
7.968167849576182e-05
4.452808039507425e-05
0.9999203183215042
-------
63
7.477527389186402e-05
4.452808039507425e-05
0.9999252247261081
-------
64
7.53704017662648e-05
4.452808039507425e-05
0.9999246295982337
-------
65
7.862933195319666e-05
4.452808039507425e-05
0.9999213706680468
-------
66
5.5063512607445584e-05
4.452808039507425e-05
0.9999449364873926
-------
67
6.96640099717817e-05
4.4528080395074256e-05
0.9999303359900282
-------
68
6.646024835141189e-05
4.452808039507425e-05
0.9999335397516486
-------
69
6.699235432002102e-05
4.452808039507424e-05
0.9999330076456799
-------
70
5.6157486955403475e-05
4.4528080395074256e-05
0.9999438425130446
-------
71
4.956609668232021e-05
4.452808039507424e-05
0.9999504339033177
-------
72
4.846003814155503e-05
4.4528080395074256e-05
0.9999515399618585
-------
73
4.957361670665872e-05
4.452808039507425e-05
0.9999504263832933
-------
74
3.798488167973999e-05
4.452808039507425e-05
0.9999620151183203
-------
75
3.4775143654117456e-05
4.452808039507425e-05
0.9999652248563459
-------
76
3.502439309166698e-05
4.4528080395074256e-05
0.9999649756069083
-------
77
3.517457829392735e-05
4.4528080395074256e-05
0.9999648254217061
-------
78
2.9409416267877263e-05
4.452808039507425e-05
0.9999705905837322
-------
79
3.759745034014415e-05
4.452808039507425e-05
0.9999624025496598
-------
