tpi=2
0
1.213083785519866e-06
4.452808039507425e-05
0.9999987869162145
-------
1
5.810077618841208e-06
4.452808039507425e-05
0.9999941899223812
-------
2
1.0621880094033667e-05
4.4528080395074256e-05
0.999989378119906
-------
3
1.8968033735339997e-05
4.452808039507425e-05
0.9999810319662646
-------
4
2.7600100153852676e-05
4.452808039507425e-05
0.9999723998998461
-------
5
3.86723846014234e-05
4.4528080395074256e-05
0.9999613276153986
-------
6
5.8255973977441996e-05
4.452808039507425e-05
0.9999417440260225
-------
7
6.560237707662658e-05
4.452808039507425e-05
0.9999343976229234
-------
8
0.00010675737135278647
4.452808039507424e-05
0.9998932426286472
-------
9
0.00011153633062508895
4.452808039507425e-05
0.9998884636693749
-------
10
0.00014269064795655216
4.452808039507425e-05
0.9998573093520434
-------
11
0.00017940889630154117
4.4528080395074256e-05
0.9998205911036985
-------
12
0.0002093315681420434
4.4528080395074256e-05
0.9997906684318579
-------
13
0.0002304780063745976
4.452808039507425e-05
0.9997695219936255
-------
14
0.00026488187878350204
4.452808039507425e-05
0.9997351181212165
-------
15
0.00024688398977385347
4.452808039507425e-05
0.9997531160102261
-------
16
0.000318519977136808
4.4528080395074256e-05
0.9996814800228632
-------
17
0.00037386612831241304
4.452808039507424e-05
0.9996261338716876
-------
18
0.0003378260057741239
4.452808039507425e-05
0.9996621739942259
-------
19
0.0003972910665833375
4.452808039507425e-05
0.9996027089334166
-------
20
0.00042238478388184793
4.452808039507425e-05
0.9995776152161181
-------
21
0.00045919585584781197
4.452808039507425e-05
0.9995408041441521
-------
22
0.00047573452101993456
4.452808039507425e-05
0.9995242654789801
-------
23
0.000534840607973264
4.4528080395074256e-05
0.9994651593920267
-------
24
0.0005565824743838372
4.4528080395074256e-05
0.9994434175256162
-------
25
0.0005500972601190722
4.4528080395074256e-05
0.9994499027398809
-------
26
0.0005795422916193443
4.452808039507425e-05
0.9994204577083806
-------
27
0.0006792435362747501
4.452808039507425e-05
0.9993207564637252
-------
28
0.0006767399656499083
4.452808039507425e-05
0.9993232600343501
-------
29
0.0006432406801566707
4.452808039507425e-05
0.9993567593198434
-------
30
0.0006836209589998214
4.4528080395074256e-05
0.9993163790410001
-------
31
0.0006988874506399403
4.452808039507425e-05
0.99930111254936
-------
32
0.0008071852179036124
4.452808039507425e-05
0.9991928147820964
-------
33
0.0007109209752543088
4.4528080395074256e-05
0.9992890790247457
-------
34
0.0006661201452408819
4.452808039507424e-05
0.9993338798547591
-------
35
0.0006681481469689895
4.452808039507424e-05
0.999331851853031
-------
36
0.0008173129340313778
4.452808039507425e-05
0.9991826870659686
-------
37
0.0006591805551620908
4.452808039507425e-05
0.9993408194448379
-------
38
0.0006840138381685599
4.4528080395074256e-05
0.9993159861618315
-------
39
0.0006619227980149174
4.452808039507425e-05
0.9993380772019851
-------
40
0.0005861000874227137
4.452808039507425e-05
0.9994138999125773
-------
41
0.000509944077371853
4.452808039507425e-05
0.9994900559226282
-------
42
0.0005306998812125282
4.4528080395074256e-05
0.9994693001187874
-------
43
0.0005103510891287168
4.452808039507425e-05
0.9994896489108713
-------
44
0.00045511185375422244
4.452808039507425e-05
0.9995448881462458
-------
45
0.00048626400536056684
4.452808039507425e-05
0.9995137359946394
-------
46
0.00046713602579505673
4.452808039507425e-05
0.9995328639742049
-------
47
0.00035160321472062
4.4528080395074256e-05
0.9996483967852794
-------
48
0.00039637182412815273
4.452808039507425e-05
0.9996036281758719
-------
49
0.0003881730497609405
4.4528080395074256e-05
0.9996118269502391
-------
50
0.0002791994306594401
4.452808039507425e-05
0.9997208005693405
-------
51
0.00023421158359163821
4.4528080395074256e-05
0.9997657884164084
-------
52
0.00024023507772778546
4.4528080395074256e-05
0.9997597649222723
-------
53
0.00022488491098995994
4.452808039507425e-05
0.9997751150890101
-------
54
0.0001884252611585873
4.4528080395074256e-05
0.9998115747388414
-------
55
0.00013811902623584571
4.452808039507425e-05
0.9998618809737642
-------
56
0.00012115698639162705
4.452808039507425e-05
0.9998788430136084
-------
57
0.00011231616123528253
4.452808039507425e-05
0.9998876838387647
-------
58
8.783914196432612e-05
4.452808039507425e-05
0.9999121608580357
-------
59
6.456282211971163e-05
4.452808039507425e-05
0.9999354371778802
-------
60
4.8260488937444685e-05
4.452808039507425e-05
0.9999517395110625
-------
61
3.355685755888623e-05
4.4528080395074256e-05
0.9999664431424411
-------
62
2.3863772709402077e-05
4.452808039507425e-05
0.9999761362272906
-------
63
1.511877896548107e-05
4.452808039507425e-05
0.9999848812210346
-------
64
7.661662703969686e-06
4.452808039507425e-05
0.9999923383372961
-------
65
4.695015274621565e-06
4.452808039507425e-05
0.9999953049847253
-------
66
1.2395189193528628e-06
4.452808039507425e-05
0.9999987604810806
-------
67
1.0404033320591212e-07
4.4528080395074256e-05
0.9999998959596668
-------
68
3.059628120914359e-07
4.452808039507425e-05
0.9999996940371879
-------
69
1.6870108398290605e-06
4.452808039507424e-05
0.9999983129891602
-------
70
4.2085237053423245e-06
4.4528080395074256e-05
0.9999957914762947
-------
71
6.376528588058649e-06
4.452808039507424e-05
0.999993623471412
-------
72
9.60234819694117e-06
4.4528080395074256e-05
0.9999903976518031
-------
73
1.4254821564022452e-05
4.452808039507425e-05
0.999985745178436
-------
74
1.9067577840365467e-05
4.452808039507425e-05
0.9999809324221597
-------
75
2.1294394482543212e-05
4.452808039507425e-05
0.9999787056055175
-------
76
2.305368894028486e-05
4.4528080395074256e-05
0.9999769463110597
-------
77
2.9781529058217254e-05
4.4528080395074256e-05
0.9999702184709418
-------
78
2.8187087115722757e-05
4.452808039507425e-05
0.9999718129128843
-------
79
3.447568035236683e-05
4.452808039507425e-05
0.9999655243196476
-------
