tpi=2
0
1.1067195829196097e-09
4.452808039507425e-05
0.9999999988932804
-------
1
1.4895220705480356e-08
4.452808039507425e-05
0.9999999851047793
-------
2
6.821826230710508e-08
4.4528080395074256e-05
0.9999999317817377
-------
3
2.75654237305343e-07
4.452808039507425e-05
0.9999997243457627
-------
4
6.145358907794101e-07
4.452808039507425e-05
0.9999993854641093
-------
5
1.0920232711801647e-06
4.4528080395074256e-05
0.9999989079767289
-------
6
2.6196643671593706e-06
4.452808039507425e-05
0.9999973803356328
-------
7
3.4551500964087643e-06
4.452808039507425e-05
0.9999965448499036
-------
8
6.150751477251588e-06
4.452808039507424e-05
0.9999938492485227
-------
9
9.016653577834804e-06
4.452808039507425e-05
0.9999909833464221
-------
10
1.4480876324191017e-05
4.452808039507425e-05
0.9999855191236758
-------
11
1.828534625420623e-05
4.4528080395074256e-05
0.9999817146537457
-------
12
2.2163958601780986e-05
4.4528080395074256e-05
0.9999778360413982
-------
13
3.0959279073431844e-05
4.452808039507425e-05
0.9999690407209265
-------
14
3.801383482748059e-05
4.452808039507425e-05
0.9999619861651725
-------
15
5.304635988296863e-05
4.452808039507425e-05
0.999946953640117
-------
16
7.94727834601675e-05
4.4528080395074256e-05
0.9999205272165398
-------
17
7.735652520561795e-05
4.452808039507424e-05
0.9999226434747944
-------
18
7.424603538702399e-05
4.452808039507425e-05
0.999925753964613
-------
19
0.00011089738948592996
4.452808039507425e-05
0.9998891026105141
-------
20
0.00013293331696665218
4.452808039507425e-05
0.9998670666830334
-------
21
0.0001090887410008295
4.452808039507425e-05
0.9998909112589992
-------
22
0.00016265476864621724
4.452808039507425e-05
0.9998373452313538
-------
23
0.00016645756328458798
4.4528080395074256e-05
0.9998335424367154
-------
24
0.00019237008366147182
4.4528080395074256e-05
0.9998076299163385
-------
25
0.00018981073546859252
4.4528080395074256e-05
0.9998101892645314
-------
26
0.000228052280839676
4.452808039507425e-05
0.9997719477191603
-------
27
0.00022942944191307145
4.452808039507425e-05
0.9997705705580869
-------
28
0.0002720951957884965
4.452808039507425e-05
0.9997279048042115
-------
29
0.0003329924297355653
4.452808039507425e-05
0.9996670075702644
-------
30
0.00029607484044542843
4.4528080395074256e-05
0.9997039251595545
-------
31
0.0003543834136239449
4.452808039507425e-05
0.9996456165863761
-------
32
0.000307136726252372
4.452808039507425e-05
0.9996928632737476
-------
33
0.00031697950909208956
4.4528080395074256e-05
0.999683020490908
-------
34
0.0003529173760969004
4.452808039507424e-05
0.9996470826239031
-------
35
0.0003253623953779865
4.452808039507424e-05
0.999674637604622
-------
36
0.0003663341979465975
4.452808039507425e-05
0.9996336658020534
-------
37
0.0003519373920433215
4.452808039507425e-05
0.9996480626079567
-------
38
0.0003685034260027836
4.4528080395074256e-05
0.9996314965739972
-------
39
0.0004420946323164376
4.452808039507425e-05
0.9995579053676835
-------
40
0.0003857291954618319
4.452808039507425e-05
0.9996142708045381
-------
41
0.00032539710987329254
4.452808039507425e-05
0.9996746028901267
-------
42
0.0003231070247729199
4.4528080395074256e-05
0.9996768929752271
-------
43
0.0002996079241886128
4.452808039507425e-05
0.9997003920758114
-------
44
0.00032014439588708783
4.452808039507425e-05
0.9996798556041129
-------
45
0.0002995666670886245
4.452808039507425e-05
0.9997004333329114
-------
46
0.00029413154772204767
4.452808039507425e-05
0.9997058684522779
-------
47
0.00030481871961995845
4.4528080395074256e-05
0.99969518128038
-------
48
0.00027415105793359004
4.452808039507425e-05
0.9997258489420664
-------
49
0.0002615012115037585
4.4528080395074256e-05
0.9997384987884962
-------
50
0.00019122937933167854
4.452808039507425e-05
0.9998087706206683
-------
51
0.00020684402134330378
4.4528080395074256e-05
0.9997931559786567
-------
52
0.00014416861051860487
4.4528080395074256e-05
0.9998558313894814
-------
53
0.0001406706542616653
4.452808039507425e-05
0.9998593293457383
-------
54
0.0001264075853024185
4.4528080395074256e-05
0.9998735924146975
-------
55
0.0001120279024640763
4.452808039507425e-05
0.9998879720975359
-------
56
9.91763399153784e-05
4.452808039507425e-05
0.9999008236600846
-------
57
7.102615529990731e-05
4.452808039507425e-05
0.9999289738447001
-------
58
6.386953656095292e-05
4.452808039507425e-05
0.9999361304634391
-------
59
4.3379761870038526e-05
4.452808039507425e-05
0.9999566202381299
-------
60
5.344748601199099e-05
4.452808039507425e-05
0.999946552513988
-------
61
2.2755243562372424e-05
4.4528080395074256e-05
0.9999772447564377
-------
62
2.4018237001496037e-05
4.452808039507425e-05
0.9999759817629985
-------
63
1.2044388749831122e-05
4.452808039507425e-05
0.9999879556112502
-------
64
7.0411800856996535e-06
4.452808039507425e-05
0.9999929588199143
-------
65
3.5168438455826914e-06
4.452808039507425e-05
0.9999964831561544
-------
66
1.1888867713468421e-06
4.452808039507425e-05
0.9999988111132286
-------
67
3.1397879555171245e-07
4.4528080395074256e-05
0.9999996860212045
-------
68
3.971037538866595e-07
4.452808039507425e-05
0.9999996028962461
-------
69
1.3240417776721102e-06
4.452808039507424e-05
0.9999986759582223
-------
70
3.346427921479913e-06
4.4528080395074256e-05
0.9999966535720786
-------
71
5.602558015005407e-06
4.452808039507424e-05
0.999994397441985
-------
72
8.611486704851103e-06
4.4528080395074256e-05
0.9999913885132952
-------
73
1.020726984353577e-05
4.452808039507425e-05
0.9999897927301564
-------
74
1.559959838476209e-05
4.452808039507425e-05
0.9999844004016153
-------
75
1.729567490750999e-05
4.452808039507425e-05
0.9999827043250925
-------
76
2.3506695578713634e-05
4.4528080395074256e-05
0.9999764933044213
-------
77
2.1078285688774833e-05
4.4528080395074256e-05
0.9999789217143112
-------
78
2.6679985269925135e-05
4.452808039507425e-05
0.99997332001473
-------
79
3.304032919984499e-05
4.452808039507425e-05
0.9999669596708002
-------
