tpi=1
0
1.4141645296303503e-07
4.452808039507425e-05
0.999999858583547
-------
1
4.665336697971499e-07
4.452808039507425e-05
0.9999995334663302
-------
2
1.0047515231560632e-06
4.4528080395074256e-05
0.9999989952484768
-------
3
1.7236684108134874e-06
4.452808039507425e-05
0.9999982763315892
-------
4
3.003315723463805e-06
4.452808039507425e-05
0.9999969966842766
-------
5
3.881117915875664e-06
4.4528080395074256e-05
0.9999961188820842
-------
6
4.6392030143593526e-06
4.452808039507425e-05
0.9999953607969856
-------
7
7.37769885561283e-06
4.452808039507425e-05
0.9999926223011444
-------
8
8.632211811426593e-06
4.452808039507424e-05
0.9999913677881885
-------
9
1.179486354914286e-05
4.452808039507425e-05
0.9999882051364508
-------
10
1.3501930671962754e-05
4.452808039507425e-05
0.999986498069328
-------
11
1.8129892824757253e-05
4.4528080395074256e-05
0.9999818701071752
-------
12
2.0622798313677466e-05
4.4528080395074256e-05
0.9999793772016863
-------
13
2.3311752352939464e-05
4.452808039507425e-05
0.9999766882476471
-------
14
2.8330448923511762e-05
4.452808039507425e-05
0.9999716695510765
-------
15
2.712358479464827e-05
4.452808039507425e-05
0.9999728764152054
-------
16
3.1061819132630655e-05
4.4528080395074256e-05
0.9999689381808674
-------
17
3.299172934845463e-05
4.452808039507424e-05
0.9999670082706515
-------
18
4.131242454993623e-05
4.452808039507425e-05
0.99995868757545
-------
19
4.642043433860822e-05
4.452808039507425e-05
0.9999535795656614
-------
20
4.6306639067314435e-05
4.452808039507425e-05
0.9999536933609326
-------
21
5.158405656721375e-05
4.452808039507425e-05
0.9999484159434328
-------
22
4.698454286033538e-05
4.452808039507425e-05
0.9999530154571397
-------
23
5.7971057543704866e-05
4.4528080395074256e-05
0.9999420289424563
-------
24
6.797142518051012e-05
4.4528080395074256e-05
0.9999320285748194
-------
25
6.200370535857767e-05
4.4528080395074256e-05
0.9999379962946414
-------
26
5.664005383981469e-05
4.452808039507425e-05
0.9999433599461602
-------
27
6.41996617951853e-05
4.452808039507425e-05
0.9999358003382048
-------
28
7.118583777206608e-05
4.452808039507425e-05
0.9999288141622279
-------
29
7.876425069249925e-05
4.452808039507425e-05
0.9999212357493075
-------
30
9.277667814169371e-05
4.4528080395074256e-05
0.9999072233218583
-------
31
9.202124153553305e-05
4.452808039507425e-05
0.9999079787584645
-------
32
6.900578716772232e-05
4.452808039507425e-05
0.9999309942128323
-------
33
8.507322332971514e-05
4.4528080395074256e-05
0.9999149267766703
-------
34
8.78652691671007e-05
4.452808039507424e-05
0.9999121347308328
-------
35
8.846411812058752e-05
4.452808039507424e-05
0.9999115358818794
-------
36
9.347269174382048e-05
4.452808039507425e-05
0.9999065273082561
-------
37
9.417090429201292e-05
4.452808039507425e-05
0.999905829095708
-------
38
8.698865884885322e-05
4.4528080395074256e-05
0.9999130113411512
-------
39
0.00010172782653691374
4.452808039507425e-05
0.999898272173463
-------
40
9.227265978208929e-05
4.452808039507425e-05
0.9999077273402179
-------
41
0.00010065594891910404
4.452808039507425e-05
0.9998993440510809
-------
42
0.00011354892050284008
4.4528080395074256e-05
0.9998864510794971
-------
43
0.00011218083909045937
4.452808039507425e-05
0.9998878191609095
-------
44
0.00010390543440197465
4.452808039507425e-05
0.999896094565598
-------
45
0.0001056294426365388
4.452808039507425e-05
0.9998943705573634
-------
46
9.767918598465876e-05
4.452808039507425e-05
0.9999023208140153
-------
47
9.031809162574615e-05
4.4528080395074256e-05
0.9999096819083743
-------
48
0.0001155355576160734
4.452808039507425e-05
0.9998844644423839
-------
49
0.00010223513827714685
4.4528080395074256e-05
0.9998977648617229
-------
50
9.534301451418458e-05
4.452808039507425e-05
0.9999046569854858
-------
51
8.972013083911161e-05
4.4528080395074256e-05
0.9999102798691609
-------
52
9.241727738466925e-05
4.4528080395074256e-05
0.9999075827226154
-------
53
0.00010900620901176217
4.452808039507425e-05
0.9998909937909882
-------
54
0.00010962806731982897
4.4528080395074256e-05
0.9998903719326802
-------
55
0.00010771781335446186
4.452808039507425e-05
0.9998922821866455
-------
56
0.00010012190826337332
4.452808039507425e-05
0.9998998780917366
-------
57
9.829900181773084e-05
4.452808039507425e-05
0.9999017009981823
-------
58
0.0001044794655067368
4.452808039507425e-05
0.9998955205344933
-------
59
8.666109083789886e-05
4.452808039507425e-05
0.9999133389091621
-------
60
8.082889154245602e-05
4.452808039507425e-05
0.9999191711084575
-------
61
8.762687281681243e-05
4.4528080395074256e-05
0.9999123731271832
-------
62
8.78429705537094e-05
4.452808039507425e-05
0.9999121570294462
-------
63
6.90673307188204e-05
4.452808039507425e-05
0.9999309326692811
-------
64
6.444865732335948e-05
4.452808039507425e-05
0.9999355513426766
-------
65
6.317406533211492e-05
4.452808039507425e-05
0.9999368259346679
-------
66
6.317758153949722e-05
4.452808039507425e-05
0.9999368224184605
-------
67
6.056933042969941e-05
4.4528080395074256e-05
0.9999394306695703
-------
68
5.886931974381707e-05
4.452808039507425e-05
0.9999411306802561
-------
69
6.255058916745044e-05
4.452808039507424e-05
0.9999374494108325
-------
70
5.8691580972650045e-05
4.4528080395074256e-05
0.9999413084190274
-------
71
5.805523146907045e-05
4.452808039507424e-05
0.9999419447685309
-------
72
5.6724468145116986e-05
4.4528080395074256e-05
0.9999432755318549
-------
73
4.5312791836319125e-05
4.452808039507425e-05
0.9999546872081637
-------
74
3.620655131871903e-05
4.452808039507425e-05
0.9999637934486812
-------
75
3.604937975123915e-05
4.452808039507425e-05
0.9999639506202488
-------
76
3.8171794058193104e-05
4.4528080395074256e-05
0.9999618282059418
-------
77
2.8872122716594736e-05
4.4528080395074256e-05
0.9999711278772834
-------
78
3.0798239806699155e-05
4.452808039507425e-05
0.9999692017601933
-------
79
2.6085714654328264e-05
4.452808039507425e-05
0.9999739142853457
-------
