tpi=1
0
0.0001507441772335772
4.452808039507425e-05
0.9998492558227664
-------
1
0.00013908949238406517
4.452808039507425e-05
0.9998609105076159
-------
2
0.00012492336065900723
4.4528080395074256e-05
0.9998750766393409
-------
3
0.0001012463463310541
4.452808039507425e-05
0.999898753653669
-------
4
0.00014875463926822713
4.452808039507425e-05
0.9998512453607318
-------
5
0.00012404342111922096
4.4528080395074256e-05
0.9998759565788807
-------
6
0.00013831974534943124
4.452808039507425e-05
0.9998616802546506
-------
7
0.00013375102947569745
4.452808039507425e-05
0.9998662489705243
-------
8
0.00013604877008108632
4.452808039507424e-05
0.9998639512299189
-------
9
0.0001186811823357588
4.452808039507425e-05
0.9998813188176643
-------
10
0.00011050032745720178
4.452808039507425e-05
0.9998894996725428
-------
11
0.0001345517670503507
4.4528080395074256e-05
0.9998654482329496
-------
12
0.0001563659961800512
4.4528080395074256e-05
0.9998436340038199
-------
13
0.0001369524126262297
4.452808039507425e-05
0.9998630475873738
-------
14
0.00011971588295851932
4.452808039507425e-05
0.9998802841170414
-------
15
0.00016329839639198353
4.452808039507425e-05
0.999836701603608
-------
16
0.00012415502524876186
4.4528080395074256e-05
0.9998758449747512
-------
17
0.00013035545623559864
4.452808039507424e-05
0.9998696445437644
-------
18
0.00011156909509083808
4.452808039507425e-05
0.9998884309049092
-------
19
0.0001318350529936561
4.452808039507425e-05
0.9998681649470064
-------
20
0.0001108696006595729
4.452808039507425e-05
0.9998891303993405
-------
21
0.00012328262007615286
4.452808039507425e-05
0.9998767173799239
-------
22
0.00013917960593363813
4.452808039507425e-05
0.9998608203940663
-------
23
0.00011671130536786113
4.4528080395074256e-05
0.9998832886946322
-------
24
0.00010614087936337792
4.4528080395074256e-05
0.9998938591206367
-------
25
0.00012727483484992544
4.4528080395074256e-05
0.99987272516515
-------
26
0.00010532863903787321
4.452808039507425e-05
0.9998946713609621
-------
27
9.927870485748617e-05
4.452808039507425e-05
0.9999007212951425
-------
28
0.00010249269935373946
4.452808039507425e-05
0.9998975073006463
-------
29
9.041378015263161e-05
4.452808039507425e-05
0.9999095862198474
-------
30
0.00010193235699983993
4.4528080395074256e-05
0.9998980676430002
-------
31
9.511074744363871e-05
4.452808039507425e-05
0.9999048892525564
-------
32
9.981716769132085e-05
4.452808039507425e-05
0.9999001828323086
-------
33
8.955393438937497e-05
4.4528080395074256e-05
0.9999104460656106
-------
34
8.093017743876118e-05
4.452808039507424e-05
0.9999190698225613
-------
35
8.40715743364934e-05
4.452808039507424e-05
0.9999159284256635
-------
36
7.713730773368671e-05
4.452808039507425e-05
0.9999228626922663
-------
37
8.60310141815995e-05
4.452808039507425e-05
0.9999139689858184
-------
38
7.897110030166313e-05
4.4528080395074256e-05
0.9999210288996984
-------
39
7.340093714353397e-05
4.452808039507425e-05
0.9999265990628564
-------
40
6.797165627167045e-05
4.452808039507425e-05
0.9999320283437283
-------
41
6.1722435440486e-05
4.452808039507425e-05
0.9999382775645596
-------
42
6.74979763048457e-05
4.4528080395074256e-05
0.9999325020236951
-------
43
7.00420327571793e-05
4.452808039507425e-05
0.9999299579672428
-------
44
6.563889158662278e-05
4.452808039507425e-05
0.9999343611084134
-------
45
5.84696026943671e-05
4.452808039507425e-05
0.9999415303973056
-------
46
5.2012779982410076e-05
4.452808039507425e-05
0.9999479872200175
-------
47
4.341984984598977e-05
4.4528080395074256e-05
0.999956580150154
-------
48
5.4385017380465355e-05
4.452808039507425e-05
0.9999456149826196
-------
49
4.8319568358855845e-05
4.4528080395074256e-05
0.9999516804316412
-------
50
4.9231974351767383e-05
4.452808039507425e-05
0.9999507680256482
-------
51
4.9576495560376705e-05
4.4528080395074256e-05
0.9999504235044396
-------
52
3.917506347453411e-05
4.4528080395074256e-05
0.9999608249365255
-------
53
3.076245103626632e-05
4.452808039507425e-05
0.9999692375489637
-------
54
3.18747819132872e-05
4.4528080395074256e-05
0.9999681252180868
-------
55
3.832944173130149e-05
4.452808039507425e-05
0.9999616705582687
-------
56
3.118238974605185e-05
4.452808039507425e-05
0.9999688176102539
-------
57
2.7955490209433097e-05
4.452808039507425e-05
0.9999720445097906
-------
58
2.6774677327668892e-05
4.452808039507425e-05
0.9999732253226723
-------
59
2.3969364836002602e-05
4.452808039507425e-05
0.999976030635164
-------
60
3.1841574424857285e-05
4.452808039507425e-05
0.9999681584255752
-------
61
2.463660603596528e-05
4.4528080395074256e-05
0.9999753633939641
-------
62
2.4870660192863933e-05
4.452808039507425e-05
0.9999751293398071
-------
63
2.483620052373842e-05
4.452808039507425e-05
0.9999751637994763
-------
64
2.1297928684478304e-05
4.452808039507425e-05
0.9999787020713156
-------
65
1.839737606315426e-05
4.452808039507425e-05
0.9999816026239369
-------
66
1.7115931240956006e-05
4.452808039507425e-05
0.999982884068759
-------
67
1.5240058766191894e-05
4.4528080395074256e-05
0.9999847599412338
-------
68
1.124886660276839e-05
4.452808039507425e-05
0.9999887511333972
-------
69
1.4005308197710819e-05
4.452808039507424e-05
0.9999859946918023
-------
70
1.1974651279063773e-05
4.4528080395074256e-05
0.9999880253487209
-------
71
1.0403318839696265e-05
4.452808039507424e-05
0.9999895966811603
-------
72
9.390900491001655e-06
4.4528080395074256e-05
0.999990609099509
-------
73
8.45950252006316e-06
4.452808039507425e-05
0.99999154049748
-------
74
9.119489332770413e-06
4.452808039507425e-05
0.9999908805106672
-------
75
9.874663308285975e-06
4.452808039507425e-05
0.9999901253366917
-------
76
7.390924282356009e-06
4.4528080395074256e-05
0.9999926090757176
-------
77
6.596487890889962e-06
4.4528080395074256e-05
0.9999934035121091
-------
78
4.999984405349601e-06
4.452808039507425e-05
0.9999950000155946
-------
79
6.131034246257139e-06
4.452808039507425e-05
0.9999938689657537
-------
