tpi=1
0
0.9998134919910439
4.452808039507425e-05
0.00018650800895614328
-------
1
0.9998292605114135
4.452808039507425e-05
0.00017073948858647991
-------
2
0.9997969544255508
4.4528080395074256e-05
0.0002030455744491677
-------
3
0.9998233928429292
4.452808039507425e-05
0.0001766071570707961
-------
4
0.9998339482198978
4.452808039507425e-05
0.00016605178010220545
-------
5
0.9998339275470665
4.4528080395074256e-05
0.00016607245293354111
-------
6
0.9998115323954295
4.452808039507425e-05
0.00018846760457047473
-------
7
0.99980381807294
4.452808039507425e-05
0.0001961819270599463
-------
8
0.9997843754503374
4.452808039507424e-05
0.00021562454966261857
-------
9
0.9997931303876277
4.452808039507425e-05
0.00020686961237226242
-------
10
0.9998171269297716
4.452808039507425e-05
0.00018287307022835098
-------
11
0.9998037183435159
4.4528080395074256e-05
0.00019628165648410967
-------
12
0.9997978904004312
4.4528080395074256e-05
0.00020210959956878938
-------
13
0.9997968094944131
4.452808039507425e-05
0.00020319050558692542
-------
14
0.9997874244963545
4.452808039507425e-05
0.00021257550364550681
-------
15
0.9997902614109639
4.452808039507425e-05
0.00020973858903605702
-------
16
0.9998070226405976
4.4528080395074256e-05
0.0001929773594023798
-------
17
0.999809342118607
4.452808039507424e-05
0.00019065788139305262
-------
18
0.9998112119176716
4.452808039507425e-05
0.00018878808232836164
-------
19
0.9998064607593037
4.452808039507425e-05
0.00019353924069631656
-------
20
0.9997944490702798
4.452808039507425e-05
0.0002055509297201885
-------
21
0.9997995507669603
4.452808039507425e-05
0.0002004492330397456
-------
22
0.9997985973259742
4.452808039507425e-05
0.0002014026740257968
-------
23
0.9998017763784361
4.4528080395074256e-05
0.00019822362156385331
-------
24
0.999797566797032
4.4528080395074256e-05
0.00020243320296797762
-------
25
0.999774136933818
4.4528080395074256e-05
0.00022586306618199714
-------
26
0.9998004924257156
4.452808039507425e-05
0.000199507574284441
-------
27
0.9998002368806249
4.452808039507425e-05
0.00019976311937508484
-------
28
0.9997946151369246
4.452808039507425e-05
0.0002053848630754196
-------
29
0.9997843500709708
4.452808039507425e-05
0.00021564992902922686
-------
30
0.9998046369148565
4.4528080395074256e-05
0.0001953630851434518
-------
31
0.9997742621114597
4.452808039507425e-05
0.00022573788854030052
-------
32
0.9997734509577363
4.452808039507425e-05
0.00022654904226371286
-------
33
0.9998015179463475
4.4528080395074256e-05
0.00019848205365247118
-------
34
0.9997804168697315
4.452808039507424e-05
0.00021958313026848586
-------
35
0.9997819496710304
4.452808039507424e-05
0.00021805032896959897
-------
36
0.999797181921252
4.452808039507425e-05
0.00020281807874800162
-------
37
0.9997848312115858
4.452808039507425e-05
0.0002151687884142106
-------
38
0.9997648411659412
4.4528080395074256e-05
0.00023515883405877958
-------
39
0.9997798159589706
4.452808039507425e-05
0.00022018404102941425
-------
40
0.9997973899958226
4.452808039507425e-05
0.00020261000417742814
-------
41
0.9997860135732695
4.452808039507425e-05
0.00021398642673053914
-------
42
0.9997804889105751
4.4528080395074256e-05
0.00021951108942486197
-------
43
0.9998052016679077
4.452808039507425e-05
0.00019479833209234965
-------
44
0.999785586074344
4.452808039507425e-05
0.0002144139256560207
-------
45
0.9998078560951608
4.452808039507425e-05
0.00019214390483923705
-------
46
0.9998078116407058
4.452808039507425e-05
0.00019218835929424305
-------
47
0.9998140660650321
4.4528080395074256e-05
0.0001859339349679079
-------
48
0.9997962934024952
4.452808039507425e-05
0.00020370659750479359
-------
49
0.9998131677459949
4.4528080395074256e-05
0.00018683225400506487
-------
50
0.9997912229064225
4.452808039507425e-05
0.00020877709357747243
-------
51
0.9998170864442354
4.4528080395074256e-05
0.00018291355576460777
-------
52
0.9998096690085825
4.4528080395074256e-05
0.00019033099141751997
-------
53
0.999819058537918
4.452808039507425e-05
0.00018094146208202933
-------
54
0.999824203390261
4.4528080395074256e-05
0.00017579660973898736
-------
55
0.999824778126213
4.452808039507425e-05
0.0001752218737870459
-------
56
0.9998372808824513
4.452808039507425e-05
0.00016271911754872637
-------
57
0.9998291396037305
4.452808039507425e-05
0.0001708603962694566
-------
58
0.999856193877342
4.452808039507425e-05
0.00014380612265796344
-------
59
0.9998513904836597
4.452808039507425e-05
0.0001486095163403256
-------
60
0.9998325882466239
4.452808039507425e-05
0.00016741175337608993
-------
61
0.9998419051205352
4.4528080395074256e-05
0.0001580948794648318
-------
62
0.9998575913790841
4.452808039507425e-05
0.00014240862091585704
-------
63
0.9998577742468788
4.452808039507425e-05
0.00014222575312117236
-------
64
0.9998735277242748
4.452808039507425e-05
0.00012647227572515352
-------
65
0.9998792459766824
4.452808039507425e-05
0.00012075402331757079
-------
66
0.9998751685166033
4.452808039507425e-05
0.00012483148339670347
-------
67
0.9998764629109335
4.4528080395074256e-05
0.00012353708906653882
-------
68
0.9998811186564731
4.452808039507425e-05
0.00011888134352688873
-------
69
0.9998800976553085
4.452808039507424e-05
0.00011990234469150263
-------
70
0.9998813865554051
4.4528080395074256e-05
0.00011861344459485057
-------
71
0.9998901706352444
4.452808039507424e-05
0.00010982936475556482
-------
72
0.999908796933151
4.4528080395074256e-05
9.120306684895496e-05
-------
73
0.9999113017446385
4.452808039507425e-05
8.869825536150788e-05
-------
74
0.9999012269387577
4.452808039507425e-05
9.877306124228546e-05
-------
75
0.9999088208164071
4.452808039507425e-05
9.117918359291544e-05
-------
76
0.9999214272600508
4.4528080395074256e-05
7.857273994915648e-05
-------
77
0.9999190914821351
4.4528080395074256e-05
8.090851786490827e-05
-------
78
0.9999235701635146
4.452808039507425e-05
7.642983648536994e-05
-------
79
0.9999284148105815
4.452808039507425e-05
7.158518941852154e-05
-------
