tpi=2
0
1.2885191575533395e-06
4.452808039507425e-05
0.9999987114808424
-------
1
4.616271523897382e-06
4.452808039507425e-05
0.9999953837284761
-------
2
1.080888403211739e-05
4.4528080395074256e-05
0.9999891911159678
-------
3
1.9933664757855655e-05
4.452808039507425e-05
0.9999800663352422
-------
4
3.129847960626219e-05
4.452808039507425e-05
0.9999687015203937
-------
5
4.569310370336623e-05
4.4528080395074256e-05
0.9999543068962966
-------
6
4.993628556033019e-05
4.452808039507425e-05
0.9999500637144396
-------
7
6.569973644136603e-05
4.452808039507425e-05
0.9999343002635587
-------
8
8.270663398040775e-05
4.452808039507424e-05
0.9999172933660196
-------
9
0.00011118562929241879
4.452808039507425e-05
0.9998888143707075
-------
10
0.00012721088507652712
4.452808039507425e-05
0.9998727891149235
-------
11
0.0001420654584519923
4.4528080395074256e-05
0.999857934541548
-------
12
0.00016462722323470658
4.4528080395074256e-05
0.9998353727767653
-------
13
0.00020310048702334828
4.452808039507425e-05
0.9997968995129767
-------
14
0.0001887075351479038
4.452808039507425e-05
0.9998112924648521
-------
15
0.00027813205998746335
4.452808039507425e-05
0.9997218679400125
-------
16
0.0002620188167277517
4.4528080395074256e-05
0.9997379811832723
-------
17
0.0003060855739571989
4.452808039507424e-05
0.9996939144260428
-------
18
0.0002926599322540961
4.452808039507425e-05
0.9997073400677459
-------
19
0.0002879111531034902
4.452808039507425e-05
0.9997120888468966
-------
20
0.0002655407005608197
4.452808039507425e-05
0.9997344592994392
-------
21
0.00033721035017179304
4.452808039507425e-05
0.9996627896498282
-------
22
0.00038607474486271364
4.452808039507425e-05
0.9996139252551373
-------
23
0.00035568824670931547
4.4528080395074256e-05
0.9996443117532907
-------
24
0.0003644222198162618
4.4528080395074256e-05
0.9996355777801837
-------
25
0.00035996514559971866
4.4528080395074256e-05
0.9996400348544002
-------
26
0.0003627340869950948
4.452808039507425e-05
0.999637265913005
-------
27
0.0003959186281369133
4.452808039507425e-05
0.9996040813718631
-------
28
0.0003573195265673417
4.452808039507425e-05
0.9996426804734326
-------
29
0.0003447367875731728
4.452808039507425e-05
0.9996552632124268
-------
30
0.00037233425848462876
4.4528080395074256e-05
0.9996276657415154
-------
31
0.0003433455763556359
4.452808039507425e-05
0.9996566544236444
-------
32
0.0003196277494930731
4.452808039507425e-05
0.9996803722505069
-------
33
0.00031890653678014484
4.4528080395074256e-05
0.9996810934632199
-------
34
0.00030005598730035955
4.452808039507424e-05
0.9996999440126997
-------
35
0.0002695221780434978
4.452808039507424e-05
0.9997304778219565
-------
36
0.0004116487124523759
4.452808039507425e-05
0.9995883512875476
-------
37
0.0002698580700105007
4.452808039507425e-05
0.9997301419299895
-------
38
0.0003073563374607667
4.4528080395074256e-05
0.9996926436625392
-------
39
0.0003313270205074963
4.452808039507425e-05
0.9996686729794925
-------
40
0.00023393905364127402
4.452808039507425e-05
0.9997660609463588
-------
41
0.00024546195593470074
4.452808039507425e-05
0.9997545380440653
-------
42
0.00020579026497547233
4.4528080395074256e-05
0.9997942097350245
-------
43
0.0002299193048425493
4.452808039507425e-05
0.9997700806951575
-------
44
0.00016600888763790156
4.452808039507425e-05
0.9998339911123622
-------
45
0.000196073123774305
4.452808039507425e-05
0.9998039268762257
-------
46
0.00015242977116096027
4.452808039507425e-05
0.9998475702288391
-------
47
0.00012784667374894583
4.4528080395074256e-05
0.999872153326251
-------
48
0.0001295538187350106
4.452808039507425e-05
0.999870446181265
-------
49
0.0001005355746389632
4.4528080395074256e-05
0.999899464425361
-------
50
8.461776280321655e-05
4.452808039507425e-05
0.9999153822371968
-------
51
0.00011034450769112116
4.4528080395074256e-05
0.9998896554923089
-------
52
6.420196930735888e-05
4.4528080395074256e-05
0.9999357980306927
-------
53
5.0208693557439816e-05
4.452808039507425e-05
0.9999497913064426
-------
54
4.875564738814441e-05
4.4528080395074256e-05
0.9999512443526118
-------
55
3.547829752392563e-05
4.452808039507425e-05
0.9999645217024761
-------
56
3.431060247208834e-05
4.452808039507425e-05
0.999965689397528
-------
57
2.6325688534210783e-05
4.452808039507425e-05
0.9999736743114658
-------
58
2.1153632814522347e-05
4.452808039507425e-05
0.9999788463671855
-------
59
1.404947900671978e-05
4.452808039507425e-05
0.9999859505209933
-------
60
1.151736186255578e-05
4.452808039507425e-05
0.9999884826381374
-------
61
8.503602454900039e-06
4.4528080395074256e-05
0.9999914963975451
-------
62
6.200650066568496e-06
4.452808039507425e-05
0.9999937993499334
-------
63
3.38856201985519e-06
4.452808039507425e-05
0.9999966114379801
-------
64
1.6158195167516082e-06
4.452808039507425e-05
0.9999983841804833
-------
65
1.157996347755611e-06
4.452808039507425e-05
0.9999988420036523
-------
66
4.803513716886025e-07
4.452808039507425e-05
0.9999995196486283
-------
67
1.7577543764221858e-07
4.4528080395074256e-05
0.9999998242245624
-------
68
2.2881901942307908e-07
4.452808039507425e-05
0.9999997711809806
-------
69
4.4840204790708936e-07
4.452808039507424e-05
0.9999995515979521
-------
70
8.002975603015847e-07
4.4528080395074256e-05
0.9999991997024397
-------
71
1.3872401428883692e-06
4.452808039507424e-05
0.9999986127598571
-------
72
1.988734762729708e-06
4.4528080395074256e-05
0.9999980112652372
-------
73
2.30900175290147e-06
4.452808039507425e-05
0.9999976909982471
-------
74
3.963922007293069e-06
4.452808039507425e-05
0.9999960360779927
-------
75
3.457130114729878e-06
4.452808039507425e-05
0.9999965428698853
-------
76
4.085879937679704e-06
4.4528080395074256e-05
0.9999959141200623
-------
77
4.8575173611566895e-06
4.4528080395074256e-05
0.9999951424826389
-------
78
5.5211428297239826e-06
4.452808039507425e-05
0.9999944788571703
-------
79
5.0660839916454515e-06
4.452808039507425e-05
0.9999949339160084
-------
