tpi=2
0
1.1292985934758321e-09
4.452808039507425e-05
0.9999999988707015
-------
1
1.8705196601970322e-08
4.452808039507425e-05
0.9999999812948034
-------
2
8.180058673418788e-08
4.4528080395074256e-05
0.9999999181994133
-------
3
2.483421453997613e-07
4.452808039507425e-05
0.9999997516578546
-------
4
5.727577469511541e-07
4.452808039507425e-05
0.9999994272422531
-------
5
1.1921340358683986e-06
4.4528080395074256e-05
0.9999988078659642
-------
6
2.8512993372004166e-06
4.452808039507425e-05
0.9999971487006628
-------
7
4.185822806331829e-06
4.452808039507425e-05
0.9999958141771936
-------
8
4.974966420133527e-06
4.452808039507425e-05
0.9999950250335798
-------
9
8.366996227910868e-06
4.452808039507425e-05
0.9999916330037721
-------
10
1.3376420151763927e-05
4.452808039507425e-05
0.9999866235798482
-------
11
1.706350228180311e-05
4.4528080395074256e-05
0.9999829364977182
-------
12
2.743273219727834e-05
4.452808039507425e-05
0.9999725672678027
-------
13
2.6468770474848765e-05
4.452808039507425e-05
0.9999735312295251
-------
14
3.623166950472918e-05
4.452808039507425e-05
0.9999637683304953
-------
15
4.322756695205877e-05
4.452808039507425e-05
0.9999567724330479
-------
16
5.934197367499422e-05
4.452808039507425e-05
0.999940658026325
-------
17
8.386377294267276e-05
4.452808039507425e-05
0.9999161362270573
-------
18
7.940568399492539e-05
4.452808039507425e-05
0.9999205943160051
-------
19
9.682522241582527e-05
4.452808039507425e-05
0.9999031747775842
-------
20
0.00011527834458565704
4.452808039507425e-05
0.9998847216554143
-------
21
0.0001469421293918129
4.452808039507425e-05
0.9998530578706082
-------
22
0.00017680813343904443
4.4528080395074256e-05
0.999823191866561
-------
23
0.00016332623613648711
4.4528080395074256e-05
0.9998366737638635
-------
24
0.00018249173566117712
4.4528080395074256e-05
0.9998175082643388
-------
25
0.00020521151491267078
4.452808039507425e-05
0.9997947884850873
-------
26
0.00019298488768143795
4.452808039507425e-05
0.9998070151123185
-------
27
0.00024063155681943027
4.452808039507425e-05
0.9997593684431806
-------
28
0.00028038296523126517
4.452808039507425e-05
0.9997196170347687
-------
29
0.0003266299784598482
4.452808039507425e-05
0.9996733700215401
-------
30
0.00025576841558393485
4.4528080395074256e-05
0.999744231584416
-------
31
0.00033823323944506324
4.452808039507425e-05
0.999661766760555
-------
32
0.00032172152477930114
4.452808039507425e-05
0.9996782784752207
-------
33
0.0003497637970325453
4.452808039507425e-05
0.9996502362029674
-------
34
0.00039780374538411973
4.452808039507425e-05
0.9996021962546159
-------
35
0.0004269016587796896
4.452808039507425e-05
0.9995730983412203
-------
36
0.00032775978388198846
4.452808039507425e-05
0.999672240216118
-------
37
0.00038326971152328457
4.452808039507425e-05
0.9996167302884768
-------
38
0.0003445387959447328
4.452808039507425e-05
0.9996554612040552
-------
39
0.000324538504761878
4.452808039507425e-05
0.9996754614952381
-------
40
0.00039553255576126983
4.452808039507425e-05
0.9996044674442387
-------
41
0.0003709179506676201
4.452808039507425e-05
0.9996290820493324
-------
42
0.00034102476844524233
4.4528080395074256e-05
0.9996589752315548
-------
43
0.00031060012269775144
4.452808039507425e-05
0.9996893998773022
-------
44
0.0003322294200287361
4.452808039507425e-05
0.9996677705799712
-------
45
0.0002799567946741476
4.4528080395074256e-05
0.9997200432053258
-------
46
0.00026945611354525556
4.452808039507425e-05
0.9997305438864548
-------
47
0.00023078873334344378
4.4528080395074256e-05
0.9997692112666565
-------
48
0.0002962025665774702
4.452808039507425e-05
0.9997037974334225
-------
49
0.00022176366709915512
4.4528080395074256e-05
0.9997782363329009
-------
50
0.0001831534122827238
4.452808039507425e-05
0.9998168465877173
-------
51
0.00017944803030196167
4.452808039507425e-05
0.999820551969698
-------
52
0.0001735741519179978
4.452808039507425e-05
0.999826425848082
-------
53
0.0001395841910146001
4.452808039507425e-05
0.9998604158089854
-------
54
0.00015070720963498337
4.452808039507425e-05
0.999849292790365
-------
55
0.0001064494418591393
4.452808039507425e-05
0.9998935505581409
-------
56
8.781201644518475e-05
4.452808039507425e-05
0.9999121879835549
-------
57
9.013021577636851e-05
4.452808039507425e-05
0.9999098697842236
-------
58
7.166116562371651e-05
4.452808039507425e-05
0.9999283388343763
-------
59
6.795123303587238e-05
4.452808039507425e-05
0.9999320487669642
-------
60
5.198886099342234e-05
4.452808039507425e-05
0.9999480111390066
-------
61
3.684582717837376e-05
4.4528080395074256e-05
0.9999631541728217
-------
62
2.8391626281028346e-05
4.452808039507425e-05
0.999971608373719
-------
63
1.9662332066139525e-05
4.452808039507425e-05
0.9999803376679338
-------
64
1.7358894894183898e-05
4.452808039507425e-05
0.9999826411051058
-------
65
1.1366409499618943e-05
4.452808039507425e-05
0.9999886335905004
-------
66
8.42452221298897e-06
4.452808039507425e-05
0.999991575477787
-------
67
8.989407564672783e-06
4.452808039507425e-05
0.9999910105924353
-------
68
7.293561751176168e-06
4.452808039507425e-05
0.9999927064382488
-------
69
6.433849903617281e-06
4.452808039507425e-05
0.9999935661500964
-------
70
7.725979976872942e-06
4.452808039507425e-05
0.9999922740200231
-------
71
9.006723404295444e-06
4.452808039507425e-05
0.9999909932765957
-------
72
1.1481635170102074e-05
4.452808039507425e-05
0.9999885183648299
-------
73
1.4106228391407529e-05
4.452808039507425e-05
0.9999858937716086
-------
74
1.5491824746833536e-05
4.452808039507425e-05
0.9999845081752532
-------
75
1.7603131478376435e-05
4.452808039507425e-05
0.9999823968685216
-------
76
1.5392292852942076e-05
4.452808039507425e-05
0.999984607707147
-------
77
2.0087329684548697e-05
4.452808039507425e-05
0.9999799126703155
-------
78
2.27203375348314e-05
4.452808039507425e-05
0.9999772796624652
-------
79
2.4616269814033867e-05
4.452808039507425e-05
0.999975383730186
-------
