tpi=1
0
0.00015062216493296973
4.452808039507425e-05
0.999849377835067
-------
1
0.00014367440920370962
4.452808039507425e-05
0.9998563255907963
-------
2
0.00013344681943506354
4.4528080395074256e-05
0.9998665531805649
-------
3
0.00013513691088772931
4.452808039507425e-05
0.9998648630891123
-------
4
0.00013229759576438612
4.452808039507425e-05
0.9998677024042356
-------
5
0.00013044159467267842
4.4528080395074256e-05
0.9998695584053273
-------
6
0.00014604787304617266
4.452808039507425e-05
0.9998539521269538
-------
7
0.00013861850819175665
4.452808039507425e-05
0.9998613814918083
-------
8
0.00014009998511683912
4.452808039507425e-05
0.9998599000148831
-------
9
0.00012648669063653674
4.452808039507425e-05
0.9998735133093635
-------
10
0.00016922563091712001
4.452808039507425e-05
0.9998307743690829
-------
11
0.00014208128129702298
4.4528080395074256e-05
0.999857918718703
-------
12
0.00012912679616127305
4.452808039507425e-05
0.9998708732038387
-------
13
0.0001396323769829741
4.452808039507425e-05
0.999860367623017
-------
14
0.00012444917982504865
4.452808039507425e-05
0.999875550820175
-------
15
0.00011409564900466092
4.452808039507425e-05
0.9998859043509953
-------
16
0.0001296932813445623
4.452808039507425e-05
0.9998703067186554
-------
17
0.00012029629130542615
4.452808039507425e-05
0.9998797037086946
-------
18
0.00010807296859249544
4.452808039507425e-05
0.9998919270314075
-------
19
0.00012255084306107575
4.452808039507425e-05
0.9998774491569389
-------
20
0.00010009835213687133
4.452808039507425e-05
0.9998999016478631
-------
21
0.0001182575487522447
4.452808039507425e-05
0.9998817424512477
-------
22
0.00010534319395276833
4.4528080395074256e-05
0.9998946568060473
-------
23
0.00011914790012675307
4.4528080395074256e-05
0.9998808520998732
-------
24
0.00010592140337157309
4.4528080395074256e-05
0.9998940785966284
-------
25
0.0001265520232291384
4.452808039507425e-05
0.9998734479767709
-------
26
0.00011196868579979777
4.452808039507425e-05
0.9998880313142002
-------
27
0.00010665179806541085
4.452808039507425e-05
0.9998933482019345
-------
28
0.00010105863530802
4.452808039507425e-05
0.9998989413646919
-------
29
9.12608937722912e-05
4.452808039507425e-05
0.9999087391062277
-------
30
0.00010832512060753792
4.4528080395074256e-05
0.9998916748793925
-------
31
0.00010030789922565363
4.452808039507425e-05
0.9998996921007743
-------
32
8.762519873362952e-05
4.452808039507425e-05
0.9999123748012664
-------
33
8.23629142418153e-05
4.452808039507425e-05
0.9999176370857582
-------
34
8.957440929644779e-05
4.452808039507425e-05
0.9999104255907035
-------
35
9.17583027960233e-05
4.452808039507425e-05
0.9999082416972039
-------
36
8.816176920275719e-05
4.452808039507425e-05
0.9999118382307972
-------
37
7.152658353744949e-05
4.452808039507425e-05
0.9999284734164625
-------
38
8.093435213054927e-05
4.452808039507425e-05
0.9999190656478695
-------
39
6.962958098767078e-05
4.452808039507425e-05
0.9999303704190123
-------
40
7.02656708938579e-05
4.452808039507425e-05
0.9999297343291061
-------
41
6.631760834540566e-05
4.452808039507425e-05
0.9999336823916546
-------
42
6.723432281229392e-05
4.4528080395074256e-05
0.9999327656771877
-------
43
5.284274777995139e-05
4.452808039507425e-05
0.99994715725222
-------
44
5.7879269460328704e-05
4.452808039507425e-05
0.9999421207305397
-------
45
6.166426703942726e-05
4.4528080395074256e-05
0.9999383357329605
-------
46
4.6411343894242225e-05
4.452808039507425e-05
0.9999535886561057
-------
47
5.030706247573117e-05
4.4528080395074256e-05
0.9999496929375242
-------
48
5.2476449394657484e-05
4.452808039507425e-05
0.9999475235506053
-------
49
5.268463336686202e-05
4.4528080395074256e-05
0.9999473153666332
-------
50
5.1291943323402905e-05
4.452808039507425e-05
0.9999487080566766
-------
51
4.0745682578866066e-05
4.452808039507425e-05
0.9999592543174212
-------
52
4.283971815241126e-05
4.452808039507425e-05
0.9999571602818476
-------
53
3.903261011292872e-05
4.452808039507425e-05
0.999960967389887
-------
54
3.3302171399137505e-05
4.452808039507425e-05
0.9999666978286008
-------
55
3.6838450349187564e-05
4.452808039507425e-05
0.9999631615496508
-------
56
3.631101829299497e-05
4.452808039507425e-05
0.999963688981707
-------
57
3.921210837394117e-05
4.452808039507425e-05
0.999960787891626
-------
58
2.9981308284135493e-05
4.452808039507425e-05
0.9999700186917159
-------
59
3.0704146533589424e-05
4.452808039507425e-05
0.9999692958534664
-------
60
2.541230589536328e-05
4.452808039507425e-05
0.9999745876941046
-------
61
2.512080168493953e-05
4.4528080395074256e-05
0.9999748791983151
-------
62
2.4136071898377437e-05
4.452808039507425e-05
0.9999758639281017
-------
63
2.2968188602073186e-05
4.452808039507425e-05
0.999977031811398
-------
64
2.3027510850453063e-05
4.452808039507425e-05
0.9999769724891495
-------
65
2.0776587596872752e-05
4.452808039507425e-05
0.9999792234124031
-------
66
1.923023442038241e-05
4.452808039507425e-05
0.9999807697655796
-------
67
1.985438966752795e-05
4.452808039507425e-05
0.9999801456103324
-------
68
1.3478702794249624e-05
4.452808039507425e-05
0.9999865212972058
-------
69
1.3533785035212526e-05
4.452808039507425e-05
0.9999864662149648
-------
70
1.1366574849754902e-05
4.452808039507425e-05
0.9999886334251502
-------
71
1.4841946868277847e-05
4.452808039507425e-05
0.9999851580531317
-------
72
1.0514813025956783e-05
4.452808039507425e-05
0.9999894851869741
-------
73
9.764392187912522e-06
4.452808039507425e-05
0.9999902356078121
-------
74
1.0482104177753837e-05
4.452808039507425e-05
0.9999895178958222
-------
75
8.936539407301414e-06
4.452808039507425e-05
0.9999910634605927
-------
76
8.105849650001444e-06
4.452808039507425e-05
0.99999189415035
-------
77
7.4544896743113735e-06
4.452808039507425e-05
0.9999925455103257
-------
78
7.2479053524891366e-06
4.452808039507425e-05
0.9999927520946476
-------
79
6.326504355729204e-06
4.452808039507425e-05
0.9999936734956443
-------
