tpi=2
0
1.1561631459862954e-06
4.452808039507425e-05
0.999998843836854
-------
1
4.0101685185466764e-06
4.452808039507425e-05
0.9999959898314814
-------
2
1.0568153622221382e-05
4.4528080395074256e-05
0.9999894318463778
-------
3
2.168033354454227e-05
4.452808039507425e-05
0.9999783196664555
-------
4
2.836807045438393e-05
4.452808039507425e-05
0.9999716319295456
-------
5
3.9733641115217834e-05
4.4528080395074256e-05
0.9999602663588848
-------
6
5.787578979948169e-05
4.452808039507425e-05
0.9999421242102006
-------
7
6.682676921748492e-05
4.452808039507425e-05
0.9999331732307826
-------
8
7.832548389736831e-05
4.452808039507425e-05
0.9999216745161026
-------
9
0.00010636960999184695
4.452808039507425e-05
0.9998936303900081
-------
10
0.00013673531063242782
4.452808039507425e-05
0.9998632646893676
-------
11
0.0001328068823892749
4.4528080395074256e-05
0.9998671931176107
-------
12
0.0001616329118061858
4.452808039507425e-05
0.9998383670881938
-------
13
0.0001915347865787482
4.452808039507425e-05
0.9998084652134213
-------
14
0.00019678558224892133
4.452808039507425e-05
0.9998032144177511
-------
15
0.00025045044496343376
4.452808039507425e-05
0.9997495495550366
-------
16
0.00024342669493681551
4.452808039507425e-05
0.9997565733050632
-------
17
0.0002322341489354332
4.452808039507425e-05
0.9997677658510645
-------
18
0.0003016750058522765
4.452808039507425e-05
0.9996983249941477
-------
19
0.0002905999472734065
4.452808039507425e-05
0.9997094000527266
-------
20
0.0002873950870973976
4.452808039507425e-05
0.9997126049129026
-------
21
0.0003263098645331315
4.452808039507425e-05
0.9996736901354669
-------
22
0.00039313131012627597
4.4528080395074256e-05
0.9996068686898737
-------
23
0.00044691524537511214
4.4528080395074256e-05
0.9995530847546249
-------
24
0.000412279318458891
4.4528080395074256e-05
0.9995877206815411
-------
25
0.00034542285380732737
4.452808039507425e-05
0.9996545771461927
-------
26
0.0003553830550715786
4.452808039507425e-05
0.9996446169449285
-------
27
0.00035852151483262227
4.452808039507425e-05
0.9996414784851674
-------
28
0.0003438198657655921
4.452808039507425e-05
0.9996561801342344
-------
29
0.00036547009823936224
4.452808039507425e-05
0.9996345299017606
-------
30
0.0003567482534106349
4.4528080395074256e-05
0.9996432517465894
-------
31
0.0004047098898052444
4.452808039507425e-05
0.9995952901101948
-------
32
0.0003480450047861394
4.452808039507425e-05
0.9996519549952139
-------
33
0.00035215812294578803
4.452808039507425e-05
0.9996478418770542
-------
34
0.00035962853891387237
4.452808039507425e-05
0.9996403714610861
-------
35
0.0003239637357522576
4.452808039507425e-05
0.9996760362642477
-------
36
0.00030251467943401896
4.452808039507425e-05
0.999697485320566
-------
37
0.0002793198832643966
4.452808039507425e-05
0.9997206801167356
-------
38
0.0002483185496629762
4.452808039507425e-05
0.999751681450337
-------
39
0.00021706332238654002
4.452808039507425e-05
0.9997829366776134
-------
40
0.00028368070331871985
4.452808039507425e-05
0.9997163192966813
-------
41
0.00020290238490182382
4.452808039507425e-05
0.9997970976150982
-------
42
0.00021318806076927073
4.4528080395074256e-05
0.9997868119392307
-------
43
0.00018745794490011435
4.452808039507425e-05
0.9998125420550998
-------
44
0.0001958928639335778
4.452808039507425e-05
0.9998041071360664
-------
45
0.00017831392634472368
4.4528080395074256e-05
0.9998216860736553
-------
46
0.00014652322611865895
4.452808039507425e-05
0.9998534767738814
-------
47
0.00014503374703082742
4.4528080395074256e-05
0.9998549662529692
-------
48
0.00012529216149624793
4.452808039507425e-05
0.9998747078385037
-------
49
0.00010915272086602584
4.4528080395074256e-05
0.999890847279134
-------
50
9.95808218604757e-05
4.452808039507425e-05
0.9999004191781395
-------
51
9.073406225435188e-05
4.452808039507425e-05
0.9999092659377457
-------
52
7.065478720612551e-05
4.452808039507425e-05
0.9999293452127939
-------
53
6.712044986431834e-05
4.452808039507425e-05
0.9999328795501357
-------
54
4.9328924056205156e-05
4.452808039507425e-05
0.9999506710759438
-------
55
4.918295835485379e-05
4.452808039507425e-05
0.9999508170416451
-------
56
3.9204006715985636e-05
4.452808039507425e-05
0.999960795993284
-------
57
3.151977435093958e-05
4.452808039507425e-05
0.9999684802256491
-------
58
2.998809391214912e-05
4.452808039507425e-05
0.9999700119060878
-------
59
1.9113473971418667e-05
4.452808039507425e-05
0.9999808865260286
-------
60
1.6084338319552807e-05
4.452808039507425e-05
0.9999839156616804
-------
61
9.356074488445041e-06
4.4528080395074256e-05
0.9999906439255115
-------
62
9.141798723134992e-06
4.452808039507425e-05
0.9999908582012769
-------
63
6.680889145373078e-06
4.452808039507425e-05
0.9999933191108547
-------
64
6.175562377287182e-06
4.452808039507425e-05
0.9999938244376227
-------
65
3.4821562295076512e-06
4.452808039507425e-05
0.9999965178437705
-------
66
2.8530378784620603e-06
4.452808039507425e-05
0.9999971469621215
-------
67
2.12758427465747e-06
4.452808039507425e-05
0.9999978724157254
-------
68
1.7938198110033725e-06
4.452808039507425e-05
0.999998206180189
-------
69
1.7169062673561208e-06
4.452808039507425e-05
0.9999982830937326
-------
70
1.7252787808809872e-06
4.452808039507425e-05
0.9999982747212192
-------
71
2.353014464031542e-06
4.452808039507425e-05
0.999997646985536
-------
72
2.0713955840263303e-06
4.452808039507425e-05
0.9999979286044159
-------
73
2.8672894365250773e-06
4.452808039507425e-05
0.9999971327105635
-------
74
2.53547986198482e-06
4.452808039507425e-05
0.999997464520138
-------
75
3.6852824875118986e-06
4.452808039507425e-05
0.9999963147175125
-------
76
3.818523758679349e-06
4.452808039507425e-05
0.9999961814762414
-------
77
4.307586907516855e-06
4.452808039507425e-05
0.9999956924130925
-------
78
4.023617561165212e-06
4.452808039507425e-05
0.9999959763824389
-------
79
4.3024962786695695e-06
4.452808039507425e-05
0.9999956975037213
-------
