tpi=1
0
1.164456282080138e-07
4.452808039507425e-05
0.9999998835543717
-------
1
4.811265413350791e-07
4.452808039507425e-05
0.9999995188734586
-------
2
1.0195297862702734e-06
4.4528080395074256e-05
0.9999989804702137
-------
3
1.8476101621413276e-06
4.452808039507425e-05
0.9999981523898379
-------
4
3.097524818364377e-06
4.452808039507425e-05
0.9999969024751816
-------
5
4.56251950468518e-06
4.4528080395074256e-05
0.9999954374804954
-------
6
6.5864035387426345e-06
4.452808039507425e-05
0.9999934135964612
-------
7
7.400480953961969e-06
4.452808039507425e-05
0.9999925995190461
-------
8
1.0192932874390071e-05
4.452808039507425e-05
0.9999898070671256
-------
9
1.1796608179676122e-05
4.452808039507425e-05
0.9999882033918204
-------
10
1.4774824761965342e-05
4.452808039507425e-05
0.999985225175238
-------
11
1.5934361484009315e-05
4.4528080395074256e-05
0.9999840656385159
-------
12
1.4243828430029428e-05
4.452808039507425e-05
0.9999857561715699
-------
13
1.877621657017436e-05
4.452808039507425e-05
0.9999812237834298
-------
14
2.3991923962989656e-05
4.452808039507425e-05
0.999976008076037
-------
15
3.0068934043147864e-05
4.452808039507425e-05
0.9999699310659569
-------
16
2.9788790693681123e-05
4.452808039507425e-05
0.9999702112093063
-------
17
4.070722374543303e-05
4.452808039507425e-05
0.9999592927762546
-------
18
3.4434016637487736e-05
4.452808039507425e-05
0.9999655659833625
-------
19
3.553913831972068e-05
4.452808039507425e-05
0.9999644608616802
-------
20
4.261869157726138e-05
4.452808039507425e-05
0.9999573813084227
-------
21
4.7270455284086574e-05
4.452808039507425e-05
0.9999527295447159
-------
22
5.2257445104170967e-05
4.4528080395074256e-05
0.9999477425548958
-------
23
5.2600846850854975e-05
4.4528080395074256e-05
0.9999473991531491
-------
24
5.9245458004140974e-05
4.4528080395074256e-05
0.9999407545419958
-------
25
6.955175314083333e-05
4.452808039507425e-05
0.9999304482468592
-------
26
6.842514285363858e-05
4.452808039507425e-05
0.9999315748571463
-------
27
7.027561906038718e-05
4.452808039507425e-05
0.9999297243809396
-------
28
7.25064988971808e-05
4.452808039507425e-05
0.9999274935011028
-------
29
6.0546051721561834e-05
4.452808039507425e-05
0.9999394539482784
-------
30
8.265298779323929e-05
4.4528080395074256e-05
0.9999173470122068
-------
31
7.346367649029047e-05
4.452808039507425e-05
0.9999265363235097
-------
32
8.62434613942842e-05
4.452808039507425e-05
0.9999137565386057
-------
33
7.672949177823892e-05
4.452808039507425e-05
0.9999232705082217
-------
34
7.590234626075479e-05
4.452808039507425e-05
0.9999240976537392
-------
35
9.58414217740428e-05
4.452808039507425e-05
0.999904158578226
-------
36
9.477957428924053e-05
4.452808039507425e-05
0.9999052204257107
-------
37
8.88578823553878e-05
4.452808039507425e-05
0.9999111421176446
-------
38
0.00010035944839316734
4.452808039507425e-05
0.9998996405516068
-------
39
9.388215778801182e-05
4.452808039507425e-05
0.999906117842212
-------
40
0.00010910874404376135
4.452808039507425e-05
0.9998908912559562
-------
41
9.784880891066774e-05
4.452808039507425e-05
0.9999021511910894
-------
42
0.00011238485799188608
4.4528080395074256e-05
0.9998876151420081
-------
43
0.00010502477135420682
4.452808039507425e-05
0.9998949752286458
-------
44
0.00010063849637026997
4.452808039507425e-05
0.9998993615036297
-------
45
0.00011181372786751873
4.4528080395074256e-05
0.9998881862721325
-------
46
0.0001265187177089875
4.452808039507425e-05
0.999873481282291
-------
47
0.00010867186819639721
4.4528080395074256e-05
0.9998913281318036
-------
48
9.668239599117733e-05
4.452808039507425e-05
0.9999033176040089
-------
49
0.00011282872710152002
4.4528080395074256e-05
0.9998871712728985
-------
50
9.096784551957959e-05
4.452808039507425e-05
0.9999090321544805
-------
51
9.569611374110733e-05
4.452808039507425e-05
0.9999043038862588
-------
52
9.757399518442676e-05
4.452808039507425e-05
0.9999024260048156
-------
53
0.00010083420333106626
4.452808039507425e-05
0.9998991657966689
-------
54
0.00010251158149274565
4.452808039507425e-05
0.9998974884185072
-------
55
0.00012022732874152711
4.452808039507425e-05
0.9998797726712585
-------
56
8.85265453633911e-05
4.452808039507425e-05
0.9999114734546366
-------
57
9.06030578754315e-05
4.452808039507425e-05
0.9999093969421246
-------
58
8.357275295816781e-05
4.452808039507425e-05
0.9999164272470419
-------
59
9.133800484905353e-05
4.452808039507425e-05
0.9999086619951509
-------
60
9.620421907367168e-05
4.452808039507425e-05
0.9999037957809264
-------
61
7.155119693219319e-05
4.4528080395074256e-05
0.9999284488030679
-------
62
7.042768315162932e-05
4.452808039507425e-05
0.9999295723168484
-------
63
7.90369179987852e-05
4.452808039507425e-05
0.9999209630820012
-------
64
8.095653151966859e-05
4.452808039507425e-05
0.9999190434684804
-------
65
7.739405420038092e-05
4.452808039507425e-05
0.9999226059457996
-------
66
6.131425557256825e-05
4.452808039507425e-05
0.9999386857444275
-------
67
5.975987626186373e-05
4.452808039507425e-05
0.9999402401237382
-------
68
6.633880469327481e-05
4.452808039507425e-05
0.9999336611953067
-------
69
5.871960021800694e-05
4.452808039507425e-05
0.999941280399782
-------
70
4.7116977269133105e-05
4.452808039507425e-05
0.9999528830227309
-------
71
6.117774247967788e-05
4.452808039507425e-05
0.9999388222575203
-------
72
5.8203689615767396e-05
4.452808039507425e-05
0.9999417963103843
-------
73
4.443587706228451e-05
4.452808039507425e-05
0.9999555641229377
-------
74
4.6561605590821e-05
4.452808039507425e-05
0.9999534383944092
-------
75
4.780940836241699e-05
4.452808039507425e-05
0.9999521905916375
-------
76
3.41903583209106e-05
4.452808039507425e-05
0.9999658096416791
-------
77
3.684807167830678e-05
4.452808039507425e-05
0.9999631519283217
-------
78
3.5242268799577824e-05
4.452808039507425e-05
0.9999647577312004
-------
79
3.631796617500524e-05
4.452808039507425e-05
0.999963682033825
-------
