δ=10000.0
ΩR=1.0000000000000002
Ωprime=1.0000000000000002
62831853071.79586
628318530.7179587
628318530.7179587
99.99999999999999
4.999999999999999e-07
0
3.799760369006783e-17
0.9767207387305262
0.044189328648159006
0.018869466341217438
-------
1
1.8998801845033914e-17
0.9796832819942943
0.039578289744464576
0.015575719421865105
-------
2
1.2665867896689274e-17
0.974867094027903
0.04182955207907628
0.01851051332625037
-------
3
9.499400922516957e-18
0.9833653594162297
0.02914927091531829
0.010459237328953609
-------
4
7.599520738013566e-18
0.9801506548351948
0.03416461973946795
0.01369634362570657
-------
5
6.332933948344637e-18
0.9757538765468333
0.03911538142304225
0.015507045200714867
-------
6
5.428229098581118e-18
0.9851175322260296
0.024569624109661084
0.010120660846658325
-------
7
