0
0.011535033211104648
3.7997603690067835e-16
0.9884649667888954
-------
1
0.012902011507080991
1.8998801845033917e-16
0.987097988492919
-------
2
0.01214466167798838
1.2665867896689278e-16
0.9878553383220117
-------
3
0.012529369284278063
9.499400922516959e-17
0.9874706307157219
-------
4
0.013108721151977625
7.599520738013567e-17
0.9868912788480224
-------
5
0.011057128982390607
6.332933948344639e-17
0.9889428710176094
-------
6
0.012304867933615968
5.4282290985811184e-17
0.987695132066384
-------
7
0.011662743893912867
4.7497004612584793e-17
0.9883372561060871
-------
8
0.011464659660645556
4.2219559655630936e-17
0.9885353403393544
-------
9
0.011856319717415936
3.7997603690067835e-17
0.988143680282584
-------
10
0.012813085896974746
3.454327608187985e-17
0.9871869141030253
-------
11
0.013154231753960353
3.1664669741723196e-17
0.9868457682460396
-------
12
0.011005155421397121
2.92289259154368e-17
0.9889948445786029
-------
13
0.011557476575537556
2.7141145492905592e-17
0.9884425234244625
-------
14
0.01272083057483471
2.5331735793378556e-17
0.9872791694251652
-------
15
0.012064759873752792
2.3748502306292397e-17
0.9879352401262472
-------
16
0.01115931801719821
2.2351531582392848e-17
0.9888406819828018
-------
17
0.010492692592327045
2.1109779827815468e-17
0.989507307407673
-------
18
0.013133213209754937
1.999873878424623e-17
0.9868667867902451
-------
19
0.010775756389988232
1.8998801845033917e-17
0.9892242436100118
-------
20
0.010523934644277491
1.8094096995270397e-17
0.9894760653557225
-------
21
0.011715913982541846
1.7271638040939924e-17
0.9882840860174582
-------
22
0.011858063725760194
1.652069725655123e-17
0.9881419362742399
-------
23
0.011431265869853071
1.5832334870861598e-17
0.9885687341301469
-------
24
0.011975620661863603
1.5199041476027134e-17
0.9880243793381364
-------
25
0.011486517429023084
1.46144629577184e-17
0.9885134825709769
-------
26
0.010355203077518523
1.4073186551876976e-17
0.9896447969224815
-------
27
0.012187953694879032
1.3570572746452796e-17
0.987812046305121
-------
28
0.011403370084449083
1.3102621962092357e-17
0.9885966299155509
-------
29
0.011781564421966234
1.2665867896689278e-17
0.9882184355780338
-------
30
0.011200711879027393
1.225729151292511e-17
0.9887992881209726
-------
31
0.011062891952869474
1.1874251153146198e-17
0.9889371080471305
-------
32
0.011581234566982186
1.1514425360626616e-17
0.9884187654330178
-------
33
0.0110484711673336
1.1175765791196424e-17
0.9889515288326663
-------
34
0.01077628558081053
1.0856458197162238e-17
0.9892237144191894
-------
35
0.011360024895220778
1.0554889913907734e-17
0.9886399751047792
-------
36
0.010574277288896544
1.0269622618937252e-17
0.9894257227111034
-------
37
0.010772498094152427
9.999369392123115e-18
0.9892275019058476
-------
38
0.011209246696641346
9.7429753051456e-18
0.9887907533033586
-------
39
0.011351265959969626
9.499400922516959e-18
0.9886487340400304
-------
40
0.010549514294879174
9.267708217089717e-18
0.9894504857051208
-------
41
0.011012105289382396
9.047048497635198e-18
0.9889878947106177
-------
42
0.009891441702684713
8.836652020946008e-18
0.9901085582973153
-------
43
0.01009936676977055
8.635819020469962e-18
0.9899006332302295
-------
44
0.01003959867403723
8.443911931126185e-18
0.9899604013259627
-------
45
0.009950630721293159
8.260348628275616e-18
0.9900493692787068
-------
46
0.009332133259137372
8.084596529801666e-18
0.9906678667408626
-------
47
0.00992659929592354
7.916167435430799e-18
0.9900734007040765
-------
48
0.010095420043365473
7.754612997973027e-18
0.9899045799566345
-------
49
0.0099614640187553
7.599520738013567e-18
0.9900385359812447
-------
50
0.00980896282220478
7.450510527464281e-18
0.9901910371777952
-------
51
0.008555378245002273
7.3072314788592e-18
0.9914446217549977
-------
52
0.008126094485885013
7.169359186805251e-18
0.991873905514115
-------
53
0.00892432984693535
7.036593275938488e-18
0.9910756701530646
-------
54
0.009258820571471494
6.9086552163759694e-18
0.9907411794285285
-------
55
0.009851886853059655
6.785286373226398e-18
0.9901481131469403
-------
56
0.008690517401903849
6.666246261415411e-18
0.9913094825980961
-------
57
0.008791233743494619
6.5513109810461784e-18
0.9912087662565053
-------
58
0.009355667114978754
6.440271811875904e-18
0.9906443328850213
-------
59
0.008577668161821312
6.332933948344639e-18
0.9914223318381787
-------
60
0.00901056273576887
6.229115359027514e-18
0.9909894372642312
-------
61
0.00788133756215303
6.128645756462555e-18
0.992118662437847
-------
62
0.008044293927316527
6.031365665090132e-18
0.9919557060726835
-------
63
0.008507261955548358
5.937125576573099e-18
0.9914927380444516
-------
64
0.007085420231573524
5.84578518308736e-18
0.9929145797684265
-------
65
0.008945046241615419
5.757212680313308e-18
0.9910549537583846
-------
66
0.007353200519773946
5.671284132845945e-18
0.992646799480226
-------
67
0.008445518968973099
5.587882895598212e-18
0.991554481031027
-------
68
0.007668900217081317
5.5068990855170774e-18
0.9923310997829187
-------
69
0.007346352009088079
5.428229098581119e-18
0.9926536479909119
-------
70
0.008266463309105545
5.3517751676151885e-18
0.9917335366908945
-------
71
0.008037624729450714
5.277444956953867e-18
0.9919623752705493
-------
72
0.006599286461455513
5.205151190420251e-18
0.9934007135385445
-------
73
0.007388319932392478
5.134811309468626e-18
0.9926116800676075
-------
74
0.007673614201969099
5.066347158675711e-18
0.9923263857980309
-------
75
0.006586232907579251
4.9996846960615576e-18
0.9934137670924208
-------
76
0.007956557780577427
4.9347537259828354e-18
0.9920434422194225
-------
77
0.007113859686901039
4.8714876525728e-18
0.992886140313099
-------
78
0.006837037416895265
4.809823251907321e-18
0.9931629625831048
-------
79
0.006342806080822299
4.749700461258479e-18
0.9936571939191777
-------
80
0.006323263204359932
4.691062183958992e-18
0.9936767367956401
-------
81
0.008216522751263321
4.633854108544858e-18
0.9917834772487367
-------
82
0.005294983739609109
4.578024540972029e-18
0.9947050162603909
-------
83
0.00656252194723859
4.523524248817599e-18
0.9934374780527614
-------
84
0.006704723569281512
4.47030631647857e-18
0.9932952764307185
-------
85
0.006466773254219717
4.418326010473004e-18
0.9935332267457803
-------
86
0.0056246716032614065
4.367540654030786e-18
0.9943753283967386
-------
87
0.0064892439376907935
4.317909510234981e-18
0.9935107560623092
-------
88
0.0063559473714990015
4.26939367304133e-18
0.993644052628501
-------
89
0.006554048561968848
4.2219559655630925e-18
0.9934459514380312
-------
90
0.006211003708745033
4.1755608450624e-18
0.993788996291255
-------
91
0.006657141806932259
4.130174314137808e-18
0.9933428581930678
-------
92
0.0060444965712114955
4.085763837641703e-18
0.9939555034287885
-------
93
0.006113023419866592
4.042298264900833e-18
0.9938869765801334
-------
94
0.00639815716100702
3.999747756849245e-18
0.993601842838993
-------
95
0.005716009062872544
3.9580837177153994e-18
0.9942839909371275
-------
96
0.005567074194187322
3.917278730934829e-18
0.9944329258058127
-------
97
0.005818577704566443
3.877306498986513e-18
0.9941814222954336
-------
98
0.0053960314587737646
3.8381417868755384e-18
0.9946039685412262
-------
99
0.005300630843985723
3.799760369006784e-18
0.9946993691560143
-------
100
0.005051687328601079
3.762138979214638e-18
0.9949483126713989
-------
101
0.004416049722902823
3.7252552637321405e-18
0.9955839502770972
-------
102
0.005696852797305103
3.68908773689979e-18
0.9943031472026949
-------
103
0.005960744674487787
3.6536157394296e-18
0.9940392553255122
-------
104
0.006255591860051926
3.61881939905408e-18
0.993744408139948
-------
105
0.005204808382858798
3.5846795934026256e-18
0.9947951916171413
-------
106
0.004704146015738311
3.55117791495961e-18
0.9952958539842617
-------
107
0.005552464084283559
3.518296637969244e-18
0.9944475359157164
-------
108
0.0056652426745536465
3.486018687162187e-18
0.9943347573254464
-------
109
0.004464755851436078
3.4543276081879847e-18
0.9955352441485639
-------
110
0.0053751979292668796
3.4232075396457507e-18
0.9946248020707331
-------
111
0.005238980446306776
3.392643186613199e-18
0.9947610195536932
-------
112
0.004995945525766252
3.362619795581225e-18
0.9950040544742338
-------
113
0.004430421197656165
3.3331231307077053e-18
0.9955695788023439
-------
114
0.0053828061469587815
3.3041394513102465e-18
0.9946171938530413
-------
115
0.004700770949445821
3.2756554905230892e-18
0.9952992290505541
-------
116
0.004705032178033694
3.247658435048533e-18
0.9952949678219664
-------
117
0.0054413285605387695
3.220135905937952e-18
0.9945586714394612
-------
118
0.00427538935186158
3.193075940341835e-18
0.9957246106481384
-------
119
0.004354461803653001
3.1664669741723196e-18
0.995645538196347
-------
120
0.004261869211088113
3.1402978256254408e-18
0.9957381307889119
-------
121
0.004505623540693238
3.114557679513757e-18
0.9954943764593067
-------
122
0.004427919001369098
3.0892360723632384e-18
0.9955720809986309
-------
123
0.004622746110463877
3.0643228782312776e-18
0.9953772538895361
-------
124
0.005007874090413862
3.0398082952054273e-18
0.9949921259095862
-------
125
0.004295742280531848
3.015682832545066e-18
0.9957042577194681
-------
126
0.004775601601138533
2.9919372984305385e-18
0.9952243983988615
-------
127
0.0037570629134859733
2.9685627882865496e-18
0.996242937086514
-------
128
0.004260593434888686
2.9455506736486695e-18
0.9957394065651113
-------
129
0.004591387136737813
2.92289259154368e-18
0.9954086128632622
-------
130
0.003959345831811016
2.9005804343563234e-18
0.996040654168189
-------
131
0.004355208702820452
2.878606340156654e-18
0.9956447912971795
-------
132
0.004096960905319828
2.856962683463747e-18
0.9959030390946801
-------
133
0.004402261908884879
2.8356420664229727e-18
0.9955977380911151
-------
134
0.004500033102973543
2.814637310375395e-18
0.9954999668970265
-------
135
0.0042642532510478994
2.793941447799106e-18
0.9957357467489522
-------
136
0.0036365202477260895
2.7735477146034924e-18
0.9963634797522739
-------
137
0.003783368604333702
2.7534495427585387e-18
0.9962166313956663
-------
138
0.0034692642384876187
2.7336405532422903e-18
0.9965307357615124
-------
139
0.003831762662150019
2.7141145492905596e-18
0.99616823733785
-------
140
0.0037695357010223566
2.6948655099338894e-18
0.9962304642989777
-------
141
0.0040811180119726615
2.6758875838075943e-18
0.9959188819880274
-------
142
0.004528132337877323
2.657175083221527e-18
0.9954718676621227
-------
143
0.0038326446271046296
2.6387224784769335e-18
0.9961673553728954
-------
144
0.003983626928651218
2.620524392418472e-18
0.9960163730713488
-------
145
0.004392576645487447
2.6025755952101255e-18
0.9956074233545126
-------
146
0.0035739605900616416
2.5848709993243425e-18
0.9964260394099383
-------
147
0.00363453064908107
2.567405654734313e-18
0.996365469350919
-------
148
0.004204485611604478
2.550174744299855e-18
0.9957955143883955
-------
149
0.003916882698014364
2.5331735793378555e-18
0.9960831173019856
-------
150
0.004237059705769524
2.5163975953687306e-18
0.9957629402942305
-------
151
0.0036853975250220584
2.4998423480307788e-18
0.9963146024749779
-------
152
0.003694110057113934
2.4835035091547602e-18
0.996305889942886
-------
153
0.0035298314310870603
2.4673768629914177e-18
0.9964701685689129
-------
154
0.003862160518694239
2.4514583025850215e-18
0.9961378394813057
-------
155
0.003685102940165506
2.4357438262864e-18
0.9963148970598344
-------
156
0.004108768716761659
2.4202295343992253e-18
0.9958912312832383
-------
157
0.0037332364483277
2.4049116259536605e-18
0.9962667635516723
-------
158
0.003690692641706564
2.389786395601751e-18
0.9963093073582935
-------
159
0.0036319283432353785
2.3748502306292397e-18
0.9963680716567647
-------
160
0.0032207643581777206
2.360099608078747e-18
0.9967792356418222
-------
161
0.003066952373988312
2.345531091979496e-18
0.9969330476260116
-------
162
0.004137985997726236
2.331141330679008e-18
0.9958620140022738
-------
163
0.0035734024100432973
2.316927054272429e-18
0.9964265975899567
-------
164
0.003217204993783997
2.3028850721253233e-18
0.996782795006216
-------
165
0.0032288609646529344
2.2890122704860145e-18
0.9967711390353471
-------
166
0.003314059087929828
2.275305610183703e-18
0.9966859409120702
-------
167
0.0034354463123272196
2.2617621244087996e-18
0.9965645536876728
-------
168
0.0030588639266868264
2.2483789165720615e-18
0.9969411360733131
-------
169
0.0035818153707811605
2.235153158239285e-18
0.9964181846292188
-------
170
0.0036614150217948167
2.22208208713847e-18
0.9963385849782052
-------
171
0.0033467920828520042
2.209163005236502e-18
0.996653207917148
-------
172
0.0035619348321512894
2.1963932768825338e-18
0.9964380651678487
-------
173
0.0034819125495605943
2.183770327015393e-18
0.9965180874504395
-------
174
0.0031172197003808714
2.1712916394324477e-18
0.9968827802996191
-------
175
0.0032449083891371374
2.1589547551174905e-18
0.9967550916108628
-------
176
0.0034788525971777545
2.1467572706253015e-18
0.9965211474028223
-------
177
0.0028131606937657878
2.134696836520665e-18
0.9971868393062342
-------
178
0.0032635769007252225
2.122771155869712e-18
0.9967364230992748
-------
179
0.0035825723931154968
2.1109779827815462e-18
0.9964174276068845
-------
180
0.003633137637419032
2.099315120998223e-18
0.996366862362581
-------
181
0.003494714245530279
2.0877804225312e-18
0.9965052857544697
-------
182
0.0028282827604478628
2.0763717863425044e-18
0.9971717172395521
-------
183
0.0029920856885977927
2.065087157068904e-18
0.9970079143114022
-------
184
0.0032965874508348765
2.0539245237874503e-18
0.9967034125491652
-------
185
0.0031007317250546307
2.0428819188208515e-18
0.9968992682749453
-------
186
0.0036509358505133777
2.0319574165811675e-18
0.9963490641494867
-------
187
0.0027737029329700773
2.0211491324504165e-18
0.9972262970670299
-------
188
0.002880713020062681
2.010455221696711e-18
0.9971192869799373
-------
189
0.0037256584271091932
1.9998738784246227e-18
0.9962743415728909
-------
190
0.0031951559225865166
1.9894033345585254e-18
0.9968048440774134
-------
191
0.0029695060301920396
1.9790418588576997e-18
0.9970304939698079
-------
192
0.0032659046313722796
1.9687877559620637e-18
0.9967340953686277
-------
193
0.0026565800457297086
1.9586393654674144e-18
0.9973434199542703
-------
194
0.0030456919620793607
1.9485950610291195e-18
0.9969543080379206
-------
195
0.0030316905688901412
1.9386532494932567e-18
0.9969683094311098
-------
196
0.0024853648250039704
1.928812370054205e-18
0.9975146351749961
-------
197
0.0028773303673519067
1.9190708934377692e-18
0.9971226696326481
-------
198
0.0029992496620080754
1.9094273211089364e-18
0.997000750337992
-------
199
0.003033447244787191
1.899880184503392e-18
0.9969665527552128
-------
