δ=10000.0
ΩR=1.0000000000000002
Ωprime=1.0000000000000002
62831853071.79586
628318530.7179587
628318530.7179587
99.99999999999999
4.999999999999999e-07
0
3.799760369006783e-17
0.9912894584702576
0.010336883653761543
0.0061381810237937815
-------
1
1.8998801845033914e-17
0.9914402160054288
0.012468133681598124
0.005389832592637644
-------
2
1.2665867896689274e-17
0.9934612612667146
0.009133686119618257
0.0043454637619100974
-------
3
9.499400922516957e-18
0.9913837614546331
0.015203507254822815
0.00589537458888762
-------
4
7.599520738013566e-18
0.9918036489675789
0.015920908789176222
0.005435148934227091
-------
5
6.332933948344637e-18
0.9934710368834033
0.01021318207480594
0.004351960854204391
-------
6
5.428229098581118e-18
0.9947639280150804
0.005959461193361064
0.003441853725631559
-------
7
4.7497004612584786e-18
0.9917513039894011
0.013042630263337183
0.005457939089283076
-------
8
4.221955965563092e-18
0.9918737363354618
0.014944161184019113
0.0053384392060804335
-------
9
3.799760369006783e-18
0.9926790810134436
0.00709023249608169
0.005142964243932983
-------
10
3.4543276081879843e-18
0.990961488656498
0.011047419993618104
0.0062073596585375135
-------
11
3.1664669741723184e-18
0.9932620914760611
0.009094360366153015
0.004144439098709061
-------
12
2.9228925915436787e-18
0.9935708727328857
0.010301457284097228
0.004781507929241332
-------
13
2.714114549290559e-18
0.9935169064547786
0.01163857305591212
0.004201754637122414
-------
14
