tpi=1
0
0.9998211453683115
4.452808039507425e-05
0.00017885463168854088
-------
1
0.9998434306556373
4.452808039507425e-05
0.0001565693443627003
-------
2
0.9998052851049998
4.4528080395074256e-05
0.00019471489500022532
-------
3
0.9998140005957029
4.452808039507425e-05
0.00018599940429708806
-------
4
0.9998007628428709
4.452808039507425e-05
0.00019923715712910628
-------
5
0.9998344584937342
4.4528080395074256e-05
0.00016554150626579833
-------
6
0.999815296822224
4.452808039507425e-05
0.0001847031777759689
-------
7
0.9997987116109602
4.452808039507425e-05
0.00020128838903976654
-------
8
0.9998430335131918
4.452808039507425e-05
0.00015696648680818548
-------
9
0.999838997555133
4.452808039507425e-05
0.00016100244486705328
-------
10
0.9997930108310699
4.452808039507425e-05
0.0002069891689301384
-------
11
0.9998076627778917
4.4528080395074256e-05
0.0001923372221083186
-------
12
0.9998209300220181
4.452808039507425e-05
0.00017906997798189384
-------
13
0.9998206039702129
4.452808039507425e-05
0.00017939602978711555
-------
14
0.99982816086803
4.452808039507425e-05
0.00017183913197005296
-------
15
0.9998438834701077
4.452808039507425e-05
0.00015611652989233615
-------
16
0.9997925425197357
4.452808039507425e-05
0.00020745748026429478
-------
17
0.9998132825051894
4.452808039507425e-05
0.0001867174948105843
-------
18
0.99982178628156
4.452808039507425e-05
0.00017821371843995681
-------
19
0.9997921601977615
4.452808039507425e-05
0.0002078398022384853
-------
20
0.9998105311751178
4.452808039507425e-05
0.00018946882488224404
-------
21
0.9998119954160789
4.452808039507425e-05
0.00018800458392109753
-------
22
0.999788995509246
4.4528080395074256e-05
0.0002110044907539521
-------
23
0.9998110812972595
4.4528080395074256e-05
0.0001889187027405148
-------
24
0.9997758647225957
4.4528080395074256e-05
0.0002241352774042804
-------
25
0.9998021358586752
4.452808039507425e-05
0.00019786414132483277
-------
26
0.999805412961279
4.452808039507425e-05
0.0001945870387209947
-------
27
0.9997829399364419
4.452808039507425e-05
0.00021706006355814988
-------
28
0.9997772059562028
4.452808039507425e-05
0.00022279404379721424
-------
29
0.9998048724567846
4.452808039507425e-05
0.00019512754321537873
-------
30
0.9997792027529164
4.4528080395074256e-05
0.00022079724708357062
-------
31
0.9997825461337131
4.452808039507425e-05
0.00021745386628690966
-------
32
0.9997834222138064
4.452808039507425e-05
0.00021657778619355028
-------
33
0.9997665491113904
4.452808039507425e-05
0.00023345088860959873
-------
34
0.9997889603799862
4.452808039507425e-05
0.0002110396200137865
-------
35
0.9997924053670607
4.452808039507425e-05
0.0002075946329392897
-------
36
0.9997973707273673
4.452808039507425e-05
0.00020262927263270392
-------
37
0.9998013927424213
4.452808039507425e-05
0.0001986072575786979
-------
38
0.999804522613173
4.452808039507425e-05
0.00019547738682701432
-------
39
0.9997934781131335
4.452808039507425e-05
0.00020652188686653972
-------
40
0.999785414652603
4.452808039507425e-05
0.00021458534739704493
-------
41
0.9997592037444261
4.452808039507425e-05
0.00024079625557393847
-------
42
0.9997905392470685
4.4528080395074256e-05
0.00020946075293148958
-------
43
0.9997735463066989
4.452808039507425e-05
0.00022645369330109855
-------
44
0.999784833329346
4.452808039507425e-05
0.00021516667065402117
-------
45
0.9997913880378442
4.4528080395074256e-05
0.00020861196215582467
-------
46
0.9998104878332075
4.452808039507425e-05
0.00018951216679252703
-------
47
0.9998032077942249
4.4528080395074256e-05
0.00019679220577506484
-------
48
0.9997864938693545
4.452808039507425e-05
0.00021350613064552437
-------
49
0.9998251572928976
4.4528080395074256e-05
0.00017484270710244054
-------
50
0.9998296380025377
4.452808039507425e-05
0.0001703619974623427
-------
51
0.9998174279281095
4.452808039507425e-05
0.00018257207189054103
-------
52
0.9998052900526493
4.452808039507425e-05
0.000194709947350713
-------
53
0.9998159192698646
4.452808039507425e-05
0.00018408073013542747
-------
54
0.9998347923859409
4.452808039507425e-05
0.00016520761405913742
-------
55
0.999832935194194
4.452808039507425e-05
0.00016706480580597205
-------
56
0.99983807086129
4.452808039507425e-05
0.00016192913871004855
-------
57
0.9998322072162411
4.452808039507425e-05
0.00016779278375889106
-------
58
0.9998552881190321
4.452808039507425e-05
0.0001447118809678738
-------
59
0.9998480765899879
4.452808039507425e-05
0.0001519234100121336
-------
60
0.9998392914351164
4.452808039507425e-05
0.00016070856488359375
-------
61
0.9998489765288006
4.4528080395074256e-05
0.0001510234711994407
-------
62
0.9998403162822177
4.452808039507425e-05
0.00015968371778229962
-------
63
0.9998748955533128
4.452808039507425e-05
0.00012510444668722975
-------
64
0.9998638949314895
4.452808039507425e-05
0.00013610506851047255
-------
65
0.9998774090711933
4.452808039507425e-05
0.00012259092880673172
-------
66
0.9998808192169277
4.452808039507425e-05
0.0001191807830722702
-------
67
0.9998866179975556
4.452808039507425e-05
0.00011338200244437324
-------
68
0.9998954120364698
4.452808039507425e-05
0.0001045879635301894
-------
69
0.9998891562243408
4.452808039507425e-05
0.00011084377565917514
-------
70
0.9998909720533214
4.452808039507425e-05
0.00010902794667855265
-------
71
0.9998889018328289
4.452808039507425e-05
0.00011109816717114196
-------
72
0.9998977053826695
4.452808039507425e-05
0.0001022946173304673
-------
73
0.9999043984331405
4.452808039507425e-05
9.56015668595045e-05
-------
74
0.9999105775813976
4.452808039507425e-05
8.942241860243616e-05
-------
75
0.9999095941168147
4.452808039507425e-05
9.040588318531828e-05
-------
76
0.9999147459093325
4.452808039507425e-05
8.525409066750811e-05
-------
77
0.9999159038850237
4.452808039507425e-05
8.409611497628422e-05
-------
78
0.9999203043903231
4.452808039507425e-05
7.96956096769108e-05
-------
79
0.999925905827044
4.452808039507425e-05
7.40941729560074e-05
-------
