tpi=2
0
1.109070103047556e-06
4.452808039507425e-05
0.9999988909298969
-------
1
4.095398754313541e-06
4.452808039507425e-05
0.9999959046012457
-------
2
1.107979309385975e-05
4.4528080395074256e-05
0.9999889202069061
-------
3
1.948825672846695e-05
4.452808039507425e-05
0.9999805117432715
-------
4
3.482417876180824e-05
4.452808039507425e-05
0.9999651758212382
-------
5
4.198400217999001e-05
4.4528080395074256e-05
0.99995801599782
-------
6
6.33552588654465e-05
4.452808039507425e-05
0.9999366447411345
-------
7
6.696370596991644e-05
4.452808039507425e-05
0.9999330362940301
-------
8
0.00011017225141439027
4.452808039507425e-05
0.9998898277485856
-------
9
0.00010711756287094629
4.452808039507425e-05
0.999892882437129
-------
10
0.00013343654196849644
4.452808039507425e-05
0.9998665634580315
-------
11
0.00014127814511516955
4.4528080395074256e-05
0.9998587218548848
-------
12
0.00017683926820386583
4.452808039507425e-05
0.9998231607317961
-------
13
0.0001930713022527061
4.452808039507425e-05
0.9998069286977473
-------
14
0.0002241785674756156
4.452808039507425e-05
0.9997758214325244
-------
15
0.00026714618970767145
4.452808039507425e-05
0.9997328538102923
-------
16
0.00030019822574896884
4.452808039507425e-05
0.999699801774251
-------
17
0.0003596953406487066
4.452808039507425e-05
0.9996403046593513
-------
18
0.00036653417922006485
4.452808039507425e-05
0.9996334658207799
-------
19
0.0003390482831532393
4.452808039507425e-05
0.9996609517168468
-------
20
0.00040801877309357213
4.452808039507425e-05
0.9995919812269064
-------
21
0.0004381355898903684
4.452808039507425e-05
0.9995618644101096
-------
22
0.0004900450008943076
4.4528080395074256e-05
0.9995099549991057
-------
23
0.0005588794021527513
4.4528080395074256e-05
0.9994411205978473
-------
24
0.0006052476187234096
4.4528080395074256e-05
0.9993947523812766
-------
25
0.0005982271966124259
4.452808039507425e-05
0.9994017728033876
-------
26
0.0005919731258398676
4.452808039507425e-05
0.9994080268741601
-------
27
0.000630293606018055
4.452808039507425e-05
0.9993697063939819
-------
28
0.0006250069520479448
4.452808039507425e-05
0.9993749930479521
-------
29
0.0006724931325501984
4.452808039507425e-05
0.9993275068674498
-------
30
0.0006339648940365009
4.4528080395074256e-05
0.9993660351059634
-------
31
0.000676800675832979
4.452808039507425e-05
0.999323199324167
-------
32
0.0006669971273921321
4.452808039507425e-05
0.9993330028726078
-------
33
0.0007499619445559457
4.452808039507425e-05
0.9992500380554441
-------
34
0.0007166552808828214
4.452808039507425e-05
0.9992833447191172
-------
35
0.0006371015715398662
4.452808039507425e-05
0.9993628984284602
-------
36
0.0006421581201336052
4.452808039507425e-05
0.9993578418798664
-------
37
0.0006582203076856504
4.452808039507425e-05
0.9993417796923143
-------
38
0.0006261981882659867
4.452808039507425e-05
0.999373801811734
-------
39
0.0005884699504284402
4.452808039507425e-05
0.9994115300495715
-------
40
0.0006282298626454114
4.452808039507425e-05
0.9993717701373546
-------
41
0.0005726440935356465
4.452808039507425e-05
0.9994273559064644
-------
42
0.0004965376548149086
4.4528080395074256e-05
0.9995034623451851
-------
43
0.0006291378101912338
4.452808039507425e-05
0.9993708621898088
-------
44
0.00046264269145414387
4.452808039507425e-05
0.9995373573085459
-------
45
0.0004583613957852485
4.4528080395074256e-05
0.9995416386042147
-------
46
0.00043373930061249094
4.452808039507425e-05
0.9995662606993875
-------
47
0.0004564819014725882
4.4528080395074256e-05
0.9995435180985274
-------
48
0.0004046678958303973
4.452808039507425e-05
0.9995953321041696
-------
49
0.0003138337392858364
4.4528080395074256e-05
0.9996861662607142
-------
50
0.0003424849597776533
4.452808039507425e-05
0.9996575150402224
-------
51
0.00029984874622443844
4.452808039507425e-05
0.9997001512537755
-------
52
0.0002559356829322771
4.452808039507425e-05
0.9997440643170677
-------
53
0.00020556466010227944
4.452808039507425e-05
0.9997944353398978
-------
54
0.00018547713052691604
4.452808039507425e-05
0.999814522869473
-------
55
0.00015166995261714681
4.452808039507425e-05
0.9998483300473828
-------
56
0.00014035492813470874
4.452808039507425e-05
0.9998596450718653
-------
57
0.00013100412811157413
4.452808039507425e-05
0.9998689958718884
-------
58
0.00010320192472927349
4.452808039507425e-05
0.9998967980752708
-------
59
8.110668993813019e-05
4.452808039507425e-05
0.9999188933100619
-------
60
6.329664734843779e-05
4.452808039507425e-05
0.9999367033526516
-------
61
4.879198266987641e-05
4.4528080395074256e-05
0.9999512080173302
-------
62
3.6271564427315574e-05
4.452808039507425e-05
0.9999637284355727
-------
63
2.8771144520330473e-05
4.452808039507425e-05
0.9999712288554796
-------
64
2.049039845118644e-05
4.452808039507425e-05
0.9999795096015488
-------
65
1.3835546420099555e-05
4.452808039507425e-05
0.9999861644535799
-------
66
1.2283425677214148e-05
4.452808039507425e-05
0.9999877165743228
-------
67
9.392355047108871e-06
4.452808039507425e-05
0.9999906076449528
-------
68
7.162557529719559e-06
4.452808039507425e-05
0.9999928374424703
-------
69
7.40254472314853e-06
4.452808039507425e-05
0.9999925974552768
-------
70
9.077683661487637e-06
4.452808039507425e-05
0.9999909223163385
-------
71
1.021897286127546e-05
4.452808039507425e-05
0.9999897810271388
-------
72
1.2155862531528619e-05
4.452808039507425e-05
0.9999878441374684
-------
73
1.3637495280045463e-05
4.452808039507425e-05
0.99998636250472
-------
74
1.8280190354098133e-05
4.452808039507425e-05
0.9999817198096459
-------
75
1.9741294447083807e-05
4.452808039507425e-05
0.999980258705553
-------
76
2.274424956963535e-05
4.452808039507425e-05
0.9999772557504304
-------
77
2.7852999477648052e-05
4.452808039507425e-05
0.9999721470005224
-------
78
2.717041067590276e-05
4.452808039507425e-05
0.9999728295893241
-------
79
2.5526025648540223e-05
4.452808039507425e-05
0.9999744739743515
-------
