tpi=1
0
0.9998110532899652
4.452808039507425e-05
0.00018894671003477637
-------
1
0.9998271015502285
4.452808039507425e-05
0.00017289844977153024
-------
2
0.9998296803391807
4.4528080395074256e-05
0.00017031966081926253
-------
3
0.9998338035402473
4.452808039507425e-05
0.0001661964597526877
-------
4
0.9998299254564021
4.452808039507425e-05
0.00017007454359785346
-------
5
0.9997954938496478
4.4528080395074256e-05
0.00020450615035216835
-------
6
0.9998322268603848
4.452808039507425e-05
0.00016777313961524598
-------
7
0.9998152747501894
4.452808039507425e-05
0.00018472524981061333
-------
8
0.9998220870740789
4.452808039507425e-05
0.00017791292592106434
-------
9
0.9998238054882779
4.452808039507425e-05
0.00017619451172212752
-------
10
0.9998085540450379
4.452808039507425e-05
0.0001914459549621217
-------
11
0.9998063715397477
4.4528080395074256e-05
0.00019362846025228198
-------
12
0.9998193968814468
4.452808039507425e-05
0.00018060311855316868
-------
13
0.9998175070243676
4.452808039507425e-05
0.00018249297563244227
-------
14
0.9998089632066722
4.452808039507425e-05
0.00019103679332777013
-------
15
0.999796502099357
4.452808039507425e-05
0.00020349790064300155
-------
16
0.9997879647048454
4.452808039507425e-05
0.00021203529515456676
-------
17
0.9997978156199758
4.452808039507425e-05
0.00020218438002417294
-------
18
0.9997903657309726
4.452808039507425e-05
0.00020963426902742555
-------
19
0.9997860203405488
4.452808039507425e-05
0.00021397965945124664
-------
20
0.9997952542428097
4.452808039507425e-05
0.00020474575719031662
-------
21
0.9997948879992464
4.452808039507425e-05
0.00020511200075357117
-------
22
0.9997992837026007
4.4528080395074256e-05
0.00020071629739926156
-------
23
0.9997842529981662
4.4528080395074256e-05
0.00021574700183379925
-------
24
0.9997563519163325
4.4528080395074256e-05
0.00024364808366750257
-------
25
0.9997716612243832
4.452808039507425e-05
0.00022833877561678761
-------
26
0.9997791914891178
4.452808039507425e-05
0.00022080851088224218
-------
27
0.9997961076067766
4.452808039507425e-05
0.0002038923932233816
-------
28
0.9997969614594812
4.452808039507425e-05
0.00020303854051884063
-------
29
0.9997995846058528
4.452808039507425e-05
0.0002004153941471687
-------
30
0.9997757036150017
4.4528080395074256e-05
0.00022429638499832372
-------
31
0.9998122548207591
4.452808039507425e-05
0.00018774517924091683
-------
32
0.9997986882954407
4.452808039507425e-05
0.0002013117045592816
-------
33
0.9997888287605262
4.452808039507425e-05
0.00021117123947378413
-------
34
0.9997824589599139
4.452808039507425e-05
0.00021754104008608888
-------
35
0.999789467603095
4.452808039507425e-05
0.00021053239690504988
-------
36
0.999763883278052
4.452808039507425e-05
0.0002361167219480098
-------
37
0.9997948256662628
4.452808039507425e-05
0.0002051743337372347
-------
38
0.9998148462505941
4.452808039507425e-05
0.00018515374940586415
-------
39
0.999804738829341
4.452808039507425e-05
0.00019526117065904458
-------
40
0.999782637250069
4.452808039507425e-05
0.0002173627499310049
-------
41
0.9997918639595267
4.452808039507425e-05
0.0002081360404733168
-------
42
0.9997799778481812
4.4528080395074256e-05
0.00022002215181882168
-------
43
0.999802329720657
4.452808039507425e-05
0.00019767027934303183
-------
44
0.9997918217716876
4.452808039507425e-05
0.00020817822831242783
-------
45
0.9998103791264025
4.4528080395074256e-05
0.0001896208735975291
-------
46
0.9997842137288909
4.452808039507425e-05
0.00021578627110907522
-------
47
0.999784941713754
4.4528080395074256e-05
0.00021505828624601708
-------
48
0.9998006516345089
4.452808039507425e-05
0.00019934836549106993
-------
49
0.9998051780646725
4.4528080395074256e-05
0.0001948219353274938
-------
50
0.9998322335476602
4.452808039507425e-05
0.00016776645233984588
-------
51
0.9998085292283782
4.452808039507425e-05
0.0001914707716218489
-------
52
0.999823257170811
4.452808039507425e-05
0.00017674282918900275
-------
53
0.9998247194485481
4.452808039507425e-05
0.00017528055145188404
-------
54
0.9998298742756866
4.452808039507425e-05
0.000170125724313408
-------
55
0.9998281189538665
4.452808039507425e-05
0.00017188104613352628
-------
56
0.999839797412643
4.452808039507425e-05
0.00016020258735705006
-------
57
0.9998439260005887
4.452808039507425e-05
0.00015607399941131028
-------
58
0.9998292595816897
4.452808039507425e-05
0.00017074041831033338
-------
59
0.9998547028558883
4.452808039507425e-05
0.00014529714411171124
-------
60
0.9998594501270852
4.452808039507425e-05
0.00014054987291478582
-------
61
0.9998585855483577
4.4528080395074256e-05
0.0001414144516422855
-------
62
0.9998637823608776
4.452808039507425e-05
0.0001362176391224157
-------
63
0.999867155834142
4.452808039507425e-05
0.00013284416585801484
-------
64
0.9998686760657169
4.452808039507425e-05
0.00013132393428305633
-------
65
0.9998760930297135
4.452808039507425e-05
0.00012390697028652475
-------
66
0.9998847297306491
4.452808039507425e-05
0.00011527026935087559
-------
67
0.9998895959878591
4.452808039507425e-05
0.00011040401214090778
-------
68
0.9998868882371633
4.452808039507425e-05
0.00011311176283668178
-------
69
0.9998943588402674
4.452808039507425e-05
0.00010564115973255017
-------
70
0.9998951600011523
4.452808039507425e-05
0.00010483999884769446
-------
71
0.9998931161390009
4.452808039507425e-05
0.0001068838609991074
-------
72
0.9999018345370032
4.452808039507425e-05
9.816546299679096e-05
-------
73
0.9999062480762411
4.452808039507425e-05
9.375192375893349e-05
-------
74
0.999906744715106
4.452808039507425e-05
9.325528489401158e-05
-------
75
0.9999109047784763
4.452808039507425e-05
8.909522152367177e-05
-------
76
0.999911658303933
4.452808039507425e-05
8.834169606697362e-05
-------
77
0.9999158993015302
4.452808039507425e-05
8.410069846975787e-05
-------
78
0.9999253299159531
4.452808039507425e-05
7.467008404693498e-05
-------
79
0.9999247195837343
4.452808039507425e-05
7.528041626569948e-05
-------
