0
0.002694290741199906
3.7997603690067835e-16
0.9973057092588001
-------
1
0.0032956293076036327
1.8998801845033917e-16
0.9967043706923964
-------
2
0.003149333422144159
1.2665867896689278e-16
0.9968506665778558
-------
3
0.003416077254677632
9.499400922516959e-17
0.9965839227453224
-------
4
0.002909383343531362
7.599520738013567e-17
0.9970906166564686
-------
5
0.0029613977309165774
6.332933948344639e-17
0.9970386022690835
-------
6
0.003160961084589172
5.4282290985811184e-17
0.9968390389154108
-------
7
0.0032854286584717523
4.7497004612584793e-17
0.9967145713415283
-------
8
0.0027625382115325637
4.2219559655630936e-17
0.9972374617884674
-------
9
0.0029872178290252667
3.7997603690067835e-17
0.9970127821709748
-------
10
0.0033255634052467274
3.454327608187985e-17
0.9966744365947533
-------
11
0.0030396203796673824
3.1664669741723196e-17
0.9969603796203326
-------
12
0.002817825957150972
2.92289259154368e-17
0.997182174042849
-------
13
0.003085399426370815
2.7141145492905592e-17
0.9969146005736292
-------
14
0.0028997615599009484
2.5331735793378556e-17
0.9971002384400991
-------
15
0.002900771318247768
2.3748502306292397e-17
0.9970992286817523
-------
16
0.0030726223578226705
2.2351531582392848e-17
0.9969273776421773
-------
17
0.0027222367246793455
2.1109779827815468e-17
0.9972777632753207
-------
18
0.002663337437246589
1.999873878424623e-17
0.9973366625627534
-------
19
0.002761400018239547
1.8998801845033917e-17
0.9972385999817605
-------
20
0.0033675937156925073
1.8094096995270397e-17
0.9966324062843075
-------
21
0.0034569463935181484
1.7271638040939924e-17
0.9965430536064819
-------
22
0.0028518027433398424
1.652069725655123e-17
0.9971481972566602
-------
23
0.0033023525387706975
1.5832334870861598e-17
0.9966976474612294
-------
24
0.003506504647385368
1.5199041476027134e-17
0.9964934953526147
-------
25
0.0029978677839505564
1.46144629577184e-17
0.9970021322160495
-------
26
0.002887233760814497
1.4073186551876976e-17
0.9971127662391855
-------
27
0.0026696619399985476
1.3570572746452796e-17
0.9973303380600015
-------
28
0.0030764669023577097
1.3102621962092357e-17
0.9969235330976423
-------
29
0.0029800596610640843
1.2665867896689278e-17
0.9970199403389359
-------
30
0.003103701257793628
1.225729151292511e-17
0.9968962987422064
-------
31
0.0027831511081271585
1.1874251153146198e-17
0.9972168488918728
-------
32
0.00346888928922021
1.1514425360626616e-17
0.9965311107107798
-------
33
0.0030420007622094705
1.1175765791196424e-17
0.9969579992377905
-------
34
0.002924821845890734
1.0856458197162238e-17
0.9970751781541093
-------
35
0.0025080310892407133
1.0554889913907734e-17
0.9974919689107593
-------
36
0.0028601013267933635
1.0269622618937252e-17
0.9971398986732066
-------
37
0.0030022284885597404
9.999369392123115e-18
0.9969977715114403
-------
38
0.002619535452054188
9.7429753051456e-18
0.9973804645479458
-------
39
0.0030728662268299555
9.499400922516959e-18
0.99692713377317
-------
40
0.002913981645256633
9.267708217089717e-18
0.9970860183547434
-------
41
0.002876248499473964
9.047048497635198e-18
0.997123751500526
-------
42
0.002907251095894387
8.836652020946008e-18
0.9970927489041056
-------
43
0.0026006183017842567
8.635819020469962e-18
0.9973993816982157
-------
44
0.00296861053988623
8.443911931126185e-18
0.9970313894601137
-------
45
0.0026346953551366903
8.260348628275616e-18
0.9973653046448633
-------
46
0.0028311028627239945
8.084596529801666e-18
0.997168897137276
-------
47
0.002702997002140722
7.916167435430799e-18
0.9972970029978593
-------
48
0.0023047747104571656
7.754612997973027e-18
0.9976952252895428
-------
49
0.002820929859172604
7.599520738013567e-18
0.9971790701408274
-------
50
0.0029151974336698292
7.450510527464281e-18
0.9970848025663301
-------
51
0.0029904298321451637
7.3072314788592e-18
0.9970095701678549
-------
52
0.003012780822590596
7.169359186805251e-18
0.9969872191774094
-------
53
0.0026397424984731088
7.036593275938488e-18
0.9973602575015269
-------
54
0.002730923824853562
6.9086552163759694e-18
0.9972690761751465
-------
55
0.00276286387923908
6.785286373226398e-18
0.9972371361207609
-------
56
0.0028110100279317095
6.666246261415411e-18
0.9971889899720683
-------
57
0.0032273867246638203
6.5513109810461784e-18
0.9967726132753362
-------
58
0.003023972314622297
6.440271811875904e-18
0.9969760276853777
-------
59
0.00272257948939804
6.332933948344639e-18
0.997277420510602
-------
60
0.002716155503053119
6.229115359027514e-18
0.9972838444969468
-------
61
0.0027724189107708424
6.128645756462555e-18
0.9972275810892292
-------
62
0.003061371035193533
6.031365665090132e-18
0.9969386289648065
-------
63
0.0027404230771914985
5.937125576573099e-18
0.9972595769228085
-------
64
0.0026959135946764425
5.84578518308736e-18
0.9973040864053235
-------
65
0.0025358559405123603
5.757212680313308e-18
0.9974641440594877
-------
66
0.0028438074689181732
5.671284132845945e-18
0.9971561925310818
-------
67
0.0024122500702776052
5.587882895598212e-18
0.9975877499297224
-------
68
0.0030245054313744303
5.5068990855170774e-18
0.9969754945686256
-------
69
0.0026776112594620784
5.428229098581119e-18
0.9973223887405379
-------
70
0.0022904811151618527
5.3517751676151885e-18
0.9977095188848382
-------
71
0.0030960321450290893
5.277444956953867e-18
0.9969039678549709
-------
72
0.002452875155819941
5.205151190420251e-18
0.9975471248441801
-------
73
0.0030046214439376708
5.134811309468626e-18
0.9969953785560624
-------
74
0.0027562944735729194
5.066347158675711e-18
0.997243705526427
-------
75
0.002952593668741738
4.9996846960615576e-18
0.9970474063312582
-------
76
0.0029157871085351557
4.9347537259828354e-18
0.9970842128914649
-------
77
0.0030169986723305128
4.8714876525728e-18
0.9969830013276695
-------
78
0.0024813983100558166
4.809823251907321e-18
0.9975186016899442
-------
79
0.0028915135171896818
4.749700461258479e-18
0.9971084864828104
-------
80
0.002368051721905082
4.691062183958992e-18
0.9976319482780949
-------
81
0.0025095848159947276
4.633854108544858e-18
0.9974904151840053
-------
82
0.002338062026337087
4.578024540972029e-18
0.9976619379736629
-------
83
0.0025085903246795664
4.523524248817599e-18
0.9974914096753205
-------
84
0.002570286855172941
4.47030631647857e-18
0.9974297131448271
-------
85
0.002540689757411728
4.418326010473004e-18
0.9974593102425883
-------
86
0.002418158866194814
4.367540654030786e-18
0.9975818411338052
-------
87
0.002383130855784645
4.317909510234981e-18
0.9976168691442153
-------
88
0.0026067225949964715
4.26939367304133e-18
0.9973932774050035
-------
89
0.0024395257054712883
4.2219559655630925e-18
0.9975604742945288
-------
90
0.0026242435900787177
4.1755608450624e-18
0.9973757564099213
-------
91
0.0023503054533186543
4.130174314137808e-18
0.9976496945466814
-------
92
0.0022363955357652767
4.085763837641703e-18
0.9977636044642347
-------
93
0.002327033552563202
4.042298264900833e-18
0.9976729664474367
-------
94
0.0024785209227221627
3.999747756849245e-18
0.9975214790772778
-------
95
0.0023547777587616795
3.9580837177153994e-18
0.9976452222412383
-------
96
0.002714937083773702
3.917278730934829e-18
0.9972850629162263
-------
97
0.0024745595001087455
3.877306498986513e-18
0.9975254404998912
-------
98
0.0025641515628003213
3.8381417868755384e-18
0.9974358484371997
-------
99
0.0022205895190270356
3.799760369006784e-18
0.997779410480973
-------
100
0.0022829497805590343
3.762138979214638e-18
0.997717050219441
-------
101
0.0020412380466114503
3.7252552637321405e-18
0.9979587619533885
-------
102
0.00229967661469286
3.68908773689979e-18
0.9977003233853071
-------
103
0.00237639389218587
3.6536157394296e-18
0.9976236061078141
-------
104
0.0023566052929053813
3.61881939905408e-18
0.9976433947070946
-------
105
0.0026330345143575082
3.5846795934026256e-18
0.9973669654856425
-------
106
0.002303186145744582
3.55117791495961e-18
0.9976968138542555
-------
107
0.0022597980736199794
3.518296637969244e-18
0.99774020192638
-------
108
0.0023527123930335756
3.486018687162187e-18
0.9976472876069664
-------
109
0.002473662247282184
3.4543276081879847e-18
0.9975263377527178
-------
110
0.0021555946133254202
3.4232075396457507e-18
0.9978444053866746
-------
111
0.0022919750863297315
3.392643186613199e-18
0.9977080249136703
-------
112
0.002040087065348936
3.362619795581225e-18
0.997959912934651
-------
113
0.0023092356839542966
3.3331231307077053e-18
0.9976907643160458
-------
114
0.0024637105080046852
3.3041394513102465e-18
0.9975362894919954
-------
115
0.002284537267967987
3.2756554905230892e-18
0.997715462732032
-------
116
0.002261115795761374
3.247658435048533e-18
0.9977388842042386
-------
117
0.0025430895455102872
3.220135905937952e-18
0.9974569104544897
-------
118
0.001983790422018417
3.193075940341835e-18
0.9980162095779815
-------
119
0.002126178801174288
3.1664669741723196e-18
0.9978738211988257
-------
120
0.0022836981085554192
3.1402978256254408e-18
0.9977163018914446
-------
121
0.0020228597378118317
3.114557679513757e-18
0.9979771402621882
-------
122
0.0019854193913010467
3.0892360723632384e-18
0.998014580608699
-------
123
0.0022881800625288327
3.0643228782312776e-18
0.9977118199374712
-------
124
0.001961040345861782
3.0398082952054273e-18
0.9980389596541382
-------
125
0.002048455454409615
3.015682832545066e-18
0.9979515445455904
-------
126
0.002198525746611006
2.9919372984305385e-18
0.9978014742533889
-------
127
0.0020466725275553777
2.9685627882865496e-18
0.9979533274724446
-------
128
0.0020154339300939563
2.9455506736486695e-18
0.997984566069906
-------
129
0.002051329107752352
2.92289259154368e-18
0.9979486708922477
-------
130
0.001991839435957596
2.9005804343563234e-18
0.9980081605640424
-------
131
0.002091595396710865
2.878606340156654e-18
0.9979084046032891
-------
132
0.002042075187804318
2.856962683463747e-18
0.9979579248121957
-------
133
0.002064801953661186
2.8356420664229727e-18
0.9979351980463388
-------
134
0.0017246920240640909
2.814637310375395e-18
0.9982753079759359
-------
135
0.0019226499651072626
2.793941447799106e-18
0.9980773500348927
-------
136
0.0017634953550625797
2.7735477146034924e-18
0.9982365046449374
-------
137
0.002072367812729687
2.7534495427585387e-18
0.9979276321872703
-------
138
0.0018022274643702623
2.7336405532422903e-18
0.9981977725356297
-------
139
0.001991810030968594
2.7141145492905596e-18
0.9980081899690314
-------
140
0.002022444466606368
2.6948655099338894e-18
0.9979775555333936
-------
141
0.0019390459470495813
2.6758875838075943e-18
0.9980609540529504
-------
142
0.001574055476429952
2.657175083221527e-18
0.99842594452357
-------
143
0.0015971093753107718
2.6387224784769335e-18
0.9984028906246892
-------
144
0.001734552233902735
2.620524392418472e-18
0.9982654477660973
-------
145
0.0020143499442071985
2.6025755952101255e-18
0.9979856500557928
-------
146
0.0019989679885814913
2.5848709993243425e-18
0.9980010320114185
-------
147
0.001754483331998303
2.567405654734313e-18
0.9982455166680017
-------
148
0.0015360782270748582
2.550174744299855e-18
0.9984639217729251
-------
149
0.0022483042341901217
2.5331735793378555e-18
0.9977516957658099
-------
150
0.001660040094104175
2.5163975953687306e-18
0.9983399599058959
-------
151
0.0017961955794248093
2.4998423480307788e-18
0.9982038044205752
-------
152
0.0018364329237273477
2.4835035091547602e-18
0.9981635670762726
-------
153
0.0018774494843659187
2.4673768629914177e-18
0.998122550515634
-------
154
0.0016171733749911967
2.4514583025850215e-18
0.9983828266250088
-------
155
0.001736447347772349
2.4357438262864e-18
0.9982635526522277
-------
156
0.0016290087947025552
2.4202295343992253e-18
0.9983709912052975
-------
157
0.00183733626338064
2.4049116259536605e-18
0.9981626637366193
-------
158
0.0015800198993587119
2.389786395601751e-18
0.9984199801006413
-------
159
0.001692584028740198
2.3748502306292397e-18
0.9983074159712598
-------
160
0.0016121075131231713
2.360099608078747e-18
0.9983878924868769
-------
161
0.0017221617665249226
2.345531091979496e-18
0.998277838233475
-------
162
0.0015837438588199753
2.331141330679008e-18
0.99841625614118
-------
163
0.0019156827185560121
2.316927054272429e-18
0.998084317281444
-------
164
0.0017235776264420892
2.3028850721253233e-18
0.998276422373558
-------
165
0.0017657866770217907
2.2890122704860145e-18
0.9982342133229782
-------
166
0.002065358479666161
2.275305610183703e-18
0.9979346415203338
-------
167
0.00164141851553001
2.2617621244087996e-18
0.99835858148447
-------
168
0.0016015681642301562
2.2483789165720615e-18
0.9983984318357698
-------
169
0.001352708106883948
2.235153158239285e-18
0.9986472918931161
-------
170
0.0016218726309014412
2.22208208713847e-18
0.9983781273690986
-------
171
0.001618286537487111
2.209163005236502e-18
0.9983817134625129
-------
172
0.0018235633532079905
2.1963932768825338e-18
0.998176436646792
-------
173
0.0016550127940089291
2.183770327015393e-18
0.9983449872059911
-------
174
0.0013973522888727288
2.1712916394324477e-18
0.9986026477111273
-------
175
0.0016973731231262501
2.1589547551174905e-18
0.9983026268768738
-------
176
0.001823067146445326
2.1467572706253015e-18
0.9981769328535547
-------
177
0.0014768831630633048
2.134696836520665e-18
0.9985231168369367
-------
178
0.0016651765280566832
2.122771155869712e-18
0.9983348234719434
-------
179
0.0017433044686639865
2.1109779827815462e-18
0.998256695531336
-------
180
0.0015794493897661375
2.099315120998223e-18
0.9984205506102338
-------
181
0.0014676184752583296
2.0877804225312e-18
0.9985323815247417
-------
182
0.0014250236905706559
2.0763717863425044e-18
0.9985749763094294
-------
183
0.0015149353238154777
2.065087157068904e-18
0.9984850646761845
-------
184
0.0015027393308124125
2.0539245237874503e-18
0.9984972606691875
-------
185
0.0013841220377565045
2.0428819188208515e-18
0.9986158779622435
-------
186
0.0012094371161118008
2.0319574165811675e-18
0.9987905628838882
-------
187
0.0017256641552848718
2.0211491324504165e-18
0.9982743358447151
-------
188
0.0015242573013388428
2.010455221696711e-18
0.9984757426986611
-------
189
0.0014262816104733344
1.9998738784246227e-18
0.9985737183895267
-------
190
0.001623419821779079
1.9894033345585254e-18
0.998376580178221
-------
191
0.0016512696944681682
1.9790418588576997e-18
0.9983487303055318
-------
192
0.0013976916604019143
1.9687877559620637e-18
0.9986023083395981
-------
193
0.0016142553549027645
1.9586393654674144e-18
0.9983857446450972
-------
194
0.00140044196102461
1.9485950610291195e-18
0.9985995580389754
-------
195
0.001576889322638238
1.9386532494932567e-18
0.9984231106773618
-------
196
0.0013032506181902491
1.928812370054205e-18
0.9986967493818097
-------
197
0.0013808809611771456
1.9190708934377692e-18
0.9986191190388228
-------
198
0.0015952351723918046
1.9094273211089364e-18
0.9984047648276082
-------
199
0.001508458639716201
1.899880184503392e-18
0.9984915413602838
-------
