tpi=2
0
1.1126033101510235e-06
4.452808039507425e-05
0.9999988873966899
-------
1
4.42887891258941e-06
4.452808039507425e-05
0.9999955711210874
-------
2
1.3263859099264226e-05
4.4528080395074256e-05
0.9999867361409007
-------
3
1.8375000801270315e-05
4.452808039507425e-05
0.9999816249991987
-------
4
2.5648965303340204e-05
4.452808039507425e-05
0.9999743510346967
-------
5
4.407765975311496e-05
4.4528080395074256e-05
0.9999559223402469
-------
6
5.9823893323678444e-05
4.452808039507425e-05
0.9999401761066763
-------
7
6.980106290384902e-05
4.452808039507425e-05
0.9999301989370961
-------
8
7.659430571902496e-05
4.452808039507425e-05
0.999923405694281
-------
9
0.00011843173532457072
4.452808039507425e-05
0.9998815682646754
-------
10
0.00015031566633328644
4.452808039507425e-05
0.9998496843336667
-------
11
0.0001778402543296863
4.4528080395074256e-05
0.9998221597456703
-------
12
0.00018104557868375858
4.452808039507425e-05
0.9998189544213162
-------
13
0.00020121490953699462
4.452808039507425e-05
0.999798785090463
-------
14
0.00019508214836871227
4.452808039507425e-05
0.9998049178516313
-------
15
0.00021720736686558484
4.452808039507425e-05
0.9997827926331344
-------
16
0.00022043779098024276
4.452808039507425e-05
0.9997795622090198
-------
17
0.00024671296897012766
4.452808039507425e-05
0.9997532870310298
-------
18
0.00029970417603971436
4.452808039507425e-05
0.9997002958239602
-------
19
0.00031845271631227007
4.452808039507425e-05
0.9996815472836877
-------
20
0.00028663002840601225
4.452808039507425e-05
0.999713369971594
-------
21
0.00032812589967283994
4.452808039507425e-05
0.9996718741003272
-------
22
0.00034326696590210234
4.4528080395074256e-05
0.9996567330340979
-------
23
0.00036727682258968976
4.4528080395074256e-05
0.9996327231774104
-------
24
0.0003668030694401051
4.4528080395074256e-05
0.9996331969305599
-------
25
0.00034519067295287723
4.452808039507425e-05
0.9996548093270471
-------
26
0.00040314848399581194
4.452808039507425e-05
0.9995968515160042
-------
27
0.0004105841131432905
4.452808039507425e-05
0.9995894158868567
-------
28
0.0003764706856765289
4.452808039507425e-05
0.9996235293143235
-------
29
0.0003624022946914262
4.452808039507425e-05
0.9996375977053086
-------
30
0.000331004402957152
4.4528080395074256e-05
0.9996689955970428
-------
31
0.0003335136526748462
4.452808039507425e-05
0.9996664863473251
-------
32
0.0003956545281670129
4.452808039507425e-05
0.999604345471833
-------
33
0.0004001554691658621
4.452808039507425e-05
0.9995998445308342
-------
34
0.00032368884524782885
4.452808039507425e-05
0.9996763111547522
-------
35
0.00036168377720112986
4.452808039507425e-05
0.9996383162227989
-------
36
0.00029284963447557264
4.452808039507425e-05
0.9997071503655244
-------
37
0.0002581217666495714
4.452808039507425e-05
0.9997418782333505
-------
38
0.0002848667146571032
4.452808039507425e-05
0.9997151332853429
-------
39
0.00032756320627747737
4.452808039507425e-05
0.9996724367937225
-------
40
0.00025442516183383254
4.452808039507425e-05
0.9997455748381662
-------
41
0.00020925908110214705
4.452808039507425e-05
0.9997907409188979
-------
42
0.00024838104257878636
4.4528080395074256e-05
0.9997516189574213
-------
43
0.00018776132503867102
4.452808039507425e-05
0.9998122386749614
-------
44
0.0002070554926295006
4.452808039507425e-05
0.9997929445073706
-------
45
0.00019901125219874666
4.4528080395074256e-05
0.9998009887478012
-------
46
0.00014027199743594512
4.452808039507425e-05
0.9998597280025641
-------
47
0.00014230210270813287
4.4528080395074256e-05
0.9998576978972918
-------
48
0.00011147202105524174
4.452808039507425e-05
0.9998885279789448
-------
49
0.00010599182086693504
4.4528080395074256e-05
0.9998940081791331
-------
50
0.00010141720858051688
4.452808039507425e-05
0.9998985827914195
-------
51
8.417115143231435e-05
4.452808039507425e-05
0.9999158288485677
-------
52
7.167657207226736e-05
4.452808039507425e-05
0.9999283234279277
-------
53
5.694558404499163e-05
4.452808039507425e-05
0.999943054415955
-------
54
5.0519141904375195e-05
4.452808039507425e-05
0.9999494808580957
-------
55
4.883213841687631e-05
4.452808039507425e-05
0.9999511678615831
-------
56
3.374618428788855e-05
4.452808039507425e-05
0.9999662538157121
-------
57
2.894453959894636e-05
4.452808039507425e-05
0.9999710554604011
-------
58
3.2035800105401984e-05
4.452808039507425e-05
0.9999679641998946
-------
59
1.9290607808238988e-05
4.452808039507425e-05
0.9999807093921917
-------
60
1.6936441189660673e-05
4.452808039507425e-05
0.9999830635588104
-------
61
1.3399147966708684e-05
4.4528080395074256e-05
0.9999866008520333
-------
62
1.0022243178585777e-05
4.452808039507425e-05
0.9999899777568214
-------
63
7.534133451150534e-06
4.452808039507425e-05
0.9999924658665489
-------
64
4.827927131134573e-06
4.452808039507425e-05
0.9999951720728689
-------
65
3.954039082408693e-06
4.452808039507425e-05
0.9999960459609176
-------
66
2.802330032860077e-06
4.452808039507425e-05
0.9999971976699671
-------
67
2.0041898182062135e-06
4.452808039507425e-05
0.9999979958101818
-------
68
1.9146477012970337e-06
4.452808039507425e-05
0.9999980853522987
-------
69
1.7740688420060473e-06
4.452808039507425e-05
0.999998225931158
-------
70
1.8629939166680563e-06
4.452808039507425e-05
0.9999981370060833
-------
71
1.853843476587339e-06
4.452808039507425e-05
0.9999981461565234
-------
72
2.239973631865071e-06
4.452808039507425e-05
0.9999977600263681
-------
73
2.026739484015101e-06
4.452808039507425e-05
0.999997973260516
-------
74
3.1951931537429957e-06
4.452808039507425e-05
0.9999968048068463
-------
75
3.5027019881985047e-06
4.452808039507425e-05
0.9999964972980118
-------
76
3.95512165851567e-06
4.452808039507425e-05
0.9999960448783415
-------
77
3.475115375389346e-06
4.452808039507425e-05
0.9999965248846246
-------
78
4.060229395174936e-06
4.452808039507425e-05
0.9999959397706049
-------
79
4.14302025301541e-06
4.452808039507425e-05
0.999995856979747
-------
