δ=10000.0
ΩR=1.0000000000000002
Ωprime=1.0000000000000002
62831853071.79586
628318530.7179587
628318530.7179587
99.99999999999999
4.999999999999999e-07
0
7.599520738013565e-16
0.9846662842516616
0.02625148436129656
0.011029342239789918
-------
1
3.7997603690067825e-16
0.979550962495392
0.037025900268360765
0.01570287230436626
-------
2
2.5331735793378547e-16
0.9798259635056442
0.02801005576094103
0.013915716167765784
-------
3
1.8998801845033912e-16
0.9784771386394988
0.04632818711089877
0.015683870082309138
-------
4
1.5199041476027131e-16
0.9760255078372979
0.04980603266675354
0.01926332537436568
-------
5
1.2665867896689273e-16
0.9830791372337205
0.03891486889907321
0.012978997537406958
-------
6
1.0856458197162235e-16
0.976569955394096
0.05185064267701834
0.01580549674569302
-------
7
