tpi=2
0
1.334474248083464e-06
4.452808039507425e-05
0.9999986655257519
-------
1
4.876138193377593e-06
4.452808039507425e-05
0.9999951238618067
-------
2
1.1348124350027854e-05
4.4528080395074256e-05
0.99998865187565
-------
3
1.9753048631388676e-05
4.452808039507425e-05
0.9999802469513686
-------
4
2.8444774986255326e-05
4.452808039507425e-05
0.9999715552250138
-------
5
4.221916726837124e-05
4.4528080395074256e-05
0.9999577808327317
-------
6
5.793505859815345e-05
4.452808039507425e-05
0.9999420649414018
-------
7
8.42557859624447e-05
4.452808039507425e-05
0.9999157442140375
-------
8
0.00010278422424008685
4.452808039507425e-05
0.99989721577576
-------
9
0.0001268050273310969
4.452808039507425e-05
0.9998731949726689
-------
10
0.00013630029717388718
4.452808039507425e-05
0.9998636997028261
-------
11
0.00019074726219098267
4.4528080395074256e-05
0.999809252737809
-------
12
0.00016319956989145645
4.452808039507425e-05
0.9998368004301086
-------
13
0.0002358985193411841
4.452808039507425e-05
0.9997641014806589
-------
14
0.000295514047604064
4.452808039507425e-05
0.9997044859523959
-------
15
0.0002499389911691724
4.452808039507425e-05
0.9997500610088308
-------
16
0.0002672910625069042
4.452808039507425e-05
0.9997327089374931
-------
17
0.00032887347633515874
4.452808039507425e-05
0.9996711265236649
-------
18
0.0003507073827892755
4.452808039507425e-05
0.9996492926172107
-------
19
0.00039274959938898177
4.452808039507425e-05
0.999607250400611
-------
20
0.0003837411783582536
4.452808039507425e-05
0.9996162588216417
-------
21
0.00048162381209502266
4.452808039507425e-05
0.999518376187905
-------
22
0.0005655494487951696
4.4528080395074256e-05
0.9994344505512048
-------
23
0.0005155238506990595
4.4528080395074256e-05
0.9994844761493009
-------
24
0.0005711667448003281
4.4528080395074256e-05
0.9994288332551997
-------
25
0.0006044399869983574
4.452808039507425e-05
0.9993955600130017
-------
26
0.0006022236666873244
4.452808039507425e-05
0.9993977763333127
-------
27
0.0006423484309587969
4.452808039507425e-05
0.9993576515690412
-------
28
0.0006282406991969148
4.452808039507425e-05
0.9993717593008031
-------
29
0.0006598180912808421
4.452808039507425e-05
0.9993401819087192
-------
30
0.0006078780150730977
4.4528080395074256e-05
0.9993921219849269
-------
31
0.0006994895848497782
4.452808039507425e-05
0.9993005104151502
-------
32
0.0007601542675154207
4.452808039507425e-05
0.9992398457324846
-------
33
0.0008157289033288047
4.452808039507425e-05
0.9991842710966712
-------
34
0.0006827579062657887
4.452808039507425e-05
0.9993172420937342
-------
35
0.0006213067979597865
4.452808039507425e-05
0.9993786932020402
-------
36
0.0006588017811813304
4.452808039507425e-05
0.9993411982188186
-------
37
0.0005958808050917884
4.452808039507425e-05
0.9994041191949082
-------
38
0.0006234660189282094
4.452808039507425e-05
0.9993765339810717
-------
39
0.0006064380589080117
4.452808039507425e-05
0.999393561941092
-------
40
0.0005377088805450692
4.452808039507425e-05
0.999462291119455
-------
41
0.0006165943938495544
4.452808039507425e-05
0.9993834056061505
-------
42
0.0005044356923511368
4.4528080395074256e-05
0.9994955643076489
-------
43
0.0005203235206316119
4.452808039507425e-05
0.9994796764793684
-------
44
0.000534906146480994
4.452808039507425e-05
0.999465093853519
-------
45
0.0004315236486570407
4.4528080395074256e-05
0.9995684763513429
-------
46
0.00042634679550072587
4.452808039507425e-05
0.9995736532044993
-------
47
0.0003972492734598479
4.4528080395074256e-05
0.9996027507265401
-------
48
0.0003664167968352408
4.452808039507425e-05
0.9996335832031648
-------
49
0.00036069319138364053
4.4528080395074256e-05
0.9996393068086163
-------
50
0.00029938330657454875
4.452808039507425e-05
0.9997006166934255
-------
51
0.0002947229327768682
4.452808039507425e-05
0.9997052770672231
-------
52
0.00024912924665903435
4.452808039507425e-05
0.999750870753341
-------
53
0.0002097813260109326
4.452808039507425e-05
0.9997902186739891
-------
54
0.00018557312880006016
4.452808039507425e-05
0.9998144268711999
-------
55
0.00015139905500870658
4.452808039507425e-05
0.9998486009449913
-------
56
0.00014580519599755116
4.452808039507425e-05
0.9998541948040024
-------
57
0.00011710348530189412
4.452808039507425e-05
0.9998828965146981
-------
58
8.84744004930808e-05
4.452808039507425e-05
0.9999115255995069
-------
59
7.912679778685039e-05
4.452808039507425e-05
0.9999208732022131
-------
60
6.135000033307765e-05
4.452808039507425e-05
0.999938649999667
-------
61
5.449290802936333e-05
4.4528080395074256e-05
0.9999455070919706
-------
62
3.4976349047430735e-05
4.452808039507425e-05
0.9999650236509525
-------
63
2.4120943920242136e-05
4.452808039507425e-05
0.9999758790560798
-------
64
2.2259725765157558e-05
4.452808039507425e-05
0.9999777402742348
-------
65
1.3265156975102248e-05
4.452808039507425e-05
0.9999867348430249
-------
66
1.0682904510761074e-05
4.452808039507425e-05
0.9999893170954892
-------
67
1.0448596356387862e-05
4.452808039507425e-05
0.9999895514036437
-------
68
7.64338403360407e-06
4.452808039507425e-05
0.9999923566159664
-------
69
8.682410114813679e-06
4.452808039507425e-05
0.9999913175898851
-------
70
8.496509538686665e-06
4.452808039507425e-05
0.9999915034904613
-------
71
9.319117371558627e-06
4.452808039507425e-05
0.9999906808826284
-------
72
1.1243418262626727e-05
4.452808039507425e-05
0.9999887565817374
-------
73
1.3803491298652883e-05
4.452808039507425e-05
0.9999861965087014
-------
74
2.0613569856952717e-05
4.452808039507425e-05
0.9999793864301431
-------
75
2.713754135974949e-05
4.452808039507425e-05
0.9999728624586403
-------
76
2.4069306140956223e-05
4.452808039507425e-05
0.999975930693859
-------
77
2.7323464790090153e-05
4.452808039507425e-05
0.9999726765352099
-------
78
2.2552837166696656e-05
4.452808039507425e-05
0.9999774471628333
-------
79
2.955018820254762e-05
4.452808039507425e-05
0.9999704498117975
-------
