δ=10000.0
ΩR=1.0000000000000002
Ωprime=1.0000000000000002
62831853071.79586
628318530.7179587
628318530.7179587
99.99999999999999
4.999999999999999e-07
0
7.599520738013565e-16
0.9913384006083908
0.011726799849442563
0.006025852855765346
-------
1
3.7997603690067825e-16
0.9916652148207263
0.011659811685086563
0.005501601837896117
-------
2
2.5331735793378547e-16
0.9920221461362319
0.011778497670873602
0.004875391180333452
-------
3
1.8998801845033912e-16
0.9910197866544302
0.012522107958594559
0.005781321473722512
-------
4
1.5199041476027131e-16
0.9919105509123783
0.014147016299924027
0.005162320679234312
-------
5
1.2665867896689273e-16
0.9893605849214108
0.012901563841304399
0.007211124220536979
-------
6
1.0856458197162235e-16
0.9908909750079882
0.010865196687571419
0.00514076826574008
-------
7
9.499400922516956e-17
0.9917418632026027
0.014934340651822267
0.005856388146777258
-------
8
8.443911931126183e-17
0.9908124889533153
0.014042315416689384
0.0058201970723073095
-------
9
7.599520738013566e-17
0.9912884539365024
0.013768968635807151
0.005953252599700768
-------
10
6.90865521637597e-17
0.9917979941930375
0.010082353742268074
0.005488547927754367
-------
11
6.332933948344637e-17
0.9914233711226437
0.011627158460001487
0.00549655106956838
-------
12
5.845785183087358e-17
0.9916841007811671
0.011760913640939927
0.0054127344393692855
-------
13
5.428229098581118e-17
0.9899245038873689
0.013463159682355086
0.006347389807349503
-------
14
