tpi=2
0
1.0034897126335846e-09
4.452808039507425e-05
0.9999999989965103
-------
1
1.679644231585213e-08
4.452808039507425e-05
0.9999999832035577
-------
2
8.034494001758494e-08
4.4528080395074256e-05
0.99999991965506
-------
3
2.591476297937576e-07
4.452808039507425e-05
0.9999997408523702
-------
4
5.699840274515224e-07
4.452808039507425e-05
0.9999994300159726
-------
5
1.0838988618740555e-06
4.4528080395074256e-05
0.9999989161011381
-------
6
2.2413434923043714e-06
4.452808039507425e-05
0.9999977586565076
-------
7
3.756329412030211e-06
4.452808039507425e-05
0.9999962436705879
-------
8
6.3649795876028645e-06
4.452808039507425e-05
0.9999936350204124
-------
9
9.761243371522305e-06
4.452808039507425e-05
0.9999902387566285
-------
10
1.5172303733232169e-05
4.452808039507425e-05
0.9999848276962667
-------
11
1.7718806256704204e-05
4.4528080395074256e-05
0.9999822811937433
-------
12
1.996271350460669e-05
4.452808039507425e-05
0.9999800372864954
-------
13
2.7433482325796364e-05
4.452808039507425e-05
0.9999725665176742
-------
14
3.735208766137063e-05
4.452808039507425e-05
0.9999626479123386
-------
15
4.80367227505347e-05
4.452808039507425e-05
0.9999519632772494
-------
16
6.114007711009958e-05
4.452808039507425e-05
0.9999388599228899
-------
17
6.961748245621592e-05
4.452808039507425e-05
0.9999303825175437
-------
18
8.520643581334769e-05
4.452808039507425e-05
0.9999147935641867
-------
19
9.239421098386536e-05
4.452808039507425e-05
0.9999076057890162
-------
20
0.00010330553094918328
4.452808039507425e-05
0.9998966944690508
-------
21
0.00013327579106056558
4.452808039507425e-05
0.9998667242089394
-------
22
0.00014516143423029637
4.4528080395074256e-05
0.9998548385657697
-------
23
0.00015835929945368324
4.4528080395074256e-05
0.9998416407005463
-------
24
0.0001795678839385248
4.4528080395074256e-05
0.9998204321160615
-------
25
0.00021889736188987228
4.452808039507425e-05
0.9997811026381102
-------
26
0.00024035521806388632
4.452808039507425e-05
0.9997596447819361
-------
27
0.0001996784375261259
4.452808039507425e-05
0.9998003215624739
-------
28
0.00029925108333407374
4.452808039507425e-05
0.9997007489166659
-------
29
0.00032017621768081606
4.452808039507425e-05
0.9996798237823192
-------
30
0.000302149472900762
4.4528080395074256e-05
0.9996978505270993
-------
31
0.00033918242229454996
4.452808039507425e-05
0.9996608175777054
-------
32
0.00033662260190824424
4.452808039507425e-05
0.9996633773980917
-------
33
0.00042523543559733093
4.452808039507425e-05
0.9995747645644026
-------
34
0.00034814128393135087
4.452808039507425e-05
0.9996518587160687
-------
35
0.0003566095467786478
4.452808039507425e-05
0.9996433904532214
-------
36
0.0004064353703586866
4.452808039507425e-05
0.9995935646296413
-------
37
0.0003447683636858645
4.452808039507425e-05
0.9996552316363141
-------
38
0.00037153847246837424
4.452808039507425e-05
0.9996284615275316
-------
39
0.00039025984863183685
4.452808039507425e-05
0.9996097401513682
-------
40
0.0004574035816214423
4.452808039507425e-05
0.9995425964183785
-------
41
0.0003565778910706276
4.452808039507425e-05
0.9996434221089294
-------
42
0.0003623663744554449
4.4528080395074256e-05
0.9996376336255446
-------
43
0.0003190155725656027
4.452808039507425e-05
0.9996809844274344
-------
44
0.00033953050448754044
4.452808039507425e-05
0.9996604694955125
-------
45
0.00028218370853240503
4.4528080395074256e-05
0.9997178162914676
-------
46
0.0003033772136477603
4.452808039507425e-05
0.9996966227863522
-------
47
0.00024632203646992673
4.4528080395074256e-05
0.9997536779635301
-------
48
0.0002546402698694798
4.452808039507425e-05
0.9997453597301306
-------
49
0.0001913302860872389
4.4528080395074256e-05
0.9998086697139128
-------
50
0.000225683378763496
4.452808039507425e-05
0.9997743166212365
-------
51
0.00017850261013629
4.452808039507425e-05
0.9998214973898637
-------
52
0.0001871429261046446
4.452808039507425e-05
0.9998128570738953
-------
53
0.00014583492519495292
4.452808039507425e-05
0.9998541650748051
-------
54
0.00014116477949855754
4.452808039507425e-05
0.9998588352205015
-------
55
0.00010755179434420805
4.452808039507425e-05
0.9998924482056558
-------
56
8.809905283624593e-05
4.452808039507425e-05
0.9999119009471638
-------
57
8.4227259255353e-05
4.452808039507425e-05
0.9999157727407446
-------
58
7.170913112777489e-05
4.452808039507425e-05
0.9999282908688722
-------
59
6.51211128176551e-05
4.452808039507425e-05
0.9999348788871824
-------
60
4.4341894400047617e-05
4.452808039507425e-05
0.9999556581055999
-------
61
3.572770379109922e-05
4.4528080395074256e-05
0.9999642722962089
-------
62
3.00085774728552e-05
4.452808039507425e-05
0.9999699914225272
-------
63
1.9187897525137905e-05
4.452808039507425e-05
0.9999808121024749
-------
64
1.4868057348379979e-05
4.452808039507425e-05
0.9999851319426516
-------
65
1.1449857870815248e-05
4.452808039507425e-05
0.9999885501421292
-------
66
9.767779861836407e-06
4.452808039507425e-05
0.9999902322201382
-------
67
7.365538565555991e-06
4.452808039507425e-05
0.9999926344614345
-------
68
7.044946991669373e-06
4.452808039507425e-05
0.9999929550530083
-------
69
5.933726829429716e-06
4.452808039507425e-05
0.9999940662731706
-------
70
6.6056843582844704e-06
4.452808039507425e-05
0.9999933943156417
-------
71
9.816322078487357e-06
4.452808039507425e-05
0.9999901836779215
-------
72
9.419664299042138e-06
4.452808039507425e-05
0.999990580335701
-------
73
1.4829116951555802e-05
4.452808039507425e-05
0.9999851708830484
-------
74
1.4949991111854652e-05
4.452808039507425e-05
0.9999850500088882
-------
75
1.8588485317062544e-05
4.452808039507425e-05
0.9999814115146829
-------
76
1.867760525649063e-05
4.452808039507425e-05
0.9999813223947435
-------
77
2.11825743549518e-05
4.452808039507425e-05
0.9999788174256451
-------
78
1.9053623404105924e-05
4.452808039507425e-05
0.9999809463765958
-------
79
2.5535075990338447e-05
4.452808039507425e-05
0.9999744649240097
-------
