tpi=1
0
1.2782502640017252e-07
4.452808039507425e-05
0.9999998721749735
-------
1
4.284142538805279e-07
4.452808039507425e-05
0.9999995715857461
-------
2
1.1252971594120887e-06
4.4528080395074256e-05
0.9999988747028405
-------
3
1.753784393054449e-06
4.452808039507425e-05
0.999998246215607
-------
4
2.8105374591263198e-06
4.452808039507425e-05
0.9999971894625409
-------
5
4.578402737285021e-06
4.4528080395074256e-05
0.9999954215972627
-------
6
5.103538262689162e-06
4.452808039507425e-05
0.9999948964617373
-------
7
6.888254395805438e-06
4.452808039507425e-05
0.9999931117456042
-------
8
8.313885896203072e-06
4.452808039507425e-05
0.9999916861141038
-------
9
9.603541975603898e-06
4.452808039507425e-05
0.9999903964580243
-------
10
1.3790657332187891e-05
4.452808039507425e-05
0.9999862093426678
-------
11
1.5626171100767454e-05
4.4528080395074256e-05
0.9999843738288993
-------
12
1.5520463685908812e-05
4.452808039507425e-05
0.9999844795363141
-------
13
2.1691597042881256e-05
4.452808039507425e-05
0.9999783084029571
-------
14
2.3584325413433423e-05
4.452808039507425e-05
0.9999764156745866
-------
15
3.107360359796809e-05
4.452808039507425e-05
0.999968926396402
-------
16
3.129907428665463e-05
4.452808039507425e-05
0.9999687009257133
-------
17
3.2491374458838595e-05
4.452808039507425e-05
0.9999675086255412
-------
18
4.404895366013427e-05
4.452808039507425e-05
0.9999559510463398
-------
19
3.564865464774761e-05
4.452808039507425e-05
0.9999643513453522
-------
20
4.729454392490326e-05
4.452808039507425e-05
0.9999527054560751
-------
21
4.68241588496295e-05
4.452808039507425e-05
0.9999531758411504
-------
22
5.362997103387065e-05
4.4528080395074256e-05
0.9999463700289661
-------
23
6.153535180682717e-05
4.4528080395074256e-05
0.9999384646481931
-------
24
4.894774917962658e-05
4.4528080395074256e-05
0.9999510522508204
-------
25
5.9326370399992525e-05
4.452808039507425e-05
0.9999406736296
-------
26
8.643482250534383e-05
4.452808039507425e-05
0.9999135651774946
-------
27
6.0185931819168756e-05
4.452808039507425e-05
0.9999398140681808
-------
28
7.22503920901693e-05
4.452808039507425e-05
0.9999277496079099
-------
29
9.072334589312535e-05
4.452808039507425e-05
0.9999092766541069
-------
30
8.855558932834365e-05
4.4528080395074256e-05
0.9999114444106717
-------
31
7.727489430809056e-05
4.452808039507425e-05
0.9999227251056919
-------
32
7.629261856663289e-05
4.452808039507425e-05
0.9999237073814333
-------
33
7.498107176983028e-05
4.452808039507425e-05
0.9999250189282302
-------
34
9.044595386623912e-05
4.452808039507425e-05
0.9999095540461338
-------
35
7.974845048066585e-05
4.452808039507425e-05
0.9999202515495194
-------
36
0.00010931645105619932
4.452808039507425e-05
0.9998906835489438
-------
37
9.875111033248573e-05
4.452808039507425e-05
0.9999012488896675
-------
38
0.00010622901856689335
4.452808039507425e-05
0.9998937709814331
-------
39
9.527233988038189e-05
4.452808039507425e-05
0.9999047276601196
-------
40
9.695259230719472e-05
4.452808039507425e-05
0.9999030474076928
-------
41
0.00010008629867979315
4.452808039507425e-05
0.9998999137013203
-------
42
0.00010229425064302635
4.4528080395074256e-05
0.999897705749357
-------
43
0.00011195883902998659
4.452808039507425e-05
0.99988804116097
-------
44
9.580302240087044e-05
4.452808039507425e-05
0.9999041969775991
-------
45
9.924213427561334e-05
4.4528080395074256e-05
0.9999007578657244
-------
46
9.337771923310298e-05
4.452808039507425e-05
0.9999066222807669
-------
47
0.00011135512584687785
4.4528080395074256e-05
0.9998886448741531
-------
48
0.00010240917921021351
4.452808039507425e-05
0.9998975908207898
-------
49
0.00011219221986176199
4.4528080395074256e-05
0.9998878077801382
-------
50
9.628458613963844e-05
4.452808039507425e-05
0.9999037154138604
-------
51
0.00010031660260526352
4.452808039507425e-05
0.9998996833973948
-------
52
9.434459891379607e-05
4.452808039507425e-05
0.9999056554010862
-------
53
9.596159177712718e-05
4.452808039507425e-05
0.9999040384082228
-------
54
8.77497974024052e-05
4.452808039507425e-05
0.9999122502025976
-------
55
9.144642661278433e-05
4.452808039507425e-05
0.9999085535733873
-------
56
7.129261115376813e-05
4.452808039507425e-05
0.9999287073888462
-------
57
9.833120466728012e-05
4.452808039507425e-05
0.9999016687953327
-------
58
7.324691657037434e-05
4.452808039507425e-05
0.9999267530834296
-------
59
8.642057215347086e-05
4.452808039507425e-05
0.9999135794278465
-------
60
9.720775065359007e-05
4.452808039507425e-05
0.9999027922493464
-------
61
9.835383385130178e-05
4.4528080395074256e-05
0.9999016461661487
-------
62
7.475124990481273e-05
4.452808039507425e-05
0.9999252487500951
-------
63
8.55696696863233e-05
4.452808039507425e-05
0.9999144303303137
-------
64
7.874393937792004e-05
4.452808039507425e-05
0.9999212560606221
-------
65
7.227908266582859e-05
4.452808039507425e-05
0.9999277209173342
-------
66
6.214872106924829e-05
4.452808039507425e-05
0.9999378512789308
-------
67
5.1209606729346835e-05
4.452808039507425e-05
0.9999487903932707
-------
68
6.663321072931275e-05
4.452808039507425e-05
0.9999333667892707
-------
69
6.34839172200941e-05
4.452808039507425e-05
0.9999365160827799
-------
70
5.465819209175717e-05
4.452808039507425e-05
0.9999453418079083
-------
71
5.093884426971942e-05
4.452808039507425e-05
0.9999490611557302
-------
72
4.552290174396978e-05
4.452808039507425e-05
0.999954477098256
-------
73
4.623044478678465e-05
4.452808039507425e-05
0.9999537695552132
-------
74
3.65324999878646e-05
4.452808039507425e-05
0.9999634675000121
-------
75
4.668472265172958e-05
4.452808039507425e-05
0.9999533152773483
-------
76
3.904062776066248e-05
4.452808039507425e-05
0.9999609593722394
-------
77
3.608765888495902e-05
4.452808039507425e-05
0.999963912341115
-------
78
3.3128517826110725e-05
4.452808039507425e-05
0.9999668714821739
-------
79
3.194875921179397e-05
4.452808039507425e-05
0.9999680512407882
-------
