tpi=1
0
0.00013247272054338235
4.452808039507425e-05
0.9998675272794566
-------
1
0.0001646476280857621
4.452808039507425e-05
0.9998353523719142
-------
2
0.00016385313403250638
4.4528080395074256e-05
0.9998361468659674
-------
3
0.0001288520875277098
4.452808039507425e-05
0.9998711479124723
-------
4
0.00015324612758617953
4.452808039507425e-05
0.9998467538724138
-------
5
0.00014937403698774937
4.4528080395074256e-05
0.9998506259630122
-------
6
0.00014232630886273668
4.452808039507425e-05
0.9998576736911373
-------
7
0.0001300377574062063
4.452808039507425e-05
0.9998699622425938
-------
8
0.00011029927601665567
4.452808039507425e-05
0.9998897007239833
-------
9
0.0001239021401466601
4.452808039507425e-05
0.9998760978598533
-------
10
0.00013435371196436456
4.452808039507425e-05
0.9998656462880356
-------
11
0.00013213288956442595
4.4528080395074256e-05
0.9998678671104356
-------
12
0.00015291822044539074
4.452808039507425e-05
0.9998470817795546
-------
13
0.00011827957060567267
4.452808039507425e-05
0.9998817204293944
-------
14
0.00012359590548009777
4.452808039507425e-05
0.9998764040945199
-------
15
0.0001248998169964484
4.452808039507425e-05
0.9998751001830035
-------
16
0.0001296744335743877
4.452808039507425e-05
0.9998703255664256
-------
17
0.0001082065057185258
4.452808039507425e-05
0.9998917934942815
-------
18
0.00011882585805558923
4.452808039507425e-05
0.9998811741419444
-------
19
0.00013433742704542785
4.452808039507425e-05
0.9998656625729546
-------
20
0.00013273968367319116
4.452808039507425e-05
0.9998672603163268
-------
21
0.00011141339907849742
4.452808039507425e-05
0.9998885866009215
-------
22
0.00011449114910581291
4.4528080395074256e-05
0.9998855088508942
-------
23
0.00011838085399079841
4.4528080395074256e-05
0.9998816191460091
-------
24
0.0001176336781060652
4.4528080395074256e-05
0.999882366321894
-------
25
0.00012350037846324468
4.452808039507425e-05
0.9998764996215368
-------
26
0.00010383245842249347
4.452808039507425e-05
0.9998961675415775
-------
27
0.00010879438980323411
4.452808039507425e-05
0.9998912056101967
-------
28
8.806247388913652e-05
4.452808039507425e-05
0.9999119375261108
-------
29
9.23617757867399e-05
4.452808039507425e-05
0.9999076382242132
-------
30
9.930189918543049e-05
4.4528080395074256e-05
0.9999006981008146
-------
31
9.600050764835548e-05
4.452808039507425e-05
0.9999039994923516
-------
32
8.984792050858419e-05
4.452808039507425e-05
0.9999101520794914
-------
33
8.861968725603249e-05
4.452808039507425e-05
0.999911380312744
-------
34
7.237769749436709e-05
4.452808039507425e-05
0.9999276223025056
-------
35
8.222403682113818e-05
4.452808039507425e-05
0.9999177759631789
-------
36
7.617867233553771e-05
4.452808039507425e-05
0.9999238213276644
-------
37
7.607819644683573e-05
4.452808039507425e-05
0.9999239218035532
-------
38
8.200240590378533e-05
4.452808039507425e-05
0.9999179975940962
-------
39
7.602159337622723e-05
4.452808039507425e-05
0.9999239784066237
-------
40
6.252747799463861e-05
4.452808039507425e-05
0.9999374725220054
-------
41
6.126306473249939e-05
4.452808039507425e-05
0.9999387369352675
-------
42
7.045523606718602e-05
4.4528080395074256e-05
0.9999295447639328
-------
43
5.032940548527858e-05
4.452808039507425e-05
0.9999496705945147
-------
44
6.274209475583709e-05
4.452808039507425e-05
0.9999372579052441
-------
45
5.948514036694512e-05
4.4528080395074256e-05
0.9999405148596331
-------
46
5.389486789019874e-05
4.452808039507425e-05
0.9999461051321098
-------
47
4.6242632393136584e-05
4.4528080395074256e-05
0.9999537573676068
-------
48
5.097228404714557e-05
4.452808039507425e-05
0.9999490277159528
-------
49
5.1246855052625285e-05
4.4528080395074256e-05
0.9999487531449474
-------
50
5.496001704408806e-05
4.452808039507425e-05
0.9999450399829559
-------
51
3.965614727809409e-05
4.452808039507425e-05
0.9999603438527219
-------
52
4.31262440108741e-05
4.452808039507425e-05
0.9999568737559891
-------
53
4.152290685804571e-05
4.452808039507425e-05
0.999958477093142
-------
54
3.511713603707163e-05
4.452808039507425e-05
0.9999648828639629
-------
55
3.439717390723784e-05
4.452808039507425e-05
0.9999656028260928
-------
56
3.389482279132712e-05
4.452808039507425e-05
0.9999661051772086
-------
57
3.7455877259796435e-05
4.452808039507425e-05
0.9999625441227402
-------
58
3.282530752605742e-05
4.452808039507425e-05
0.999967174692474
-------
59
3.453403826891601e-05
4.452808039507425e-05
0.9999654659617311
-------
60
2.3786745220104693e-05
4.452808039507425e-05
0.9999762132547799
-------
61
2.6136724033193502e-05
4.4528080395074256e-05
0.9999738632759668
-------
62
2.4367142911183283e-05
4.452808039507425e-05
0.9999756328570888
-------
63
2.3680511648011912e-05
4.452808039507425e-05
0.999976319488352
-------
64
2.305343077430906e-05
4.452808039507425e-05
0.9999769465692256
-------
65
1.7461734725607534e-05
4.452808039507425e-05
0.9999825382652744
-------
66
1.9257965754889663e-05
4.452808039507425e-05
0.9999807420342451
-------
67
1.7749015099006144e-05
4.452808039507425e-05
0.999982250984901
-------
68
1.5370157066836564e-05
4.452808039507425e-05
0.9999846298429331
-------
69
1.6604824699544453e-05
4.452808039507425e-05
0.9999833951753004
-------
70
1.0917598634116728e-05
4.452808039507425e-05
0.9999890824013659
-------
71
1.4103163214740228e-05
4.452808039507425e-05
0.9999858968367853
-------
72
1.189872663263525e-05
4.452808039507425e-05
0.9999881012733673
-------
73
1.2342125248516123e-05
4.452808039507425e-05
0.9999876578747515
-------
74
1.0216084245785607e-05
4.452808039507425e-05
0.9999897839157542
-------
75
8.803538286782862e-06
4.452808039507425e-05
0.9999911964617132
-------
76
8.988468871098403e-06
4.452808039507425e-05
0.9999910115311289
-------
77
7.2279886747135095e-06
4.452808039507425e-05
0.9999927720113253
-------
78
6.537302041953771e-06
4.452808039507425e-05
0.9999934626979581
-------
79
5.391523500279656e-06
4.452808039507425e-05
0.9999946084764997
-------
