f3swp1_1113.txt
δ=1999.9999999999998
ΩR=0.9999391999999999
Ωprime=0.9999391999999999
12566370614.35917
280984046.9370711
280984046.9370711
5.000304018484324e-07
nl is 117
0
4.452808039507425e-05
0.9999970887954724
-------
1
4.452808039507425e-05
0.9999964370603975
-------
2
4.4528080395074256e-05
0.9999950224512305
-------
3
4.452808039507425e-05
0.9999937064658564
-------
4
4.452808039507425e-05
0.9999920710084853
-------
5
4.4528080395074256e-05
0.9999891683740816
-------
6
4.452808039507425e-05
0.9999850283310858
-------
7
4.452808039507425e-05
0.9999808431843199
-------
8
4.452808039507424e-05
0.9999800319483215
-------
9
4.452808039507425e-05
0.9999723695867208
-------
10
4.452808039507425e-05
0.9999676559445538
-------
11
4.4528080395074256e-05
0.9999644282272143
-------
12
4.4528080395074256e-05
0.999958952066326
-------
13
4.452808039507425e-05
0.9999553912140949
-------
14
4.452808039507425e-05
0.9999441244836956
-------
15
4.452808039507425e-05
0.9999507061616614
-------
16
4.4528080395074256e-05
0.9999398821247626
-------
17
4.452808039507424e-05
0.9999264146688333
-------
18
4.452808039507425e-05
0.9999299763881685
-------
19
4.452808039507425e-05
0.999917722529774
-------
20
4.452808039507425e-05
0.9999055265030041
-------
21
4.452808039507425e-05
0.9999048355630495
-------
22
4.452808039507425e-05
0.9999016470754097
-------
23
4.4528080395074256e-05
0.9998885461619661
-------
24
4.4528080395074256e-05
0.9998899813705853
-------
25
4.4528080395074256e-05
0.9998782037675858
-------
26
4.452808039507425e-05
0.9998455558043161
-------
27
4.452808039507425e-05
0.9998676972783697
-------
28
4.452808039507425e-05
0.9998652962957293
-------
29
4.452808039507425e-05
0.9998390822601991
-------
30
4.4528080395074256e-05
0.9998417201798929
-------
31
4.452808039507425e-05
0.9998155643535296
-------
32
4.452808039507425e-05
0.9998331620470536
-------
33
4.4528080395074256e-05
0.999808141448913
-------
34
4.452808039507424e-05
0.999821897070965
-------
35
4.452808039507424e-05
0.9998153996997233
-------
36
4.452808039507425e-05
0.9998071071084176
-------
37
4.452808039507425e-05
0.9998189482689548
-------
38
4.4528080395074256e-05
0.9998129542991668
-------
39
4.452808039507425e-05
0.9997748470033188
-------
40
4.452808039507425e-05
0.9998213281677693
-------
41
4.452808039507425e-05
0.9998256981313727
-------
42
4.4528080395074256e-05
0.9998041949288788
-------
43
4.452808039507425e-05
0.9997925485562719
-------
44
4.452808039507425e-05
0.9997941067072351
-------
45
4.452808039507425e-05
0.9997793488148446
-------
46
4.452808039507425e-05
0.999770588479376
-------
47
4.4528080395074256e-05
0.9997747543353683
-------
48
4.452808039507425e-05
0.9997763256265843
-------
49
4.4528080395074256e-05
0.9997965561589629
-------
50
4.452808039507425e-05
0.9997846789112074
-------
51
4.4528080395074256e-05
0.9998070483982415
-------
52
4.4528080395074256e-05
0.9997795439357273
-------
53
4.452808039507425e-05
0.999817487352801
-------
54
4.4528080395074256e-05
0.9998041364772734
-------
55
4.452808039507425e-05
0.9998125921142885
-------
56
4.452808039507425e-05
0.9998065127211192
-------
57
4.452808039507425e-05
0.9998305829490297
-------
58
4.452808039507425e-05
0.9998270328794249
-------
59
4.452808039507425e-05
0.9998235766532381
-------
60
4.452808039507425e-05
0.9998134291954498
-------
61
4.4528080395074256e-05
0.9998372434995143
-------
62
4.452808039507425e-05
0.9998315089514611
-------
63
4.452808039507425e-05
0.9998536252485501
-------
64
4.452808039507425e-05
0.9998586539721216
-------
65
4.452808039507425e-05
0.9998385116704718
-------
66
4.452808039507425e-05
0.9998699793142667
-------
67
4.4528080395074256e-05
0.9998664484819669
-------
68
4.452808039507425e-05
0.9998639149560968
-------
69
4.452808039507424e-05
0.9998778087515482
-------
70
4.4528080395074256e-05
0.9998795713378762
-------
71
4.452808039507424e-05
0.9998930208315774
-------
72
4.4528080395074256e-05
0.9999074836313743
-------
73
4.452808039507425e-05
0.9998992545642958
-------
74
4.452808039507425e-05
0.9999155503493153
-------
75
4.452808039507425e-05
0.999912859456118
-------
76
4.4528080395074256e-05
0.9999287710404434
-------
77
4.4528080395074256e-05
0.9999335535856647
-------
78
4.452808039507425e-05
0.9999368389354493
-------
79
4.452808039507425e-05
0.9999342999900988
-------
