f3swp2_1113.txt
δ=1999.9999999999998
ΩR=0.9999391999999999
Ωprime=0.9999391999999999
12566370614.35917
280984046.9370711
280984046.9370711
5.000304018484324e-07
nl is 117
0
4.452808039507425e-05
0.9999894399859975
-------
1
4.452808039507425e-05
0.9999894205385155
-------
2
4.4528080395074256e-05
0.9999892866895792
-------
3
4.452808039507425e-05
0.9999890047684199
-------
4
4.452808039507425e-05
0.9999883615452647
-------
5
4.4528080395074256e-05
0.9999868014646324
-------
6
4.452808039507425e-05
0.9999846536960957
-------
7
4.452808039507425e-05
0.9999815617860205
-------
8
4.452808039507424e-05
0.9999780451865816
-------
9
4.452808039507425e-05
0.9999717306262792
-------
10
4.452808039507425e-05
0.999962967314973
-------
11
4.4528080395074256e-05
0.9999503723523372
-------
12
4.4528080395074256e-05
0.9999441215834279
-------
13
4.452808039507425e-05
0.9999242303105403
-------
14
4.452808039507425e-05
0.999914327717235
-------
15
4.452808039507425e-05
0.999883083405992
-------
16
4.4528080395074256e-05
0.9998654047147671
-------
17
4.452808039507424e-05
0.9998418385804769
-------
18
4.452808039507425e-05
0.9998261233409762
-------
19
4.452808039507425e-05
0.9997770939920494
-------
20
4.452808039507425e-05
0.9997204182393074
-------
21
4.452808039507425e-05
0.9997034291606667
-------
22
4.452808039507425e-05
0.999707500552981
-------
23
4.4528080395074256e-05
0.9996479213447296
-------
24
4.4528080395074256e-05
0.9995841756118443
-------
25
4.4528080395074256e-05
0.9995907360048752
-------
26
4.452808039507425e-05
0.9995303760000819
-------
27
4.452808039507425e-05
0.9995074667213515
-------
28
4.452808039507425e-05
0.9994472134564631
-------
29
4.452808039507425e-05
0.9994916704802255
-------
30
4.4528080395074256e-05
0.9993909139747561
-------
31
4.452808039507425e-05
0.9993088158697508
-------
32
4.452808039507425e-05
0.9993592450922292
-------
33
4.4528080395074256e-05
0.9992856573662108
-------
34
4.452808039507424e-05
0.9992605079225088
-------
35
4.452808039507424e-05
0.9992329332562139
-------
36
4.452808039507425e-05
0.9992616674714485
-------
37
4.452808039507425e-05
0.9992419955605525
-------
38
4.4528080395074256e-05
0.99920614131561
-------
39
4.452808039507425e-05
0.9992829187128976
-------
40
4.452808039507425e-05
0.999227849913808
-------
41
4.452808039507425e-05
0.9992216461764882
-------
42
4.4528080395074256e-05
0.9993126259283905
-------
43
4.452808039507425e-05
0.9993570080023213
-------
44
4.452808039507425e-05
0.9992959670557228
-------
45
4.452808039507425e-05
0.9993263307341648
-------
46
4.452808039507425e-05
0.9994320577935902
-------
47
4.4528080395074256e-05
0.9995157074564411
-------
48
4.452808039507425e-05
0.9994976169354992
-------
49
4.4528080395074256e-05
0.9995097997758388
-------
50
4.452808039507425e-05
0.9995376371383646
-------
51
4.4528080395074256e-05
0.9996448268898206
-------
52
4.4528080395074256e-05
0.9996241953534838
-------
53
4.452808039507425e-05
0.9997209165410222
-------
54
4.4528080395074256e-05
0.9997126302787114
-------
55
4.452808039507425e-05
0.9997729223508778
-------
56
4.452808039507425e-05
0.9998053959192728
-------
57
4.452808039507425e-05
0.9998319569632976
-------
58
4.452808039507425e-05
0.9998679927666505
-------
59
4.452808039507425e-05
0.9998975849469796
-------
60
4.452808039507425e-05
0.9999069913280692
-------
61
4.4528080395074256e-05
0.9999315926101306
-------
62
