0.0292517785081333 2.8844359547121557e-06 3.230574916777173e-07 4.0434615367049695e-07
0.0585035570162666 3.53146662716057e-06 1.3005726664355427e-06 2.0752381411528e-06
0.0877553355243999 4.436888226685514e-06 2.6465392476345147e-06 4.08184783230701e-06
0.1170071140325332 6.561268205121397e-06 5.700365895096332e-06 9.063250887290321e-06
0.14625889254066649 8.752639412215079e-06 8.29619497092543e-06 1.2926127429369719e-05
0.1755106710487998 1.118502869027166e-05 1.2109297308309032e-05 1.924797620610961e-05
0.2047624495569331 1.2146980833987999e-05 1.359606758872358e-05 2.1528344236659724e-05
0.2340142280650664 1.7491181415657086e-05 2.3979096701597537e-05 4.051775680203418e-05
0.2632660065731997 2.078746385779251e-05 2.632625729074307e-05 4.476677109117327e-05
0.29251778508133297 2.3835913780291656e-05 2.610459349758253e-05 4.060331004231319e-05
0.3217695635894663 2.852358435583793e-05 3.3813317972823456e-05 5.023980074872597e-05
0.3510213420975996 3.054764040985359e-05 4.4622202860960114e-05 7.138313877569644e-05
0.3802731206057329 3.811827046073778e-05 5.124691168305294e-05 8.00949261071081e-05
0.4095248991138662 4.937826324018655e-05 6.770343487129263e-05 0.00011347062397468289
0.4387766776219995 4.309763930226459e-05 6.382527026226995e-05 0.00010703870441229995
0.4680284561301328 5.7070912782382137e-05 7.492960250162058e-05 0.0001140117430727675
0.4972802346382661 6.391851291070071e-05 8.352821940541071e-05 0.0001317707452631316
0.5265320131463994 7.599230390518108e-05 0.00012197957956705034 0.00020683781758020338
0.5557837916545327 8.056543675475995e-05 9.833883856721013e-05 0.00015438450735266962
0.5850355701626659 7.207571964279745e-05 0.00011712958090495727 0.00020855849708234842
0.6142873486707993 0.00010222166938605842 0.00014108017840583885 0.00023050308765576615
0.6435391271789326 9.619682059130901e-05 0.00013084075669339413 0.00021139195175880134
0.6727909056870659 0.00011139116048757007 0.00015865518314863266 0.00025141313856437756
0.7020426841951992 0.00010947330461248735 0.00015320033936891674 0.0002513182744355291
0.7312944627033324 0.00012209067792258595 0.00017397429037297425 0.0002805876848548492
0.7605462412114657 0.00013488747659866097 0.00016527378151675665 0.00024692678228937717
0.7897980197195991 0.00013195829843443005 0.00017105993092511585 0.00027238471258720693
0.8190497982277324 0.00011472771464198009 0.0001636243268931164 0.0002663168441151002
0.8483015767358657 0.00014102195889987334 0.00016857442003877433 0.00024640638890930554
0.877553355243999 0.00016213268660102132 0.00024203910255966943 0.00039721410590371533
0.9068051337521322 0.000155817301728631 0.00023112607855172611 0.0003650447682013021
0.9360569122602656 0.00020057022139102472 0.0003036414531283405 0.0005119259506648232
0.9653086907683989 0.00018214775693702642 0.00025660705426640886 0.00039813489654417724
0.9945604692765322 0.00018987674343453709 0.00026226841272686166 0.00042359924684046705
1.0238122477846654 0.0001758410830933839 0.00022120416270236324 0.00032956080466438656
1.0530640262927988 0.00019149853177819186 0.00025267033856073503 0.00041299738466931367
1.082315804800932 0.00018217825712776506 0.00021855207174978147 0.00032960511474054585
1.1115675833090655 0.00017726395269532187 0.0002427017201642082 0.0003643645312201493
1.1408193618171987 0.0002078354318938211 0.0002961690231676976 0.000453013441403321
1.1700711403253319 0.000188111927026089 0.00025159715261899193 0.00042361700873837346
1.1993229188334653 0.0002497821546162406 0.0003221594112179945 0.0004896576555946258
1.2285746973415985 0.00018443056578103934 0.0002913674350427871 0.0004823078960588382
1.257826475849732 0.00022202382167665444 0.00030700040241682527 0.0004879500063303546
1.2870782543578652 0.000170871810353541 0.0002402569337167232 0.0004040511446730502
1.3163300328659984 0.00021437227573968155 0.00024600467286046464 0.00034684925406570856
1.3455818113741318 0.000255879034402543 0.0003180540347583372 0.0004626935189934603
1.374833589882265 0.0001975639742870075 0.0002546453267135334 0.00039747956356467594
1.4040853683903984 0.00020806221820094246 0.00027277331830050295 0.000415665307008216
1.4333371468985316 0.00021106672502020779 0.0003298540980070523 0.0005669851860041198
1.4625889254066649 0.00025070788166317473 0.0003299650460217737 0.0005167078849096326
1.4918407039147983 0.0001867212181013815 0.0002466757819243269 0.0004054036173675003
1.5210924824229315 0.00020893068037369238 0.0003105469491037494 0.000491942963666027
1.550344260931065 0.0001718842245409811 0.0002162678545384141 0.00032585514449706774
1.5795960394391981 0.00017465987087411286 0.0002393941532351219 0.00038831612463509493
1.6088478179473316 0.00020356881658329247 0.00022797911774974524 0.00032181312043036404
1.6380995964554648 0.00019510594733674718 0.00024504392943261645 0.0003634698598688695
1.667351374963598 0.00016199939455265904 0.00021619347783635357 0.00036354864315408353
1.6966031534717314 0.00017556722960178068 0.0002672586486902423 0.0004389516311087189
1.7258549319798646 0.00018741603757073202 0.00025998444089777705 0.00039586133104802293
1.755106710487998 0.00016627761317291895 0.0002497454121469193 0.0004032916500373327
1.7843584889961313 0.00017515240331742577 0.00025443271047874703 0.000403667811783638
