0 0.0005296266659894852 0.0004884448031277492 0.0005771753758158546
0 0.0015182464572804837 0.0016116700339397936 0.0021162400970486436
0 0.004698811537342066 0.0088941431520297 0.0215151452240288
0 0.00458565041400816 0.004999448671942192 0.007001439074808774
0 0.00340637743636222 0.0042894815087045485 0.006639837789424456
0 0.004803599510599311 0.005672324624844684 0.008177192430366942
0 0.006144232076529421 0.007491795490783679 0.010218868487057973
0 0.0056626077060425006 0.006241628778845626 0.008453114415207554
0 0.007904016720296433 0.010118962991863982 0.015991310316890023
0 0.011153299718287676 0.01252934778140541 0.017563253677027445
0 0.00853479804842045 0.009169165064591108 0.012938388851515674
0 0.014104679106927285 0.016314196730077203 0.023549821100388234
0 0.024432060556164953 0.02937291061048305 0.043138017617179315
0 0.0120256281813164 0.023421819400817476 0.04432989426876262
0 0.017035532416280356 0.030755405671304293 0.05739770744104027
0 0.020019457089867854 0.02309494365152506 0.03328111711888863
0 0.015350733432533653 0.016783936889688444 0.025383041028247472
0 0.016460857849365924 0.020487893851263116 0.032691884322999215
0 0.015250676945395192 0.01753803071927613 0.023292055149225957
0 0.022027757554414426 0.0225520127362453 0.035106046114527896
4
