0.0292517785081333 1.05591388687575e-05 1.0579261496767971e-08 1.000495037031761e-08
0.0585035570162666 1.0585642947796624e-05 5.020125606802789e-08 6.90455944410535e-08
0.0877553355243999 1.0685681344349786e-05 1.8878671109731373e-07 2.85536935217538e-07
0.1170071140325332 1.1073677187250154e-05 8.142804975669372e-07 1.2878754042091326e-06
0.14625889254066649 1.1573936913880812e-05 1.3640101053372816e-06 2.011871681806795e-06
0.1755106710487998 1.3432916480521974e-05 4.26436264634586e-06 6.9800351378295374e-06
0.2047624495569331 1.5075104775419078e-05 6.074273530441946e-06 9.882005756877107e-06
0.2340142280650664 1.7696541276577312e-05 9.9164614021091e-06 1.5325186783461463e-05
0.2632660065731997 2.108900645049137e-05 1.4874348017427995e-05 2.408353618480372e-05
0.29251778508133297 2.9051348346846398e-05 2.3271383760483323e-05 3.5464425123192445e-05
0.3217695635894663 3.453228006067736e-05 2.9539146319318643e-05 4.3877595574079454e-05
0.3510213420975996 5.003597306355465e-05 6.0079004386115066e-05 0.00010633790133874631
0.3802731206057329 5.627721531753724e-05 6.3120825001926e-05 9.845439254769924e-05
0.4095248991138662 7.126353226019233e-05 8.522322021538231e-05 0.0001348986840563663
0.4387766776219995 8.383107837786239e-05 9.595402058527331e-05 0.0001428925570066135
0.4680284561301328 0.0001021674114830179 0.00014072903040489426 0.00022996242737453778
0.4972802346382661 0.00012767855063463822 0.00016876543822543934 0.0002647779224044314
0.5265320131463994 0.0001529370589084442 0.0002042394713393767 0.0003197366384154554
0.5557837916545327 0.00021613421904976 0.0002982870215478419 0.00045468877067451674
0.5850355701626659 0.00019269853265908285 0.00025409679659892424 0.00041692112774775633
0.6142873486707993 0.000292736527447696 0.00036371021771112284 0.0005767662252583981
0.6435391271789326 0.00019137495568361567 0.0003082120721262077 0.0005519416388590196
0.6727909056870659 0.00029621527397177345 0.00043394254070449825 0.0007161762614543364
0.7020426841951992 0.00042601512234180766 0.00055642727542315 0.0008778487694955599
0.7312944627033324 0.000452731868724698 0.000579838478916898 0.0008695252371221036
0.7605462412114657 0.0003834037144091936 0.0005209248614834382 0.000854583448731107
0.7897980197195991 0.0005306326699085949 0.0006779199210949451 0.0010034407400160816
0.8190497982277324 0.00048553877642662865 0.0006423577099285594 0.0009885684684866893
0.8483015767358657 0.0005274420624882545 0.0007912283134708608 0.001284947087554449
0.877553355243999 0.000664579338825538 0.0009217644794023563 0.0014336782917417957
0.9068051337521322 0.0007462363900646008 0.0009567678770686384 0.0015397817636460256
