0 0.0006015507206378456 0.0006849050809423511 0.0008866270104948937
0 0.002029994363420461 0.0025126660522816345 0.0034189842487777826
0 0.0027172821727791 0.003951070637653292 0.006341315229248679
0 0.0036886651420141754 0.003688557691920424 0.004248194798188269
0 0.0015622044088673425 0.0016534511999408846 0.0021880432326927025
0 0.005044224414504132 0.006962866104432424 0.014322090818120956
0 0.006769015412817031 0.006240058757365498 0.008320054825881251
0 0.010280455512931384 0.012688817280847408 0.01717585194116845
0 0.0044476901814566846 0.005525165200784529 0.007541204877537701
0 0.012671711531679444 0.015341298389654694 0.024329199178135967
0 0.010360974905534058 0.011268148514140177 0.015821601106353816
0 0.008939726846667145 0.01069326880942208 0.017212546176080343
0 0.014096226720725299 0.012867900051629444 0.014206049389585319
0 0.009769568628283008 0.010521571889692338 0.014921831364182557
0 0.012819782433472326 0.02081556851621103 0.0497818010964294
0 0.01424616600904871 0.02068513022242778 0.0370695111741586
0 0.01866866429870432 0.022658503939776992 0.030586591635573816
0 0.014536181122439035 0.01787320758492318 0.03103528519955432
0 0.013024847769221224 0.012617022211010182 0.016100344491641955
0 0.02900245823510584 0.025657403841092444 0.03225951047977807
