0.029249999999999995 5.824038309895893e-07 7.328879610062861e-07 1.1885982437612578e-06
0.05849999999999999 1.9320703476386482e-06 2.8014738102452917e-06 4.646447271929384e-06
0.08774999999999998 3.7086362548945387e-06 4.020540637867137e-06 5.064262193072265e-06
0.11699999999999998 1.1580612250353222e-05 2.784261926560529e-05 5.970202390205405e-05
0.14624999999999996 9.415365986903595e-06 1.7111881531082793e-05 3.0469599163545868e-05
0.17549999999999996 2.0537615407713802e-05 2.4674951385359624e-05 3.3061443713780495e-05
0.20474999999999996 2.196376470128593e-05 2.951999862423336e-05 4.24722217012144e-05
0.23399999999999996 4.2084584143590194e-05 4.670198030954995e-05 6.909831081752595e-05
0.26324999999999993 4.246075641143206e-05 4.3175814718310346e-05 5.4273569172669554e-05
0.2924999999999999 4.833038651885691e-05 6.480869567473724e-05 0.00010467697963076519
0.3217499999999999 5.2268420245625715e-05 8.569115998528335e-05 0.00016329861766846545
0.3509999999999999 5.8256663158915395e-05 7.293428173999756e-05 0.00012427348368026605
0.3802499999999999 9.604003499217078e-05 0.00012553925843894383 0.00019997474972096975
0.4094999999999999 8.381789579899439e-05 0.00010687428433263313 0.00014877567582657902
0.4387499999999999 9.329647649455704e-05 0.00012004778279381386 0.00019406351136547778
0.4679999999999999 0.0001077154524330008 0.00016544789207472856 0.00025690914266047327
0.49724999999999986 0.00013198558882412094 0.00018113649076499349 0.00028645218536425766
0.5264999999999999 0.00023091094205440857 0.00024613104319215365 0.0003347421944844805
0.5557499999999999 0.00011764535222008417 0.00015648398678402557 0.00024231423007636
0.5849999999999999 0.00019270787160884372 0.00024349758583263725 0.0003386279258698348
0.6142499999999999 0.00016424975262394797 0.00016515056462368594 0.0002107541558474581
0.6434999999999998 0.0001649680172656457 0.0001722290314450299 0.0002895709495845628
0.6727499999999998 0.0002396023811047915 0.00022713955555352946 0.00030909807834983
0.7019999999999998 0.00016388852794558983 0.00019383505325569044 0.00028983357291527417
0.7312499999999998 0.00029977958411840454 0.0003205478543540812 0.000459467212890487
0.7604999999999998 0.0003326971023904252 0.0004241942326570117 0.00057017974539535
0.7897499999999998 0.00019501148053308544 0.0002381258401714019 0.00037805372115349856
0.8189999999999998 0.0002558408702276488 0.00030230195359648595 0.00048298508911187794
0.8482499999999998 0.0004902887563283201 0.0004929984794757472 0.0007139627309529534
0.8774999999999998 0.0005305815902353881 0.0005516636172673596 0.0008059832405760535
0.9067499999999998 0.00032052360287775886 0.00039128144686093963 0.0005560198205118828
0.9359999999999998 0.0001847175169302953 0.0002612356902696485 0.0003991068518865227
0.9652499999999998 0.0003895775948020371 0.0004204008117487872 0.0005867590659864119
0.9944999999999997 0.00032008431403422 0.0003517411144346406 0.00047134184220149947
1.0237499999999997 0.0002995000168940833 0.0003352708894422016 0.0004372537745213082
1.0529999999999997 0.0003605831503921975 0.0004084986415363224 0.0006422705666658804
1.0822499999999997 0.0004177623630350457 0.0005183649989530597 0.00083138004305882
1.1114999999999997 0.00047463621556422545 0.0005696542308706318 0.0008795328693793343
1.1407499999999997 0.0002818509210539209 0.0004981591403887979 0.0008545028429790165
1.1699999999999997 0.0004204138211388366 0.0006971247748991888 0.001161393653547807
1.1992499999999997 0.0005892368079075254 0.0006197968842248014 0.0009149846087300651
1.2284999999999997 0.00048657008414296557 0.0005875645179174827 0.0008686564276297029
1.2577499999999997 0.00038067515916856366 0.0005100411327935092 0.0008244057528185236
1.2869999999999997 0.00052296171447744 0.0006245758081469474 0.0009089775976746585
1.3162499999999997 0.00020353702178129617 0.00026067393367332496 0.00041044594467633017
1.3454999999999997 0.000614783709939552 0.0008992842217173674 0.0013622587566936696
1.3747499999999997 0.00030702615487944966 0.0005155405512778147 0.0009156082823957109
1.4039999999999997 0.0003077203233028417 0.0005116018684390816 0.0009064400962709704
1.4332499999999997 0.00039997256500017437 0.00044562552395282265 0.0005706269051766776
1.4624999999999997 0.00033364065477394243 0.00044582803216772427 0.0006497255590134221
1.4917499999999997 0.0006318959604156894 0.0007145617922210916 0.0010298443197429086
1.5209999999999997 0.00029739981903416276 0.0004104954304593154 0.0006417245178774183
1.5502499999999997 0.00027857066016216507 0.0004120179300939881 0.0006852288933931805
1.5794999999999997 0.0004012533154586231 0.0005062755679097022 0.0008693729421211941
1.6087499999999997 0.0002737381242357158 0.00030210869581050713 0.0003982569573913675
1.6379999999999997 0.000246231270201485 0.0003458449876639371 0.0005592807869060881
1.6672499999999997 0.00043805903230864364 0.0004259717376867845 0.0005824358967372907
1.6964999999999997 0.0002581589636846885 0.00033017604939458175 0.0004818049880052771
1.7257499999999997 0.00047959593264645483 0.0006135077491002886 0.0009286055223772863
1.7549999999999997 0.00029086052115200414 0.0006167158075311494 0.0011223842232183923
1.7842499999999997 0.00020339408751585963 0.0002711776043644229 0.000392027506787577
1.8134999999999997 0.0002656081250917568 0.0003248706527073418 0.0004615159241590755
1.8427499999999997 0.00020303732542464403 0.0002832910418662211 0.00044449026631415575
1.8719999999999997 0.0003530819649116573 0.00048563898205772257 0.0008248498329173201
1.9012499999999997 0.0002271749342495018 0.0002590126127090461 0.0003910878559565717
1.9304999999999997 0.00028999808764569135 0.0004912048854137807 0.0008178962929157402
1.9597499999999994 0.00020831569778127136 0.0002039387682397803 0.00027801708586436334
1.9889999999999994 0.00032610959496004503 0.00046700578372685765 0.000739346761823983
2.0182499999999997 0.00027253466662857727 0.00033900097078013667 0.0004919557404558643
2.0474999999999994 0.00020580896507619496 0.0002867204446584248 0.00046900979531231426
2.0767499999999997 0.0002191380962911464 0.00027912163912857684 0.0004177137911944963
2.1059999999999994 0.0003970912421336597 0.0004954510723641677 0.0008362602864208712
2.1352499999999996 0.00030110479806488133 0.00031220526687449415 0.00045763494166539145
2.1644999999999994 0.0001689311035305936 0.00026457671411414925 0.0004893605661245183
2.1937499999999996 0.00017819567597883036 0.00019936508099074586 0.00027027685408599703
2.2229999999999994 0.0001821712740286089 0.00037355523787571736 0.0007899859501983218
2.2522499999999996 0.00016106213904786888 0.0002235181585730485 0.00034885116006683317
2.2814999999999994 9.411040326800036e-05 0.00012897611928782467 0.00020551526250330685
2.3107499999999996 0.00010001217794556408 0.00012292815439903226 0.0001821144009915061
2.3399999999999994 0.0001511109229092981 0.00021638185318651102 0.00034269097830691973
