0.1170071140325332 6.723250372431508e-05
0.2340142280650664 6.779066505097818e-05
0.3510213420975996 6.662827799889967e-05
0.4680284561301328 6.74213569277872e-05
0.5850355701626659 6.719935072779158e-05
0.7020426841951992 6.783115158860354e-05
0.8190497982277324 6.819737369791805e-05
0.9360569122602656 6.744412511189314e-05
1.0530640262927988 6.87500209977646e-05
1.1700711403253319 6.853527769104908e-05
1.2870782543578652 6.79090361564449e-05
1.4040853683903984 6.847748504469167e-05
1.5210924824229315 6.912293586836645e-05
1.6380995964554648 7.010402941103226e-05
1.755106710487998 6.777965471394514e-05
1.872113824520531 6.731937905196225e-05
1.9891209385530644 6.716973330224295e-05
2.1061280525855977 6.717530667524105e-05
2.223135166618131 6.745250253405547e-05
2.3401422806506638 6.781357766122517e-05
