0.029249999999999995 3.1725370548108814e-07 2.756395307156684e-07 3.6960153742843243e-07
0.05849999999999999 6.452137697956419e-07 9.865699930567564e-07 1.5128996586156085e-06
0.08774999999999998 2.158861085405244e-06 2.666151167496627e-06 4.520079485000185e-06
0.11699999999999998 4.320120705558712e-06 5.028768290447317e-06 7.201045202062328e-06
0.14624999999999996 7.175627712543606e-06 7.629905767749591e-06 1.0992547622169072e-05
0.17549999999999996 9.648631877305973e-06 1.2929947055283374e-05 1.9148231277964763e-05
0.20474999999999996 8.02044139177163e-06 1.031197336989566e-05 1.4904991550575967e-05
0.23399999999999996 1.0219946658686504e-05 1.61424154768469e-05 2.6817718433753702e-05
0.26324999999999993 1.9820875138018683e-05 2.3552172926979886e-05 3.5621396772545486e-05
0.2924999999999999 2.2691625561432116e-05 2.9655971531056498e-05 5.0759946769473136e-05
0.3217499999999999 2.4633876336260797e-05 3.1803957145208164e-05 5.0317094898850123e-05
0.3509999999999999 3.2925317004978895e-05 4.7011196485579835e-05 7.570310753794912e-05
0.3802499999999999 4.1087620366483886e-05 5.574406642760013e-05 8.694286993577945e-05
0.4094999999999999 3.6919614494574586e-05 4.917331070526231e-05 7.412668985360575e-05
0.4387499999999999 5.477264214308365e-05 7.693480855245343e-05 0.0001211071763445328
0.4679999999999999 5.618572327191418e-05 7.300031302915377e-05 0.00010429919381315055
0.49724999999999986 5.108393065118493e-05 8.410876681802505e-05 0.00014509173698704108
0.5264999999999999 6.971094021181897e-05 0.00013373316787824614 0.0002658038584653993
0.5557499999999999 6.959999557755328e-05 0.00010572465814182453 0.00020116753304316978
0.5849999999999999 8.225690960677218e-05 0.00010250152079912469 0.00015589692596591854
0.6142499999999999 0.00011789833026634247 0.00013796176419822836 0.000185432617366855
0.6434999999999998 8.84083968504308e-05 6.820371656068486e-05 8.083288186799942e-05
0.6727499999999998 0.00010614340226807587 0.00012521662013197893 0.00017600950107557266
0.7019999999999998 0.00010034566304142842 0.00015887529074772158 0.0002736394957589236
0.7312499999999998 9.973554696208818e-05 0.0001326471288404609 0.00020676403329719184
0.7604999999999998 0.00019062942972214453 0.00020829811773481296 0.0002889725527713273
0.7897499999999998 9.940694620412887e-05 0.0001713789775608591 0.0003003837586065536
0.8189999999999998 0.00013812439123581053 0.00015859075133342707 0.00021537255289511497
0.8482499999999998 0.00019020384972191518 0.0004874124171231919 0.0011177764134246322
0.8774999999999998 0.00015319504659580728 0.0002329008828086879 0.00040253103303921256
0.9067499999999998 0.00015695522178033164 0.00030085204772462904 0.0005405043832283665
0.9359999999999998 0.00017694822360910916 0.0002685269585880119 0.00046458298824685686
0.9652499999999998 0.00016313997065431013 0.0002540197031971461 0.0004874542239319565
0.9944999999999997 0.0001280115468615534 0.00024778684873891997 0.0004467156502726951
1.0237499999999997 0.00018967390833286046 0.0002436823607760693 0.00035290779216451575
1.0529999999999997 0.00016254627326488648 0.0001710992220407909 0.00022441815130302476
1.0822499999999997 0.00012202924311196877 0.00014132532169674943 0.0002061256872749083
1.1114999999999997 0.00018833106426410903 0.0002445569645590403 0.00037682568245816004
1.1407499999999997 0.00013461253124783654 0.000166797856340848 0.00023675220418795253
1.1699999999999997 0.0002278657790849029 0.0002621333915672134 0.00038884405363029905
1.1992499999999997 0.00023256608307861728 0.00034295490281419815 0.000584084997116938
1.2284999999999997 0.000257837579979539 0.00044092002730193174 0.0008611762166538822
1.2577499999999997 0.000179678871607507 0.00022913800863522954 0.0003230992998565455
1.2869999999999997 0.0002180387466592406 0.00033553176710624953 0.0005801699853996677
1.3162499999999997 0.00014542842437132542 0.0001704004944260429 0.00024742449269111506
1.3454999999999997 0.0002407798867986247 0.0003474518673328977 0.0005485147649934709
1.3747499999999997 0.0002558713490376514 0.0003026649306211939 0.0004572715224515467
1.4039999999999997 0.00018478803563802285 0.00027056451467610885 0.0004809067762726688
1.4332499999999997 0.0001319555612251694 0.0001614698610769628 0.0002290917343683933
1.4624999999999997 0.00021071476777654568 0.0003101308548169854 0.0004960231135206348
1.4917499999999997 0.0002145513784066834 0.00024667722049335946 0.0003572141845487224
1.5209999999999997 0.0002102826739904105 0.00023909535038728802 0.0003632244028758379
1.5502499999999997 0.00011314747320212112 0.00014731353169151337 0.00021819213004935448
1.5794999999999997 0.00026535247671079416 0.00025697271640766383 0.00031515164949842803
1.6087499999999997 0.00013390475521885223 0.00016958349002953464 0.00024733644956081004
1.6379999999999997 0.0001064817885235984 0.00012185069678638297 0.00017788155368175457
1.6672499999999997 0.00013669591362037536 0.00015408183362220412 0.00019849428386231962
1.6964999999999997 0.0002660352810537747 0.00040030400602615015 0.0006905354883803232
1.7257499999999997 0.00011597902405739548 0.0001819272031454989 0.00030237559134783666
1.7549999999999997 0.00016186473449348394 0.00023075612884566668 0.0003466183396015991
1.7842499999999997 0.00021586547211163124 0.00028973165517812106 0.00047341702397677685
1.8134999999999997 0.00018238573242084904 0.00028377245272853885 0.0005162822379822067
1.8427499999999997 0.0001612107307160873 0.0001870041704954223 0.00026499297928445195
1.8719999999999997 0.00016622218541661757 0.00028380213722680234 0.0004708297869013313
1.9012499999999997 0.00020069680929163817 0.00021946400118403141 0.0003156468560939436
1.9304999999999997 0.00010177161387656857 0.00014149886937390242 0.00022601138785123794
1.9597499999999994 0.00013452965364054917 0.00025941577167244066 0.0005150345552937652
1.9889999999999994 0.00012552659594205375 0.00014062494013175484 0.00019942983601831308
2.0182499999999997 8.877415158765428e-05 9.459773013432861e-05 0.0001178487992883842
2.0474999999999994 0.00011468888717384537 0.00013962007137595538 0.00020027247712109644
2.0767499999999997 8.326175391043883e-05 9.055885575572686e-05 0.0001348933301467705
2.1059999999999994 0.00012060278661196241 0.00017448597806970037 0.0002758683200575083
2.1352499999999996 0.00010634171492944174 0.00013860843841328175 0.00020544369812292132
2.1644999999999994 0.00012183744674232253 0.00011014498108451188 0.00012166220834149858
2.1937499999999996 8.576308642637418e-05 9.352606313533055e-05 0.0001353067084585097
2.2229999999999994 0.00010059475870791558 0.00013367077081320305 0.0002166098139638509
2.2522499999999996 0.00010253294763113009 0.00012628948580247764 0.0001834453960288609
2.2814999999999994 6.08824079114087e-05 8.309577231336353e-05 0.00014968658507948454
2.3107499999999996 8.076581482126773e-05 0.00010307789517418666 0.00017349682053183582
2.3399999999999994 4.593696300340903e-05 7.94126664143273e-05 0.0001409271146461569
