0.029249999999999995 2.351547186104726e-07 2.049371672118747e-08 2.900454380148817e-08
0.05849999999999999 2.9548199394400517e-07 1.086182894684634e-07 1.6895714002494546e-07
0.08774999999999998 5.938425857275526e-07 5.857514466065035e-07 1.2003419930658269e-06
0.11699999999999998 1.091793129487687e-06 1.046365114336882e-06 1.4067255411696904e-06
0.14624999999999996 2.6516307661091526e-06 2.0102941861298137e-06 2.2831929023533583e-06
0.17549999999999996 8.15321466306975e-06 9.33243075796166e-06 1.3107823282120288e-05
0.20474999999999996 8.186172230133376e-06 1.166976731367319e-05 1.8236418473750575e-05
0.23399999999999996 3.193046903653162e-05 5.119018414795686e-05 8.586670577603407e-05
0.26324999999999993 2.8951984063795346e-05 2.4731520852302742e-05 3.180323526059047e-05
0.2924999999999999 3.079866863504145e-05 3.9959274966556626e-05 6.612461993562839e-05
0.3217499999999999 3.276939967053205e-05 3.856586959077765e-05 6.0642473075119836e-05
0.3509999999999999 3.438155764512776e-05 5.8535896565126415e-05 9.904967338918666e-05
0.3802499999999999 0.00014781629261485983 0.00017015413183258852 0.00025451499587784043
0.4094999999999999 0.00010025987877256165 9.24032688156968e-05 0.00011322249326529338
0.4387499999999999 0.0001407294672168494 0.00020110102948669385 0.0002969378014394367
0.4679999999999999 0.0001676884091440401 0.00017731467786980286 0.000209457803366977
0.49724999999999986 0.00034480252223860334 0.0004539865327379745 0.0006648603169296844
0.5264999999999999 0.0002656443657609824 0.00037537783493581654 0.0006156648985829159
0.5557499999999999 0.0003021774161669555 0.0003880346926032887 0.0006197317308774492
0.5849999999999999 0.0003281942545070438 0.0004500050109225713 0.0006868704672122085
0.6142499999999999 0.0006233016853862014 0.0007822519825629841 0.001031019525933764
0.6434999999999998 0.0006722832149730529 0.0009099594734017422 0.001358337404737335
0.6727499999999998 0.000572733260259953 0.0008191543720893496 0.001252609807758453
0.7019999999999998 0.00042927841021269607 0.0007347051216471436 0.0013811147500449505
0.7312499999999998 0.0007369587857576871 0.0008202789570208472 0.00128153780164605
0.7604999999999998 0.0011643414765667227 0.0015962230826680112 0.002349165176671347
0.7897499999999998 0.000519295671509865 0.0005714251356363596 0.0008582866953708704
0.8189999999999998 0.0010087930126918949 0.0014269198714729305 0.0021132617531908673
0.8482499999999998 0.000700564067979068 0.0008843425938043711 0.00131034967915633
0.8774999999999998 0.0012869105196765224 0.0021555185840989796 0.004125914943960258
0.9067499999999998 0.0010611795273322414 0.0012765777553541825 0.0019883040749876786
0.9359999999999998 0.0010117927361030237 0.0012326359018371821 0.0018398521948899693
0.9652499999999998 0.0010022549121179536 0.00135528781624841 0.0022005544780414206
0.9944999999999997 0.0009101285713617915 0.001847186487739205 0.004288521630319547
1.0237499999999997 0.0017078655125192623 0.0024487268834917954 0.004287271719934786
1.0529999999999997 0.0016987481332995768 0.001751138845929712 0.002179103983776575
1.0822499999999997 0.0011080269365885327 0.0014461446898743982 0.002449013361806698
1.1114999999999997 0.0010069967184125794 0.001282457329228255 0.002204261618245989
1.1407499999999997 0.0012158198807021194 0.0016223476654598748 0.002612338407992646
1.1699999999999997 0.001707055802093336 0.002392885056032692 0.0036992372944828524
1.1992499999999997 0.0017292339958871498 0.0021059445636089588 0.002937571358148035
1.2284999999999997 0.0017673397934553994 0.002344885972037263 0.003373568551093704
1.2577499999999997 0.0013626921352322724 0.0013372534574214977 0.0019028907526903566
1.2869999999999997 0.0012076109705804119 0.0012871055303813226 0.0017810112278808543
1.3162499999999997 0.0014188412666384456 0.0020750947601755037 0.0035772936226864897
1.3454999999999997 0.0013530455327771672 0.0016131396659126692 0.002788619670236518
1.3747499999999997 0.0014075715246562057 0.0021647882019084127 0.00380547669004815
1.4039999999999997 0.0006734950672166731 0.0008660180265984281 0.0013679202267787227
1.4332499999999997 0.0008263821660657705 0.0009565353523260739 0.0014402503511036985
1.4624999999999997 0.00108030478383911 0.001338999413123023 0.0020758030753404463
1.4917499999999997 0.001126240184387102 0.0016718253681156166 0.0027645194570087984
1.5209999999999997 0.0005837025264227816 0.0008247736137971519 0.0015380008886978326
1.5502499999999997 0.00043207057495384734 0.000678803655062708 0.00120895988635289
1.5794999999999997 0.0008465521878673816 0.0010405647210377596 0.0015186841154375874
1.6087499999999997 0.00038010626470047493 0.0003940133454281445 0.0005343308907438975
1.6379999999999997 0.0003435977644796903 0.00045966132245120256 0.000777004225702588
1.6672499999999997 0.0004528365044088968 0.0006295074571292194 0.0009205828690557989
1.6964999999999997 0.0002336964927260165 0.00025706586420079996 0.0004110647031392579
1.7257499999999997 0.00026501612410339143 0.000309299616428022 0.00040136278035071883
1.7549999999999997 0.00019221521217038752 0.0002235686243008412 0.00031799707242468624
1.7842499999999997 0.0002870976801803786 0.0003454394705059515 0.0004967727926712483
1.8134999999999997 0.00014116833582125904 0.0001540996318530604 0.0002107431604280415
1.8427499999999997 9.793872328206793e-05 0.00012674333182262823 0.0002045938747829352
1.8719999999999997 4.574678435052821e-05 6.0483824101568294e-05 9.756807605282207e-05
1.9012499999999997 3.340701070756161e-05 5.247863746454448e-05 9.898993915049885e-05
1.9304999999999997 1.3403504722689499e-05 1.859826514012979e-05 3.0275540721399734e-05
1.9597499999999994 1.1863500647439643e-05 1.3986991527885954e-05 2.545250707578453e-05
1.9889999999999994 3.6484512808638522e-06 6.426646163908557e-06 1.651329899973711e-05
2.0182499999999997 5.653044110098977e-06 6.618407598894616e-06 1.0683549837126144e-05
2.0474999999999994 8.450068047948575e-06 9.380586557556918e-06 1.4645591399799632e-05
2.0767499999999997 1.5639682290069312e-05 1.944955401495795e-05 3.2495341572066035e-05
2.1059999999999994 2.570576845436331e-05 2.498485093789246e-05 3.262070515721318e-05
2.1352499999999996 3.147972273770316e-05 4.066840614988952e-05 6.182621899143181e-05
2.1644999999999994 6.410999355686995e-05 6.196706531844733e-05 8.89725716604639e-05
2.1937499999999996 5.4639941175964655e-05 5.570533808190846e-05 7.972308422078692e-05
2.2229999999999994 6.128986447754006e-05 0.00010466693058182058 0.000167805088659878
2.2522499999999996 0.00013691951611146045 0.00015361093362287775 0.0002474319395308514
2.2814999999999994 9.228569865976432e-05 0.0001511802801546096 0.0002543662127760737
2.3107499999999996 0.00011314200798088431 0.00011346861521594239 0.0001584172012609153
2.3399999999999994 8.44949331470273e-05 0.00011206512951093471 0.0001608072514005315
