0 0.0016346861017773526 0.002141806873480939 0.003315248244520473
0 0.005768639375813667 0.006596141873700201 0.011939093196170406
0 0.005416883877918447 0.004892152679607302 0.005334840831855478
0 0.00613333587572269 0.008889383608877923 0.018001080213456314
0 0.010721278284448233 0.011679272715471587 0.016767483425713582
0 0.010276917004319933 0.015314842550642499 0.027200282895029803
0 0.010326088109414697 0.012280942357272014 0.019466371957640585
0 0.016613209408363798 0.02192172901773238 0.03521653940226612
0 0.016427770330525816 0.025475126892681034 0.04153526626596864
0 0.013442803733305858 0.02224293602744122 0.045940672442456046
0 0.02246332130481154 0.024948392566745737 0.032025474923137204
0 0.025898662829216552 0.02794510048818386 0.039298014103020903
0 0.025891025883376023 0.026645787412928675 0.0344044404088256
0 0.03238057867340328 0.048196836716309914 0.08759003050070929
0 0.02257608501855855 0.02980445040225516 0.052115286479509845
0 0.03174451692472274 0.029681521553461408 0.03734443191143688
0 0.025901715259437814 0.028618731973527423 0.03781692171718886
0 0.02782859787328537 0.03316391006618982 0.049070685486734905
0 0.05130982388301001 0.05707081898441343 0.07656033851679576
0 0.024385813142888606 0.026427340738802416 0.04100470021067399
