0.1170071140325332 5.300201616539116e-06
0.2340142280650664 2.0261633441033243e-05
0.3510213420975996 4.0223544814850356e-05
0.4680284561301328 5.646599948881635e-05
0.5850355701626659 0.00010354919127459269
0.7020426841951992 9.260363956590736e-05
0.8190497982277324 0.00011242137039471814
0.9360569122602656 0.00015149411256937077
1.0530640262927988 0.00018392317843850207
1.1700711403253319 0.0002079069991315876
1.2870782543578652 0.00018298736383861463
1.4040853683903984 0.0001903465463023968
1.5210924824229315 0.00023974761675821937
1.6380995964554648 0.00016707755221201544
1.755106710487998 0.00021152120735479712
1.872113824520531 0.00014016272402930666
1.9891209385530644 0.00010478353667514465
2.1061280525855977 0.00010756264919888325
2.223135166618131 8.952711631762964e-05
2.3401422806506638 5.161654789275819e-05
