0.0292517785081333 2.9112045275494133e-06 3.946429808053053e-07 5.839483987192078e-07
0.0585035570162666 3.5629396024818805e-06 1.2475472213986287e-06 1.8544098024246343e-06
0.0877553355243999 4.977548769500472e-06 3.1535180431504067e-06 4.967817511872433e-06
0.1170071140325332 6.293534143647941e-06 5.2800427387982185e-06 8.381657204393006e-06
0.14625889254066649 7.928991514686867e-06 7.41587269200046e-06 1.1590163983260577e-05
0.1755106710487998 1.0831625918472377e-05 1.1886982611527661e-05 1.8983332268285478e-05
0.2047624495569331 1.4971668914163205e-05 1.8639505245693792e-05 3.0493711013955314e-05
0.2340142280650664 1.915681568012744e-05 2.201131680709397e-05 3.413100089593735e-05
0.2632660065731997 1.9968051678502046e-05 2.359008134971465e-05 3.626258794550206e-05
0.29251778508133297 2.7630413279272676e-05 3.378659330285891e-05 5.37636290149111e-05
0.3217695635894663 3.23440554461447e-05 4.2351284468705714e-05 7.057970445128152e-05
0.3510213420975996 3.5571772785692814e-05 4.539107042939878e-05 7.253831073545954e-05
0.3802731206057329 4.1047933674020316e-05 5.938273538018849e-05 9.614849503736904e-05
0.4095248991138662 4.46087859051169e-05 5.669827540542724e-05 9.180432155994396e-05
0.4387766776219995 5.587551630434578e-05 7.414581576404166e-05 0.0001186413591146144
0.4680284561301328 4.929383833859693e-05 6.145765541817087e-05 9.38923232889177e-05
0.4972802346382661 6.0117875237426954e-05 7.52170304321145e-05 0.00011676195654473066
0.5265320131463994 7.358533116675601e-05 0.00010537177474763647 0.0001740918561112849
0.5557837916545327 7.002361183146748e-05 9.69934896501377e-05 0.00014864484553746879
0.5850355701626659 8.227747022599752e-05 0.00011161282545380937 0.00017600944924703557
0.6142873486707993 9.447349699587072e-05 0.00013098370315192556 0.00020561622994724106
0.6435391271789326 9.516443695041874e-05 0.000131650654826757 0.00021463097789049484
0.6727909056870659 9.835292459030763e-05 0.00013802976935106716 0.00021998390717952083
0.7020426841951992 0.00011145383803386681 0.00015441237848801956 0.00024254955191367443
0.7312944627033324 0.000110018629414694 0.0001575697172533743 0.0002587051838296211
0.7605462412114657 0.0001217962324141305 0.00019082086447692566 0.0003200283732502822
0.7897980197195991 0.00015444419568390113 0.00021343544748105603 0.00033691966409075345
0.8190497982277324 0.00013230272163030623 0.00016978972381746275 0.0002501565200299142
0.8483015767358657 0.00013470370427065892 0.00017121398968971755 0.00026051309056068214
0.877553355243999 0.00016091773980089516 0.00022552064743319491 0.00036120605788884713
0.9068051337521322 0.00015827982010706502 0.0002362104092482218 0.00038471458045938957
0.9360569122602656 0.00018443564647045596 0.0002767272565585837 0.0004501117199632515
0.9653086907683989 0.00016683795294634174 0.00021998480588134977 0.0003491502491382005
0.9945604692765322 0.0001918585510870234 0.0002738046825202425 0.00045070773211247596
1.0238122477846654 0.00017810292903492763 0.00025643621804988335 0.00040387417906523516
1.0530640262927988 0.00018460030027663365 0.00026064781054308347 0.0004339920720669209
1.082315804800932 0.00019289289158240554 0.00027328150888939254 0.00044733518323997076
1.1115675833090655 0.00018105173104516182 0.00026202154886901326 0.00043260449208190664
1.1408193618171987 0.00018704570083322093 0.00022208700275442732 0.00033167641245791427
1.1700711403253319 0.00022515299668121675 0.00030794786337539395 0.00047544776153532324
1.1993229188334653 0.00017867183223073356 0.00023148126126509635 0.0003568928778767987
1.2285746973415985 0.00017430186862735429 0.0002237360736206908 0.00033758453371952277
1.257826475849732 0.00019580507112112482 0.0003017804985140761 0.0005032279679618791
1.2870782543578652 0.00020745144372818816 0.00028258840910731954 0.0004381183620677832
1.3163300328659984 0.0002058932927649183 0.0002765069182578714 0.00042425348995964304
1.3455818113741318 0.0002206511851553717 0.0002871605940143121 0.00045108949871942443
1.374833589882265 0.00022941152062399192 0.00032934102577572615 0.0005447966289635674
1.4040853683903984 0.00022524566463163893 0.00032299140314929434 0.00052983597085144
1.4333371468985316 0.0002236743734157662 0.00029596923360048166 0.00047459442637423063
1.4625889254066649 0.00020344384103708046 0.00026947861463940136 0.00042070718427141457
1.4918407039147983 0.00021532108879268575 0.00030953454500688655 0.00048711153114638944
1.5210924824229315 0.00019295160175844883 0.00026171147210195944 0.0004105491380955327
1.550344260931065 0.0002204560642727158 0.0002854936429650258 0.0004487788055656425
1.5795960394391981 0.0001825126471990562 0.0002518967164531424 0.0004026541724945183
1.6088478179473316 0.00019586352272663583 0.0002702382073684454 0.0004298826844170596
1.6380995964554648 0.0001874078857114509 0.00023939997463737968 0.00036649208581782436
1.667351374963598 0.0001934872788807821 0.00024963492604796557 0.0003825799060198032
1.6966031534717314 0.00016941705097034366 0.0002242179184439287 0.0003474062134014865
1.7258549319798646 0.00017296712057508526 0.00022938977899564084 0.00036017495034928397
1.755106710487998 0.00017642334676188707 0.00021899403448901779 0.00032839130207202384
1.7843584889961313 0.0001865708045502401 0.00023926299006396952 0.0003848602765781431
1.8136102675042645 0.00016275650048574197 0.00022110466722400772 0.00034979003070000026
1.842862046012398 0.0001684910485389232 0.00023213197153279644 0.0003766071881196524
1.872113824520531 0.00014637475144984715 0.00021149340613401023 0.00035571410999666914
1.9013656030286645 0.00014134602787837752 0.00020211987361745505 0.00031487172283199856
1.9306173815367977 0.0001614883295282136 0.0002366764601487682 0.0003859788458416418
1.959869160044931 0.00013002068573330532 0.00018338258842062944 0.0002899500531606778
1.9891209385530644 0.00013355151803310834 0.0001695064127945808 0.0002605038266009476
2.018372717061198 0.00013608504390315117 0.00018481846676426253 0.00029110509179291246
2.047624495569331 0.0001221912484517707 0.0001632581435506848 0.0002643427487263575
2.0768762740774642 0.00012042866212381811 0.00016182960772907534 0.00025102549335033854
2.1061280525855977 0.0001069791684226513 0.0001413937941076611 0.00022948190882176022
2.1353798310937306 9.251636862577309e-05 0.00012815000687031668 0.00020365909108836515
2.164631609601864 0.00010074543570418703 0.00013255602371940023 0.00020634165657578056
2.1938833881099975 8.444965068461737e-05 0.00011949223933595343 0.0001876871414757497
2.223135166618131 8.714054388206213e-05 0.0001207723853639868 0.00018876820154365345
2.252386945126264 7.122895955660162e-05 9.436809796731174e-05 0.0001516743926788328
2.2816387236343973 6.64464143353334e-05 9.349376034891327e-05 0.00014966196019590235
2.310890502142531 6.316106455074078e-05 8.520356841526993e-05 0.0001353151900788944
2.3401422806506638 6.570000990125344e-05 8.215441736604377e-05 0.0001307324058864486
