2.1500000000000004 3.623943460315437e-05
2.3000000000000003 6.465288877835887e-05
2.45 9.093762086122075e-05
2.6 5.5874413635192633e-05
2.7500000000000004 3.891242368716443e-05
2.9000000000000004 1.840251271332981e-05
3.0500000000000003 1.4508036011849748e-05
3.2 2.7219974146349572e-05
3.35 3.928952927279106e-05
3.5 3.814828080100289e-05
3.65 3.646018041920082e-05
3.8000000000000003 1.95409150608463e-05
3.9500000000000006 1.456201353173515e-05
4.1 1.6627691544092703e-05
4.25 1.952647701609419e-05
4.4 2.556081780049642e-05
4.55 3.3551233457187235e-05
4.7 2.295446207086553e-05
4.85 1.5518874812181404e-05
5.0 1.3438242630473371e-05
5.1499999999999995 1.6143038619518595e-05
5.3 2.0971642959656602e-05
5.45 2.2902310006812015e-05
5.6000000000000005 2.4553846693223285e-05
5.749999999999999 1.8091957229068922e-05
5.9 1.4917309344761388e-05
6.05 1.4049300062977507e-05
6.199999999999999 1.679802570668924e-05
6.35 1.7963441660394144e-05
6.5 2.210128106207708e-05
6.6499999999999995 2.1022923873044632e-05
6.8 1.6796115630144165e-05
6.949999999999999 1.393926490996367e-05
7.1000000000000005 1.4760309783322252e-05
7.249999999999999 1.7137869644783888e-05
7.4 1.808040076110672e-05
7.55 1.9847647140969154e-05
7.7 1.6451414153851495e-05
7.85 1.5381183785328943e-05
8.0 1.4194692965850148e-05
