0.029249999999999995 2.375349893170254e-07 1.2928551590036509e-08 1.3797876489026552e-08
0.05849999999999999 2.6414354379761596e-07 7.737626964245514e-08 1.1797509553450062e-07
0.08774999999999998 4.4339938940095e-07 2.2412304286742547e-07 2.9979630486774715e-07
0.11699999999999998 9.418688691115556e-07 1.0343486435001858e-06 1.5336365703412547e-06
0.14624999999999996 1.729406481071761e-06 2.58456451091397e-06 5.377479280495133e-06
0.17549999999999996 4.132234698791599e-06 5.066269291805687e-06 7.959254532087672e-06
0.20474999999999996 5.162657036735689e-06 7.0850939676505696e-06 1.0749641623114433e-05
0.23399999999999996 6.892297129407532e-06 8.25444605092505e-06 1.1714465159624128e-05
0.26324999999999993 1.0855195540468522e-05 2.1370558530301643e-05 4.485298657751185e-05
0.2924999999999999 1.7848581308610225e-05 3.3107331608001414e-05 6.846380381021305e-05
0.3217499999999999 1.666318804750951e-05 1.652227473334111e-05 2.113248258339639e-05
0.3509999999999999 2.900972651009539e-05 2.871204303436871e-05 3.9118534647272235e-05
0.3802499999999999 9.132465448523633e-05 0.0001095118796246629 0.00016991420912448074
0.4094999999999999 5.867771883104368e-05 7.179058668548969e-05 0.00013960217815292672
0.4387499999999999 8.916724145527156e-05 0.00010218245988644054 0.00014602906703912324
0.4679999999999999 0.00015174208239585022 0.00029700743061260044 0.000559229605235034
0.49724999999999986 0.00022463909223827995 0.00026687882783640713 0.0003540446887274496
0.5264999999999999 0.0001900919539622809 0.00024031324625186005 0.0003450259577309954
0.5557499999999999 0.0002163620324402665 0.00022902168864396159 0.000307069163493985
0.5849999999999999 0.0001654888604167188 0.00029810939521924255 0.0005003288789806442
0.6142499999999999 0.00021662881532062963 0.0003246728147213171 0.0005297082831324118
0.6434999999999998 0.0002459819065272281 0.0003468521580539694 0.0006015001984293971
0.6727499999999998 0.0002582746970031882 0.00037880779873672644 0.0006092424090826156
0.7019999999999998 0.00032335242748185694 0.0003299802841817231 0.0004211217071736896
0.7312499999999998 0.00033134724957007143 0.0004651512211931415 0.0009463807485639734
0.7604999999999998 0.0004850869546025845 0.0005116705171397522 0.0006924660162350685
0.7897499999999998 0.0006797122984002382 0.0010855763370889457 0.001951147534904103
0.8189999999999998 0.00048049619525922515 0.0006529782166765966 0.0010449895761696088
0.8482499999999998 0.0005323356573205804 0.00047185585035830106 0.0005952435681533861
0.8774999999999998 0.0004932459593465731 0.0008490940812555362 0.0014361709528621083
0.9067499999999998 0.0005229666541399388 0.0006684727221175667 0.001060790886530735
0.9359999999999998 0.0004219446779937565 0.0005185130341724023 0.0007101815511178739
0.9652499999999998 0.0009534157779283509 0.0012669642284891807 0.002275220966489268
0.9944999999999997 0.0006056599298769397 0.0005104506236633526 0.0005518926397643063
1.0237499999999997 0.0007184381646665007 0.0007631576398788569 0.0010022002460636495
1.0529999999999997 0.0009240468583359715 0.0010968568855557676 0.0015463533697659328
1.0822499999999997 0.0006066594773411173 0.0007205571398373759 0.0009565787884378266
1.1114999999999997 0.0005590462217307721 0.0009349570452383245 0.0017055320596183528
1.1407499999999997 0.0008208199379293364 0.0014918222050436059 0.003581128894682916
1.1699999999999997 0.0011878396866150988 0.0017007296801541478 0.0027795305935974786
1.1992499999999997 0.0007111526928747282 0.0008572037326750061 0.001367396795882024
1.2284999999999997 0.0006094439515707021 0.0007736077207555796 0.0012504599931267217
1.2577499999999997 0.0004444277343808245 0.00044781260221977433 0.0005766732293548021
1.2869999999999997 0.0006199226574133355 0.0009443307270501742 0.0015478476918485908
1.3162499999999997 0.0008618498476179707 0.001664357807556302 0.0026363578535927913
1.3454999999999997 0.0005242881877300478 0.0005470012115426623 0.0007516477105784712
1.3747499999999997 0.000286019377113566 0.00026255471725806053 0.00032422255227640277
1.4039999999999997 0.0005993195867339509 0.0007156548958603731 0.0009708770959505565
1.4332499999999997 0.00043269336906630546 0.0003713437994218437 0.00042714176418468875
1.4624999999999997 0.0007191206495155687 0.0006922709738784017 0.0007380649369637171
1.4917499999999997 0.0004157719096653899 0.0005908173909626748 0.0009696111036304278
1.5209999999999997 0.0003774452676514103 0.0005018736347421022 0.0007227943807034123
1.5502499999999997 0.00023909423577112387 0.0002734215374740387 0.000390190842219422
1.5794999999999997 0.00040471361076497745 0.00038781016179221167 0.0005001771156625941
1.6087499999999997 0.0003355071441339783 0.00041477286094550975 0.0007553965983080753
1.6379999999999997 0.00019710118016231566 0.0002010475049464474 0.00028903665100615063
1.6672499999999997 6.101652683980281e-05 6.478128462011279e-05 7.914857642498002e-05
1.6964999999999997 0.0001619338863727528 0.00014720447039005794 0.00020220598102638817
1.7257499999999997 7.691604625205987e-05 8.718191814452527e-05 0.00013429556757505918
1.7549999999999997 9.905724920996316e-05 0.00014366222396547577 0.00023595880815926822
1.7842499999999997 8.422192388584384e-05 0.00010505612907702895 0.00014220806712083502
1.8134999999999997 7.717434494082131e-05 8.450530702973133e-05 0.00012735991442326618
1.8427499999999997 4.588956439364651e-05 7.073812824970233e-05 0.00012610522305927924
1.8719999999999997 3.900829333875932e-05 5.179368440147501e-05 8.323573109697221e-05
1.9012499999999997 1.3347165059359492e-05 1.1868545411341982e-05 1.3524268530029906e-05
1.9304999999999997 6.615923185184552e-06 7.476125528284917e-06 1.0924975441441957e-05
1.9597499999999994 3.6161684961853616e-06 3.840258210488128e-06 5.1798961936114555e-06
1.9889999999999994 3.3129169034864253e-06 5.814267029264425e-06 1.0824865429784448e-05
2.0182499999999997 2.456025029605144e-06 3.457139122413159e-06 5.7593797899917525e-06
2.0474999999999994 3.884125904905051e-06 4.772122537451421e-06 7.927082327846572e-06
2.0767499999999997 1.0227409787106783e-05 1.349285962350144e-05 2.1799207906029336e-05
2.1059999999999994 8.989225140054638e-06 1.1796908135750146e-05 1.7855715434429297e-05
2.1352499999999996 1.3177148561923713e-05 1.3035207656296053e-05 1.832430820672471e-05
2.1644999999999994 3.681489146283795e-05 3.586991517172614e-05 4.612579228785191e-05
2.1937499999999996 2.0049935193702444e-05 2.7920776949792382e-05 4.545420633104416e-05
2.2229999999999994 3.0812598702082196e-05 4.112082874768739e-05 6.0138967680899474e-05
2.2522499999999996 4.8999768404046734e-05 7.537098686937179e-05 0.00012808569210526742
2.2814999999999994 3.644799239070427e-05 4.718216351801326e-05 8.233659063654216e-05
2.3107499999999996 6.252661880271299e-05 9.172602845387663e-05 0.0001296808115453862
2.3399999999999994 7.413778210174155e-05 8.38322677424107e-05 0.0001285634195350759
