0 0.0011969299054650222 0.001082239253762438 0.001461636289749966
0 0.004122912150114609 0.005055496313591985 0.00863724567374832
0 0.006419962262722281 0.009021418646279282 0.01347125852201947
0 0.005247848091894323 0.005329464540159071 0.0068546461864720815
0 0.009321720902721839 0.013802803121510422 0.02468947134298677
0 0.006490247554819151 0.007518603276099644 0.010810992954523202
0 0.010906624063942954 0.0129337646625853 0.022031208293334027
0 0.021337137658165792 0.03033614488081698 0.050044854447553216
0 0.00911488810488355 0.008894474804802268 0.011115416353918448
0 0.018519264248152204 0.01653815372819045 0.018118447928750378
0 0.02157579215899908 0.03449561588871668 0.06231097192499427
0 0.023146203341242105 0.026658262495536465 0.03745624121547072
0 0.03598545632813773 0.029923264520203725 0.03678620647513273
0 0.013228091627673974 0.015676604423095764 0.024190261346201822
0 0.0409395053381525 0.061095114511812564 0.10795854282428043
0 0.020124470132434458 0.01631954579662939 0.017950506758667634
0 0.039354051615231436 0.045367825526346175 0.06527569948447706
0 0.033191003358213136 0.04130620698087911 0.08262122708334278
0 0.027624687136170018 0.03987522952241521 0.07168371649601489
0 0.04057755856009953 0.04556681221897934 0.06194065765690298
