10000 3.202459990424806e-10 0.001
10000 1.4216927696321092e-09 0.002
10000 9.494453929074078e-09 0.005
10000 8.263660727940554e-11 0.0005
10000 1.4220084298964456e-11 0.0002
10000 2.9050940765230827e-12 0.0001
10000 3.6695751850879375e-10 0.001
10000 4.5434620575478116e-08 0.01
10000 8.742591180941196e-07 0.03
10000 2.3849534455239547e-05 0.1
10000 0.00016690217880902493 0.2
10000 0.0005346593422837651 0.3
10000 0.0012441579177835886 0.4
10000 0.0022013975400882605 0.5
10000 0.003329996305382167 0.6
10000 0.0053000282658587404 0.7
10000 0.006625494995442801 0.8
10000 0.008372065956843987 0.9
10000 0.01018903772344743 1.0
10000 0.012878309021356057 1.2
10000 0.014771387325586494 1.4
10000 0.014981932980508286 1.6
10000 0.015025930800850006 1.8
10000 0.0161621987509884 2.0
10000 0.015153804036919755 2.5
10000 0.015592512676370258 3.0
10000 0.015297885078084272 3.5
10000 0.015744585172195336 4.0
10000 0.015422831827327347 4.5
10000 0.01502466701418084 5.0
