10000 2.9829636110867917e-05 0.005
10000 6.259863950294154e-05 0.01
10000 0.0001950366727664334 0.03
10000 0.00060933804226461 0.1
10000 0.0012027276443651153 0.2
10000 0.001932787219028809 0.3
10000 0.0023070912834916254 0.4
10000 0.003168650711212041 0.5
10000 0.003762152648670507 0.6
10000 0.004197439157336587 0.7
10000 0.004569408162295371 0.8
10000 0.005056543641405494 0.9
10000 0.005282975667420777 1.0
10000 0.005833543411952932 1.1
10000 0.006322985539340378 1.2
10000 0.0066271123130704655 1.4
10000 0.006661581705656749 1.6
10000 0.0069734456533894615 1.8
10000 0.007373154801368538 2.0
10000 0.006866190798534666 2.5
10000 0.007601585797017167 3.0
10000 0.007340792068952527 3.5
10000 0.008047214453024056 4.0
10000 0.007831348544169725 4.5
10000 0.007630106162711994 5.0
10000 3.2303180099683545e-05 0.005
10000 6.427875461337526e-05 0.01
10000 0.0001896375475675004 0.03
10000 0.0006403512180080131 0.1
10000 0.0013267926764236847 0.2
10000 6.009394353170341e-07 0.0001
10000 1.384413835927702e-06 0.0002
10000 2.933415916706795e-06 0.0005
10000 6.346472696341123e-06 0.001
10000 1.291041841456279e-05 0.002
