20000 1.1820785839707735e-11 1.2000000000000004e-11 8.862539022631542e-11 1.0329706511295604e-11
20000 4.643146966976263e-11 4.8000000000000015e-11 2.464233438987858e-10 4.093573800997264e-11
20000 3.17873044165279e-10 3.0000000000000005e-10 1.914452572238839e-09 2.7941075331467986e-10
20000 1.34188437722469e-09 1.2000000000000002e-09 9.82593232665034e-09 1.1613583715205757e-09
20000 2.4328504481916724e-09 2.352e-09 1.6078464802914438e-08 2.0660139238595123e-09
20000 6.198703279712844e-09 5.808000000000001e-09 4.4888274397532506e-08 5.141527707911552e-09
20000 3.40494460494643e-08 3e-08 1.8819025624102828e-07 2.6558387866302394e-08
20000 1.6423923147441803e-07 1.2000000000000002e-07 6.97468727984484e-07 1.2305012755777307e-07
20000 2.2895897019445496e-06 1.08e-06 8.899594082186225e-06 1.6470051472227908e-06
20000 4.979276394663736e-05 1.2e-05 9.580784880506244e-05 3.612823634180423e-05
20000 0.0003776206178831422 4.800000000000001e-05 0.0007037146778635105 0.00027739193873028766
20000 0.0011588032370561587 0.00010800000000000004 0.002305160693577349 0.0008313893201535254
20000 0.0024931908495741863 0.000192 0.004914185162535116 0.0018333560293384763
20000 0.0044337100947234144 0.0003000000000000002 0.008652074827749935 0.0032951343948461726
20000 0.007194882615817239 0.0004320000000000003 0.015867427023103634 0.005295683122422185
20000 0.010160892626797513 0.0005879999999999998 0.022051662917021157 0.007583193657349245
20000 0.013277388691208928 0.0007680000000000001 0.02936832102621795 0.00998605350008613
20000 0.01668471950612238 0.0009720000000000004 0.03574586576776374 0.012638452337234082
20000 0.01980858678345607 0.0012 0.04683586509710718 0.014985640161341036
20000 0.023721914149171394 0.0017280000000000006 0.04449172355082265 0.017478921610410193
20000 0.028026496521715644 0.002351999999999998 0.0600306538729107 0.020867057138651817
20000 0.03172910167377591 0.003072 0.06837023706065719 0.02450972100722432
20000 0.02907773044176466 0.003888 0.05817620236915893 0.021741419539491394
20000 0.031114005907948404 0.004800000000000003 0.06196952987307272 0.023282372880443863
20000 0.029352210523405673 0.0075000000000000015 0.06200711071032591 0.022136642487682212
20000 0.030693647623044145 0.010799999999999999 0.061695432292517165 0.023036422574837734
20000 0.0293540008531444 0.0147 0.05965037867347809 0.022204248304469147
20000 0.03160828721950317 0.0192 0.07176227016787644 0.02411618700540827
20000 0.02967945354752877 0.02430000000000001 0.06716531044753404 0.022208657538240372
20000 0.028934000529270046 0.029999999999999995 0.05672333902873867 0.021823461753005684
20000 1.373323548782911e-11 0.0001
20000 4.990162570143777e-11 0.0002
20000 2.647664160057641e-10 0.0005
20000 1.192778724254125e-09 0.001
20000 2.299038532540652e-09 0.0014
20000 5.6537968876332084e-09 0.0022
20000 3.600413904150994e-08 0.005
20000 1.8332805090624286e-07 0.01
20000 2.259001778465139e-06 0.03
20000 5.3512940520644275e-05 0.1
20000 0.00039822100681746774 0.2
20000 0.0012232346550559829 0.3
20000 0.002511285958417739 0.4
20000 0.0043058805512808 0.5
20000 0.007488658174733375 0.6
20000 0.0096796932668113 0.7
20000 0.013424142455617316 0.8
20000 0.016509473939093626 0.9
20000 0.019978342885950347 1.0
20000 0.02290246066593058 1.2
20000 0.027081874107069193 1.4
20000 0.03148312039616557 1.6
20000 0.030124533004503785 1.8
20000 0.031189847383430107 2.0
20000 0.029192830648573868 2.5
20000 0.03051237777643952 3.0
20000 0.03067405451136804 3.5
20000 0.031183227009741528 4.0
20000 0.03012269188418037 4.5
20000 0.029363376804838578 5.0
