5000 9.78260729490581e-13 7.500000000000002e-13 7.61185593384214e-12 8.288059126247547e-13
5000 2.9723841641879047e-12 3.000000000000001e-12 1.984051442500451e-11 2.50400895906115e-12
5000 2.3669389472568656e-11 1.8750000000000003e-11 1.5799972885193257e-10 1.9972405813712266e-11
5000 7.40013543527912e-11 7.500000000000001e-11 3.9730459453072737e-10 5.846844749330528e-11
5000 1.788356490753231e-10 1.47e-10 9.50516981995981e-10 1.411594026418961e-10
5000 4.5125495521293094e-10 3.6300000000000004e-10 1.8766336618398657e-09 3.404636715582416e-10
5000 3.0969563225167774e-09 1.875e-09 1.1171301161125027e-08 2.270374383752507e-09
5000 1.8251116216260964e-08 7.500000000000001e-09 4.677603267199372e-08 1.3026806327298035e-08
5000 3.406579163182355e-07 6.75e-08 8.100578492717383e-07 2.459990001041903e-07
5000 1.1034978376107521e-05 7.5e-07 2.190004472711043e-05 8.135583814061428e-06
5000 8.389355331893137e-05 3.0000000000000005e-06 0.0002003313603387253 6.187791575923928e-05
5000 0.00026954462899782207 6.750000000000002e-06 0.0005875063907162026 0.00020093497847348163
5000 0.0006175822113755968 1.2e-05 0.0014250768766403573 0.00046485772129234025
5000 0.0010786348885641534 1.8750000000000012e-05 0.0022012224413628352 0.0008145298221537207
5000 0.0016849612384341186 2.700000000000002e-05 0.003449332451214207 0.0012591572234290445
5000 0.002531244635832526 3.6749999999999985e-05 0.005815332081518541 0.0019290877618757304
5000 0.003216353015181972 4.800000000000001e-05 0.00730076729259694 0.002461007543701009
5000 0.004235852100156549 6.0750000000000027e-05 0.010739434429411348 0.0032333546259966386
5000 0.0044685274163537535 7.5e-05 0.009316579627920369 0.0033694792721347647
5000 0.005943747558975982 9.075000000000005e-05 0.01339857368082768 0.004569465897464161
5000 0.006350566198593359 0.00010800000000000004 0.015785429112573333 0.004816917165295183
5000 0.007523370687601371 0.0001469999999999999 0.01597129034257301 0.005656607825774715
5000 0.007882782028823868 0.000192 0.017426921548381342 0.006044013882921975
5000 0.0077343928042207365 0.000243 0.01820564601351782 0.005939637623470514
5000 0.007244489002588882 0.0003000000000000002 0.016795921640131262 0.005513868544284767
5000 0.0072273143545072156 0.0004687500000000001 0.016221754688201837 0.0055854458264081785
5000 0.007134775064353508 0.0006749999999999999 0.01644777236512257 0.005509238563926086
5000 0.007424989037894686 0.00091875 0.016863726077712617 0.005816587162185733
5000 0.007625041324719196 0.0012 0.01659340659364914 0.005768942371152911
5000 0.00724074823277321 0.0015187500000000006 0.016344813280354788 0.00541663102739058
5000 0.007621757216702235 0.0018749999999999997 0.015209684642760592 0.00573113469954146
5000 7.915072052679754e-13 0.0001
5000 3.538357252550658e-12 0.0002
5000 1.9165732789672853e-11 0.0005
5000 9.733974915098994e-11 0.001
5000 1.8019782087599886e-10 0.0014
5000 4.4127118054246774e-10 0.0022
5000 3.2944359068533795e-09 0.005
5000 1.9996761240872857e-08 0.01
5000 3.495579860393096e-07 0.03
5000 1.1349466528785587e-05 0.1
5000 8.050745833910709e-05 0.2
5000 0.0002726730282737386 0.3
5000 0.000625297187810801 0.4
5000 0.0011405111903183447 0.5
5000 0.001806951956956084 0.6
5000 0.0026283325858983734 0.7
5000 0.0033281709903885165 0.8
5000 0.004135923185689365 0.9
5000 0.004698241491366664 1.0
5000 0.006544895058935227 1.2
5000 0.007378873305453652 1.4
5000 0.007452209313519317 1.6
5000 0.007524562038484276 1.8
5000 0.008230825933349074 2.0
5000 0.007398332726847425 2.5
5000 0.00771070830150247 3.0
5000 0.008166535999013003 3.5
5000 0.008074464609344802 4.0
5000 0.008053775250582635 4.5
5000 0.007522344294831383 5.0
