0.0292517785081333 2.9244480076988916e-06 3.935839909818281e-07 5.543590722923481e-07
0.0585035570162666 3.421550148249087e-06 1.0069044687712321e-06 1.485057635243924e-06
0.0877553355243999 5.128957244636517e-06 3.289581826071868e-06 5.016159853598371e-06
0.1170071140325332 5.910768790161358e-06 4.757251991503746e-06 8.006417337306914e-06
0.14625889254066649 9.161146887199241e-06 1.1188217421332815e-05 1.906884282280819e-05
0.1755106710487998 1.0767514219695032e-05 1.4224591736042534e-05 2.4242531478110134e-05
0.2047624495569331 1.6089596312540834e-05 1.840302433268614e-05 3.073194102621614e-05
0.2340142280650664 1.9229470515213256e-05 2.2893049954308443e-05 3.682731210999327e-05
0.2632660065731997 2.2534986230125843e-05 2.3794161920467983e-05 3.308776092569438e-05
0.29251778508133297 2.3111809640910708e-05 2.735663310112206e-05 4.293286035973351e-05
0.3217695635894663 2.433080115864054e-05 2.378395535828214e-05 3.319170713097797e-05
0.3510213420975996 3.213490079740444e-05 3.805191485464659e-05 5.663293495679998e-05
0.3802731206057329 3.723651223314157e-05 4.283835481103052e-05 6.19220888910992e-05
0.4095248991138662 3.565827547750935e-05 4.08203855788827e-05 5.796345395097975e-05
0.4387766776219995 5.086352689479732e-05 6.193895467483455e-05 9.424785631900391e-05
0.4680284561301328 5.954244750792682e-05 7.221089297106301e-05 0.00011284630080456836
0.4972802346382661 5.7667708715309436e-05 8.017278299514186e-05 0.00012763600658347932
0.5265320131463994 8.833294870829199e-05 0.00011020051160735127 0.00015671017529013807
0.5557837916545327 8.06743466413947e-05 0.00010019256923208689 0.0001578301695827669
0.5850355701626659 6.942623129726972e-05 9.091719587031686e-05 0.00014141376893810466
0.6142873486707993 8.191236511845612e-05 8.860266518798671e-05 0.0001240960308752365
0.6435391271789326 8.781675655494283e-05 0.0001096010851248701 0.00017030813565377845
0.6727909056870659 8.807062326487029e-05 0.00012440419116554037 0.00019836915055998237
0.7020426841951992 0.00011633208717726513 0.00013223325865736752 0.00019324301110790036
0.7312944627033324 0.00014871910782296606 0.00020297489785053117 0.00032164605209681696
0.7605462412114657 0.0001118211204941101 0.0001420374181303359 0.00021275803343230682
0.7897980197195991 0.00012378576051831912 0.00015793440043124023 0.0002382700332065932
0.8190497982277324 0.00016485100107590156 0.0002610632802695597 0.000437503256912075
0.8483015767358657 0.0001273083755241798 0.00013667096513864015 0.00019181808926151583
0.877553355243999 0.00013548417664801922 0.00018242397495130965 0.00027847126590893265
0.9068051337521322 0.00015641758777632387 0.0002267322043565619 0.0003770774863233477
0.9360569122602656 0.00014903745984789883 0.00017027456810215445 0.00024010557835364956
0.9653086907683989 0.00019841694557899947 0.00026133852694140816 0.0004028105935903828
0.9945604692765322 0.0001906640953656606 0.00024506575188925326 0.00035980879149727997
1.0238122477846654 0.00017950995163301182 0.00027652687115096346 0.00046756394355427074
1.0530640262927988 0.00020181815505758001 0.00021500351459651464 0.0002885727315858687
1.082315804800932 0.00014350498960703873 0.00019757201778551132 0.00030084811002989903
1.1115675833090655 0.0002260924677842195 0.000251476054478684 0.000349589556304547
1.1408193618171987 0.00017226644301824022 0.0002632305581581906 0.00043418021598615994
1.1700711403253319 0.00018208421884021516 0.000240921383222893 0.0003714215190087182
1.1993229188334653 0.00016813803421392718 0.0002347352959194221 0.0003821037941296803
1.2285746973415985 0.0002075023624849932 0.0002931286482474745 0.00047002165493244133
1.257826475849732 0.00019593111016139172 0.0002692702655462958 0.000419921542786312
1.2870782543578652 0.000227188834707246 0.0002778850776510961 0.0004166708632629441
1.3163300328659984 0.00027556781410257333 0.00035218997424113306 0.0005441147643990856
1.3455818113741318 0.00022842469355031372 0.0002977276652091299 0.00047346212806393214
1.374833589882265 0.0002022003868283399 0.0002403322918246516 0.0003525147336891319
1.4040853683903984 0.00021119163910782494 0.00033733457639654996 0.0005986907607033571
1.4333371468985316 0.00018535891436498092 0.00026109271622196844 0.0004399296383684111
1.4625889254066649 0.0002406593754507827 0.0002974833297173271 0.00046392667544850006
1.4918407039147983 0.00020565736540520467 0.0002778371159360315 0.0004246804293407092
1.5210924824229315 0.00021736030944411122 0.0002821923527681377 0.00043002915999463545
1.550344260931065 0.0002208198402572329 0.00030508380737174655 0.00047783632055226
1.5795960394391981 0.00020016898105631602 0.00028158045287683556 0.00045394831816551035
1.6088478179473316 0.00018264611504331896 0.0002732905794823365 0.00044073886811400937
1.6380995964554648 0.00019415552622325716 0.0002807331285229767 0.00042674012301280014
1.667351374963598 0.0002286307544534772 0.00035740584632147783 0.0005984610851192327
1.6966031534717314 0.00016788562085040792 0.00022762663439780028 0.00039468451589835514
1.7258549319798646 0.00020046277420978834 0.0002650993631886325 0.000410004488215284
1.755106710487998 0.00016651653648989417 0.00024936396506548364 0.0003874351801318625
1.7843584889961313 0.0001751316754781474 0.00023505129797920393 0.00035954841580396126
1.8136102675042645 0.00014951175020451078 0.0001681499935630893 0.0002465105105868471
1.842862046012398 0.00018201516583925782 0.0002287274608029052 0.00035676165379958043
1.872113824520531 0.00012996653938444636 0.00016816393928732984 0.00027145692330222563
1.9013656030286645 0.00015151955782761946 0.00022876880755232058 0.00038730076371530436
1.9306173815367977 0.00015936848703005727 0.00022316878544189622 0.00036856269648809003
1.959869160044931 0.0001337476250430763 0.0001480962188350173 0.0002100817690648192
1.9891209385530644 0.00011056030740001779 0.00016514176393914336 0.0002552506563060589
2.018372717061198 0.00010735308736591954 0.00014007097183750444 0.0002270804360544201
2.047624495569331 9.251607266577961e-05 0.0001432024307750939 0.00024191022935757505
2.0768762740774642 0.00011727453436108742 0.00015910612400903961 0.00024702499260309405
2.1061280525855977 0.00011464283470092676 0.0001841060303869707 0.000312343484105672
2.1353798310937306 8.643524421097544e-05 0.0001090575591216889 0.00017231447181866274
2.164631609601864 8.124691301386949e-05 0.00010237850540637 0.00015724326779485858
2.1938833881099975 0.00010153924504737167 0.0001412622853893071 0.0002174522646013707
2.223135166618131 7.985108130344876e-05 9.377260670742549e-05 0.00013819573534599574
2.252386945126264 6.6512741709571e-05 9.255607931935866e-05 0.00014769710348631776
2.2816387236343973 6.950550992477641e-05 9.996884071199074e-05 0.00016138386763710325
2.310890502142531 5.612984798100333e-05 7.361218047810352e-05 0.0001150060540464711
2.3401422806506638 6.367693275362312e-05 7.933411900148091e-05 0.00012935875896497704
