200 6.584716535578592e-05 4.319999999999998e-08 0.00014844170897418432 5.038127559564479e-05
400 0.00013167094596845463 1.7279999999999993e-07 0.00029589491634419 9.873908373366742e-05
600 0.00019832780322248198 3.888e-07 0.00045602571591498494 0.00014950719232264374
800 0.0002821984139332705 6.911999999999997e-07 0.0006435157872827959 0.00021327903517075815
1000 0.00032156342729273453 1.08e-06 0.0007053297668174515 0.0002482347081076656
1200 0.00042094048796980195 1.5552000000000002e-06 0.000892419013940377 0.00032078173574150626
1400 0.0004602194004566806 2.1167999999999994e-06 0.0009880199513612774 0.00035289051675390336
1600 0.0005675163984198072 2.764799999999999e-06 0.0011201848065437098 0.00042375439441384797
1800 0.0005946255640288569 3.4992000000000003e-06 0.0012674706141934725 0.000451265754691446
2000 0.0006780592103085914 4.3199999999999984e-06 0.0014877660330599393 0.0005079029529581208
2200 0.0007536067527086013 5.227199999999999e-06 0.0016171166602866605 0.0005746107401588628
2400 0.0008480463334787817 6.2208e-06 0.0020805698006434855 0.0006426129378674395
2600 0.0008987397471507716 7.300799999999997e-06 0.0019089256442204382 0.000696648068839413
2800 0.000958032839176465 8.4672e-06 0.002094248413725522 0.00072319510965732
3000 0.0009912442597991423 9.72e-06 0.0022798098236262196 0.000749352579080183
3200 0.0010782092629671104 1.1059199999999996e-05 0.002391330734496736 0.0008021120371785456
3400 0.0011698932612011581 1.2484800000000003e-05 0.0026070937246450323 0.0008853671674916951
3600 0.0012368864934198366 1.39968e-05 0.002578591099863197 0.0009204044361075219
3800 0.001324461099648962 1.559520000000001e-05 0.0027380210444025947 0.0009976127059816659
4000 0.0014379817708078217 1.728e-05 0.0030164394824873345 0.0010920212714844177
4200 0.0014175052444063082 1.9051199999999995e-05 0.0032946321375301097 0.0010651895546189125
4400 0.0014358915853784366 2.0908799999999992e-05 0.003355483881851514 0.0010906824683056596
4600 0.001511981574114425 2.2852800000000013e-05 0.003422075322708987 0.0011601425151240119
4800 0.00177061267936154 2.4883200000000003e-05 0.004094770980896577 0.001322106016738612
5000 0.0018699453364056967 2.700000000000002e-05 0.004409494121079667 0.0014073244965867125
