10000 4.422044341884511e-08 3e-08 1.4859156365744422e-07 3.222236120784069e-08
20000 1.9078986225139814e-07 1.2000000000000002e-07 1.053539103494057e-06 1.4676234812050065e-07
30000 3.780463668559413e-07 2.7000000000000006e-07 3.791111971584043e-06 2.969681877303498e-07
40000 6.543386118372453e-07 4.8e-07 4.2216186573588885e-06 5.276381180464488e-07
50000 1.1706231021176302e-06 7.5e-07 8.819091136807976e-06 9.438371218313881e-07
60000 1.3970273524534905e-06 1.08e-06 7.659684801509799e-06 1.149702671441456e-06
70000 1.523728297340506e-06 1.4699999999999993e-06 1.508461360570342e-05 1.228385616783814e-06
80000 1.7455211993702182e-06 1.9200000000000003e-06 8.792038252494678e-06 1.3594139765333313e-06
90000 2.497585790628549e-06 2.4299999999999996e-06 1.2378886814572117e-05 2.039259679300812e-06
100000 3.5112919455565697e-06 3.0000000000000005e-06 3.772931161524865e-05 2.911723008804236e-06
110000 3.969233869171562e-06 3.6300000000000017e-06 3.170681454753816e-05 3.3714617107332633e-06
120000 5.793499630970969e-06 4.320000000000001e-06 5.2310164956841066e-05 4.901582697837615e-06
130000 5.864820753093704e-06 5.07e-06 4.1389632602145526e-05 5.101536072361942e-06
140000 6.642903297990396e-06 5.879999999999998e-06 4.4127784796547335e-05 5.708143637146075e-06
150000 5.642853226618686e-06 6.750000000000002e-06 2.4890697716768818e-05 4.664538325635623e-06
160000 7.429878240078071e-06 7.68e-06 4.1426841604188906e-05 6.4984367328332045e-06
170000 8.820432961783086e-06 8.67e-06 5.334747479729806e-05 7.5828919929341e-06
180000 1.0518989803394217e-05 9.72e-06 7.329667264194475e-05 8.880710490274613e-06
190000 1.0188921307189232e-05 1.0830000000000005e-05 7.370719490807047e-05 8.483998170491522e-06
200000 1.049468638251409e-05 1.2e-05 5.960976134698824e-05 8.883312258476454e-06
210000 1.535835847785781e-05 1.323e-05 0.0001383769147508015 1.3082495446671876e-05
220000 1.4890520369097774e-05 1.452000000000001e-05 0.000101226233507875 1.3011425392145303e-05
230000 1.1603677576012717e-05 1.5870000000000002e-05 5.955287402322511e-05 9.723287952646883e-06
240000 1.1672253472240331e-05 1.728e-05 7.42508789046922e-05 9.838913068334026e-06
250000 2.0473483601713462e-05 1.875e-05 0.00015263753617535553 1.7783242485118088e-05
