200 0.00022434191559073013 1.4519999999999998e-07 0.0005330027145649433 0.0001687961696161585
400 0.00044902930394519246 5.808e-07 0.0010181569270034953 0.0003485229713693178
600 0.0007183882877332269 1.3068000000000001e-06 0.0015020156850964652 0.000552734887371013
800 0.0009515685563896089 2.3231999999999996e-06 0.002006835076765133 0.0007266633399023589
1000 0.0010948393145884837 3.6300000000000017e-06 0.0024152668912384287 0.0008385316258171126
1200 0.0013988341184401317 5.227200000000003e-06 0.003139182980831301 0.001068468409284148
1400 0.0015906255276658642 7.114799999999998e-06 0.0037303695430367274 0.0012122559752230449
1600 0.001850379513573134 9.2928e-06 0.0047856900655322025 0.0014070111479922627
1800 0.002072458514996973 1.176120000000001e-05 0.004585000988058461 0.0015621013983886229
2000 0.0022811315230305343 1.4519999999999997e-05 0.005493938198828093 0.0017360575839376507
2200 0.002452522312137528 1.7569199999999998e-05 0.005357854426286259 0.0019109543274294198
2400 0.002781400018986932 2.0908800000000002e-05 0.006282077732530427 0.0021173137650413888
2600 0.002911192456815839 2.4538800000000003e-05 0.006014432658583748 0.002210892285184164
2800 0.003359708731365326 2.8459199999999993e-05 0.0077253007708782346 0.0025119062806496463
3000 0.003390188925769006 3.267000000000001e-05 0.006886903425049946 0.002586971328476055
3200 0.0036029484276441214 3.7171199999999994e-05 0.008368984079467892 0.002725937014265868
3400 0.0038669506912451194 4.1962800000000004e-05 0.008225948107563344 0.0029449721478909847
3600 0.003943439984424912 4.704480000000002e-05 0.00880332058827865 0.0030166736402224958
3800 0.004385649838377665 5.2417200000000024e-05 0.009751485514292325 0.003335046543658185
4000 0.004479839393406813 5.808000000000003e-05 0.009427802919306852 0.003418830226797096
4200 0.004922825529385262 6.40332e-05 0.01071741143361306 0.003754064674634259
4400 0.00465526160589825 7.027680000000002e-05 0.010213084051666679 0.0035021432259136217
4600 0.005268349918625352 7.681079999999999e-05 0.011613503249506597 0.0039947451452650475
4800 0.005185946622548542 8.363520000000005e-05 0.012126922354205871 0.003961929106545929
5000 0.0051684438956009 9.075000000000005e-05 0.010620269050216145 0.0038768270550248152
