200 0.00018328601691726547 1.2000000000000002e-07 0.0003889776032573212 0.00013972387086260812
400 0.0004090693813929066 4.8e-07 0.0009948841588055027 0.00031684917115759137
600 0.0005605903533590824 1.08e-06 0.0013108823918901577 0.00043323848341313495
800 0.0008115447917628225 1.9200000000000003e-06 0.0016923249069021433 0.0006128578615555541
1000 0.0009672222687345648 3.0000000000000005e-06 0.0023665220538664987 0.0007441552307161599
1200 0.0011679872966611738 4.320000000000001e-06 0.0027424530982279776 0.0008889687342010157
1400 0.0015057141904640976 5.879999999999998e-06 0.0037529821590225384 0.0011352662333738986
1600 0.0016168977691760516 7.68e-06 0.003616034538452366 0.0012392619853075167
1800 0.0017350665410579428 9.72e-06 0.0036580514817846103 0.0013065204965186134
2000 0.002117060264870678 1.2e-05 0.00516011300125474 0.0015900565734182687
2200 0.0022197892845862498 1.4519999999999997e-05 0.005154618899394719 0.001676058081915482
2400 0.0023035388308019103 1.728e-05 0.005561815392359585 0.0017356160563252658
2600 0.0027371469348563895 2.028000000000001e-05 0.006434252335468292 0.0020997605213411118
2800 0.0025352979709870787 2.3519999999999988e-05 0.005622521598129097 0.001974847651042075
3000 0.0029685236651176778 2.7000000000000006e-05 0.006962078770211134 0.002282068657270937
3200 0.0030141244360134527 3.0720000000000004e-05 0.0066446097476892015 0.002263522651182436
3400 0.003311997910113705 3.468e-05 0.007226389400334934 0.002530088061259232
3600 0.0033899757770339007 3.8879999999999994e-05 0.007205546044436141 0.002562181713858293
3800 0.003697415034791195 4.332e-05 0.008446391914996331 0.0028648964176598846
4000 0.0038050210648051487 4.800000000000001e-05 0.008151378032081758 0.0028945467025104127
4200 0.003916385496318755 5.292000000000003e-05 0.008508338782151192 0.0029890444542943536
4400 0.004605238834377392 5.808000000000003e-05 0.009537990778059707 0.003491858578093295
4600 0.004597655267978744 6.348e-05 0.010081769424390291 0.0035480446267634833
4800 0.004627515061333812 6.912000000000002e-05 0.009384908545541838 0.003479288597520596
5000 0.00484512547319881 7.5e-05 0.01112609334252365 0.0036513993447222217
