200 0.00012976552240544196 7.680000000000001e-08 0.00031145319765655654 0.00010040226783921246
400 0.0002711452742942565 3.0720000000000005e-07 0.0006283667821064281 0.00020868036789902143
600 0.0003680504588198982 6.912000000000003e-07 0.0008257211236140074 0.00027584171470861773
800 0.0005625784646159638 1.2288000000000002e-06 0.0012345884585943853 0.00043175949506785985
1000 0.0006621428161642377 1.9200000000000003e-06 0.0014798784529153613 0.0005008693813709034
1200 0.0008459423377863095 2.7648000000000006e-06 0.0019073563650658144 0.0006426057634624063
1400 0.0008453774101338472 3.7632e-06 0.0019951705694493246 0.0006407081553355342
1600 0.0011224832549769027 4.915200000000001e-06 0.0025296905610549 0.0008596994697886148
1800 0.00119572808176124 6.2208e-06 0.0026407674845690186 0.0009040222341728358
2000 0.001299112471871219 7.68e-06 0.0029936987778632312 0.0009762995064567191
2200 0.0014538352925086932 9.2928e-06 0.003115893583165073 0.0010825932987178972
2400 0.0016375042178803536 1.1059200000000004e-05 0.0036466296231356314 0.0012509125460482568
2600 0.0016065083780030516 1.29792e-05 0.003659530890234892 0.0012254637165914645
2800 0.0019839840273864068 1.5052799999999987e-05 0.004808630964640414 0.0015178958812000595
3000 0.0019251719600278721 1.728e-05 0.004657064257966283 0.001475618269938932
3200 0.002157229032769726 1.9660800000000003e-05 0.004675793576515139 0.0016294965723774408
3400 0.0023436723236495284 2.2195200000000007e-05 0.005722155427628457 0.001764715430406929
3600 0.002480873500510652 2.4883200000000003e-05 0.005950434644174702 0.0019017428874353044
3800 0.0023999580199126837 2.7724800000000006e-05 0.004804887504259242 0.0018234960665261192
4000 0.002610260725333309 3.0720000000000004e-05 0.006003050821497524 0.001973684701891645
4200 0.00273957193523334 3.386880000000001e-05 0.006133050258116829 0.0020345627869576477
4400 0.0029380913693609428 3.7171200000000014e-05 0.00646150869118155 0.0022390958096534536
4600 0.00287264227998059 4.0627199999999976e-05 0.00671355966153245 0.002181796322387455
4800 0.0030181604794522502 4.423680000000001e-05 0.006730224402812646 0.0022659202885893805
5000 0.0034256849534549712 4.800000000000001e-05 0.007293918966751278 0.0025909353483876464
