10000 4.4650451170248085e-08 3e-08 1.7140825355238456e-07 3.27673628329529e-08
20000 9.891583553349008e-08 1.2000000000000002e-07 2.1773573728082243e-07 7.05096502025312e-08
30000 3.1771909195064016e-07 2.7000000000000006e-07 1.6966502897732792e-06 2.4649973560652867e-07
40000 5.437706450970192e-07 4.8e-07 2.204658292078321e-06 4.546714925821301e-07
50000 8.617083618193554e-07 7.5e-07 4.5991037239646915e-06 6.829599873115003e-07
60000 1.103833471268822e-06 1.08e-06 5.158099197398009e-06 8.702962347931058e-07
70000 1.448983629861461e-06 1.4699999999999993e-06 6.62171920491569e-06 1.1463464700000493e-06
80000 1.6172978002784356e-06 1.9200000000000003e-06 1.7630093908135285e-05 1.284715286491156e-06
90000 2.671464787798552e-06 2.4299999999999996e-06 1.4538203651944052e-05 2.212893161451562e-06
100000 1.7136948018236204e-06 3.0000000000000005e-06 8.328531501174055e-06 1.3181788024659894e-06
110000 4.189579925554363e-06 3.6300000000000017e-06 1.626778011183767e-05 3.4777434863479016e-06
120000 4.063083832793161e-06 4.320000000000001e-06 2.0417678000933145e-05 3.328869580419867e-06
130000 3.10762298814464e-06 5.07e-06 1.4794190169268283e-05 2.618765140720717e-06
140000 9.399709606079433e-06 5.879999999999998e-06 6.037134170583353e-05 8.203047331531697e-06
150000 1.0926913264703755e-05 6.750000000000002e-06 9.152901595051239e-05 9.825674994607254e-06
160000 9.271755172231671e-06 7.68e-06 4.4257803446228154e-05 7.971475431395535e-06
170000 6.7185632199019165e-06 8.67e-06 3.110476511767363e-05 5.68107536326792e-06
180000 9.11486403529203e-06 9.72e-06 3.9399371263625617e-05 7.94945379025401e-06
190000 1.1227584086495364e-05 1.0830000000000005e-05 9.5291796559368e-05 9.667316927201184e-06
200000 1.0945616149021948e-05 1.2e-05 5.594677901262484e-05 9.142986208702876e-06
210000 1.4482592282579184e-05 1.323e-05 0.00010386519642466281 1.2562623880804786e-05
220000 1.1497921245553918e-05 1.452000000000001e-05 6.494614422278562e-05 1.0094217378261167e-05
230000 1.5792712541225225e-05 1.5870000000000002e-05 8.645506116754527e-05 1.33709870977832e-05
240000 1.4768310211397775e-05 1.728e-05 9.178475517035225e-05 1.257935902327564e-05
250000 2.6354866089594833e-05 1.875e-05 0.00010317920907450425 2.27308166999314e-05
