10000 8.265733006690509e-07 2.699999999999999e-07 1.5445518236264087e-06 5.791265643807142e-07
20000 2.314502871271555e-06 1.08e-06 6.6588367597593995e-06 1.674633468239254e-06
30000 3.047002957525361e-06 2.4299999999999996e-06 7.617643336328802e-06 2.04173818784785e-06
40000 6.010181828810244e-06 4.3199999999999984e-06 1.4926173543217852e-05 4.4137686967077536e-06
50000 1.0324600254624746e-05 6.75e-06 4.4836680718709694e-05 8.139488600411129e-06
60000 1.0063042351838138e-05 9.72e-06 2.549541068262914e-05 7.020963566998599e-06
70000 1.226846931044796e-05 1.322999999999999e-05 3.40846469359101e-05 9.194367305543853e-06
80000 3.916642172142298e-05 1.728e-05 0.0002820402562048068 3.200339995484927e-05
90000 2.0773406875206076e-05 2.186999999999999e-05 6.820015357170634e-05 1.5605381813843387e-05
100000 2.5411239511292057e-05 2.7000000000000006e-05 0.00010323602327813838 2.0255087619743548e-05
110000 5.1773750365981394e-05 3.267000000000001e-05 0.00026744827463415064 4.0686013772144364e-05
120000 2.233844986897632e-05 3.8879999999999994e-05 4.445457169788279e-05 1.6405794214327062e-05
130000 0.00010056604585559744 4.563e-05 0.001167515421735149 8.376260888165504e-05
140000 6.246064694192433e-05 5.2919999999999974e-05 0.00030075674055255727 5.084868182906644e-05
150000 4.399219429806459e-05 6.074999999999999e-05 0.000256698495759543 3.545609137999019e-05
160000 7.64366379783842e-05 6.911999999999998e-05 0.00029091562982445744 6.069360314205668e-05
170000 6.688171074397863e-05 7.802999999999998e-05 0.0002557592891012863 5.2479748479334376e-05
180000 7.105676522056315e-05 8.747999999999998e-05 0.0002523417783070687 5.53766811232297e-05
190000 8.499322713644675e-05 9.746999999999999e-05 0.0005234373987119742 6.750114887389452e-05
200000 0.00013104558406223588 0.000108 0.0006949921583731565 0.00010459151828090523
210000 0.00010939289530060814 0.00011906999999999998 0.00034540897557297577 8.768135981040872e-05
220000 0.0001218240287472222 0.00013067999999999996 0.000740763061354108 9.883158618799847e-05
230000 0.0001640456762573328 0.00014283000000000004 0.0008681943996807635 0.0001349478631688895
240000 0.00012381031059665573 0.00015552 0.0007489995680628666 0.00010092546715145566
250000 0.00013108016994459884 0.00016874999999999993 0.0004598032062191386 0.00010585378204019725
