200 0.00029231429195847184 4.8e-07 0.0006210532431721562 0.0002238508463522744
400 0.0005597345915459149 1.9200000000000003e-06 0.0013019689442134242 0.0004279742495283919
600 0.00097118769505214 4.320000000000001e-06 0.0021358569505911715 0.000731526412233168
800 0.0012701228884052361 7.68e-06 0.002851111463810002 0.0009715153991339485
1000 0.001505039882318998 1.2e-05 0.003297387191071116 0.001136916592851844
1200 0.0018221337223628925 1.728e-05 0.003746142181966832 0.001368809970031381
1400 0.0021790144510049226 2.3519999999999988e-05 0.004925095462737687 0.001627897061076047
1600 0.0023650773795958905 3.0720000000000004e-05 0.005313304525761086 0.0018087716049656087
1800 0.0026791489381584378 3.8879999999999994e-05 0.006082036856561681 0.002017603893746563
2000 0.0031391979144611702 4.800000000000001e-05 0.007271926551362916 0.0024166843896779814
2200 0.0036019032294063525 5.808000000000003e-05 0.008190687992962423 0.00271625974286805
2400 0.003739467130374683 6.912000000000002e-05 0.008504782660849837 0.0028276203770651654
2600 0.004172326601427464 8.112e-05 0.010258500831738468 0.00322281129149267
2800 0.004080108216659147 9.407999999999997e-05 0.009495420201168623 0.003047441376460813
3000 0.00469805521452459 0.000108 0.010191119695766944 0.003601166270657568
3200 0.004946644009539858 0.00012288 0.011869663217905406 0.003819644623332627
3400 0.005295003281544547 0.00013872 0.011279346079657013 0.003979111464739237
3600 0.005348502350314677 0.00015552 0.011706081335869685 0.004110662785189185
3800 0.005680096957666474 0.00017328000000000008 0.012388815906006859 0.004362383730579732
4000 0.00616879521790438 0.000192 0.01396238968589988 0.004642657784903025
4200 0.007119988922142897 0.00021168 0.01690448859761881 0.0053958593220529375
4400 0.006598885371743808 0.00023231999999999994 0.013647803885920476 0.005007257987319871
4600 0.0068498606002615845 0.00025392000000000004 0.01464955558341629 0.005146571948668836
4800 0.007624360393282343 0.00027648 0.01773556741016621 0.005780803183063429
5000 0.00722319743611695 0.0003000000000000002 0.01539453799580095 0.005493416879238545
