10000 0.01612415275350036 0.003675000000000002 0.035238561122937585 0.012190487122377093
20000 0.029772102276757556 0.0147 0.059524325492859964 0.02202783856300463
30000 0.04473140376851102 0.033075 0.10154641938144751 0.03355343475419977
40000 0.0626132946723549 0.05880000000000003 0.1330327482672799 0.04592546693621763
50000 0.07302238096034865 0.091875 0.1333665436631656 0.05441254158312213
60000 0.08225172602386766 0.13230000000000003 0.16588222411634804 0.060682009236463656
70000 0.09971677565488446 0.18007499999999996 0.1791757267207221 0.07255167318266721
80000 0.11426250659802345 0.2352 0.1962032267824242 0.08440441287697001
90000 0.1264382160482403 0.2976749999999999 0.22433574814340446 0.09319771941712617
100000 0.12922303611441094 0.3675 0.2343919452324 0.09327451774482552
110000 0.14727995999682778 0.444675 0.2476476363307137 0.10226473665561021
120000 0.151807527500457 0.5292 0.24303128840762395 0.10661998450453293
130000 0.15930528584452103 0.621075 0.25809774163118915 0.11285408047517871
140000 0.17003436417161935 0.7202999999999995 0.2642737001557488 0.11674157580205378
150000 0.18972005213974222 0.8268750000000004 0.2749238089739522 0.13638312675156558
160000 0.20543311711352846 0.9408000000000005 0.2819791006773852 0.14517741624653932
170000 0.20418252699462425 1.0620749999999997 0.2834072472000611 0.14270763462366837
180000 0.2159884026078541 1.1907000000000005 0.30304893231850416 0.15259220872256637
190000 0.22350948328844478 1.3266749999999998 0.2848486519973474 0.151696111914607
200000 0.2513920069120265 1.47 0.31055619442751187 0.17063716480472377
210000 0.2535715061768594 1.620675 0.31636872444321473 0.16704863241087814
220000 0.24211767994187652 1.7786999999999995 0.30797305044856826 0.16544553466095158
230000 0.24727200516538578 1.944075 0.3185780756922004 0.16834787427459216
240000 0.2794594377835518 2.1168000000000005 0.33367203580325017 0.1837893891988673
250000 0.2627675067144433 2.296875 0.3183094172092517 0.17624427052605593
