10000 0.014343112228108757 0.02430000000000001 0.02926853357065594 0.010775828069666064
20000 0.03067056980866201 0.09719999999999998 0.06374503090611715 0.022925053582202124
30000 0.040959436504960686 0.21869999999999998 0.07760473795205441 0.03027433400223673
40000 0.05912614792213309 0.38880000000000015 0.12139666182495985 0.04438036590117419
50000 0.07264876546262745 0.6075000000000003 0.13526830027108872 0.05272046093591748
60000 0.08210365329796188 0.8748000000000004 0.16893672732102533 0.058398916639674406
70000 0.09753226554432212 1.1906999999999996 0.17506719595586617 0.06859741852188733
80000 0.10960631170819132 1.5551999999999997 0.19781527706166785 0.08002112388387086
90000 0.1230637196841661 1.9682999999999997 0.2059930054123623 0.08804732619235159
100000 0.13664860768289033 2.4300000000000006 0.23473967689493155 0.09407504389855584
110000 0.1460241153783995 2.940300000000001 0.22825792993577712 0.10496641989893762
120000 0.1629628331940321 3.4991999999999996 0.2434031680123268 0.11301289481158332
130000 0.17432176030881316 4.1067 0.24802476312710983 0.1220975542282122
140000 0.1776440349653497 4.762799999999999 0.25809031747609534 0.12620047942636203
150000 0.18106828436595884 5.467500000000003 0.2859581277592503 0.12612312202825976
160000 0.19377714219028294 6.220800000000002 0.2792570710356198 0.1297720006935087
170000 0.20690839046751228 7.0226999999999995 0.28771945200974297 0.1385725937003476
180000 0.21725303517304453 7.873200000000001 0.29082674524594565 0.149115840673798
190000 0.2291300983916414 8.772300000000001 0.29674542879362403 0.15634708748432946
200000 0.24918029775975753 9.720000000000004 0.2917468487970094 0.17344046128637433
210000 0.23708231673143892 10.7163 0.2902754550892425 0.16035514907944298
220000 0.24501050686134979 11.761200000000006 0.3143232291817362 0.16583627626846045
230000 0.24501342043301372 12.85470000000001 0.2981137489563403 0.16127398018396494
240000 0.26018114653289826 13.996800000000006 0.30784856315297343 0.17376795203947099
250000 0.2667068229283932 15.187499999999995 0.3415605686037804 0.17243689942182405
