10000 0.01438570559577704 0.0005879999999999998 0.03202511152792122 0.01093325957545859
20000 0.025259039323374477 0.002351999999999998 0.05356773548551876 0.01881228141689682
30000 0.04256137345501882 0.005291999999999999 0.08934719304311603 0.0318612572204804
40000 0.05574257215794623 0.009407999999999996 0.1090542116154626 0.04099979355405784
50000 0.06583483308767708 0.0147 0.12757859330944632 0.04899392601048693
60000 0.07693508030913393 0.021167999999999996 0.15260250226601188 0.05516047270105026
70000 0.09449283462833193 0.028811999999999987 0.17075072146416131 0.06914955862614862
80000 0.10426419637208681 0.03763199999999997 0.19220013786293605 0.07630478189558466
90000 0.114365650236343 0.04762799999999998 0.21097099184124657 0.08187205522421352
100000 0.11784991448148444 0.058799999999999984 0.20342230031033642 0.08475922847250428
110000 0.14271941355175702 0.07114800000000004 0.2299984143097637 0.10346519989009319
120000 0.14248886004650346 0.08467199999999998 0.248039599449295 0.10323156654839744
130000 0.15749708680481972 0.09937199999999997 0.2479690878299665 0.11237716604325615
140000 0.15881594593115658 0.11524799999999995 0.2346499019925072 0.11328789311651728
150000 0.16621776111784556 0.13230000000000003 0.24128308259785675 0.11848739809080257
160000 0.1924807962421254 0.15052799999999994 0.28311685663095676 0.13644258800405407
170000 0.20224597074820452 0.16993199999999997 0.305379349169792 0.14173707127849408
180000 0.1957048973472931 0.1905119999999999 0.2731752814691419 0.14098381123729883
190000 0.21784945105984513 0.21226799999999996 0.2837973477801501 0.15191852322777447
200000 0.2262613803937366 0.2352 0.2912627364371442 0.15861067518944724
210000 0.22128413485379833 0.25930799999999987 0.3038841937578379 0.15861956123550233
220000 0.239801513471149 0.28459199999999996 0.31669808536234634 0.1688458141600253
230000 0.23877056896152704 0.311052 0.3096421838624184 0.1688664449542176
240000 0.25120230964855383 0.33868799999999993 0.3208302636656143 0.17539619568555997
250000 0.2751618233575281 0.3674999999999999 0.3275930568179325 0.19296638365995947
