10000 1.9926658537359587e-05 3.0000000000000005e-06 2.8761228508066626e-05 1.3515138860209144e-05
20000 4.980742595701512e-05 1.2e-05 0.00010260275579453047 3.7640121693682724e-05
30000 9.734937085417478e-05 2.700000000000002e-05 0.00027967002381641557 7.302698995256772e-05
40000 0.00012340985140384816 4.800000000000001e-05 0.0002556628736696787 8.987210892054722e-05
50000 0.0001424391340511514 7.499999999999998e-05 0.0002489557506957936 0.00010027832888246695
60000 0.00018662924124791876 0.00010800000000000004 0.0004118042469363143 0.00013360815094033365
70000 0.00027794227498367525 0.0001469999999999999 0.0007945825266514651 0.00019422130759345552
80000 0.00032651763200769755 0.000192 0.000884437671396682 0.0002276100521251042
90000 0.0004026902961732154 0.000243 0.0012135698898426066 0.00027956443041335426
100000 0.0006374816224304015 0.0003 0.0017036963080676796 0.00047937935744401286
110000 0.0007066538070448949 0.0003630000000000001 0.003340857045239988 0.0005218791060045237
120000 0.0006201212229593479 0.0004320000000000003 0.0024193664004540528 0.0004679134183197861
130000 0.000541941066300023 0.0005070000000000002 0.0011718747643192876 0.0003801204776776391
140000 0.0009452603495693462 0.0005879999999999998 0.0025881704245165945 0.000722143680486898
150000 0.0007221687164929534 0.0006749999999999999 0.0013296904127819006 0.0004794965995153657
160000 0.0011575835750425433 0.0007680000000000001 0.006090788667615325 0.0008849394466878748
170000 0.0009643088361713583 0.0008669999999999997 0.003442370355219735 0.0006951479875170268
180000 0.0016458647635342876 0.0009719999999999999 0.008722738796991326 0.0013072408603654036
190000 0.0014997141115113332 0.0010830000000000002 0.003992013674417228 0.0011262378326295538
200000 0.0014515754586638635 0.0011999999999999997 0.005168402914706616 0.0010306443487070353
210000 0.0016727317670115096 0.0013230000000000004 0.006105091474062695 0.0012462915474164588
220000 0.002745347233068335 0.0014520000000000008 0.02192184464492005 0.002146667532687587
230000 0.001885732179547381 0.0015870000000000007 0.006615535724573058 0.001401576218040704
240000 0.00222248213472969 0.0017280000000000006 0.009647476646039677 0.0016493031225464064
250000 0.002468633308078225 0.0018749999999999997 0.010224580258304547 0.0018866478350170752
