10000 0.015954635311099682 0.029999999999999995 0.03398681477267734 0.012070289128966238
20000 0.032319575512145975 0.12000000000000002 0.06541632264400754 0.024146751218874028
30000 0.04380818834317416 0.26999999999999996 0.092024579833865 0.03250961617627507
40000 0.06098419611829904 0.4799999999999999 0.10882623466639557 0.0461453010812309
50000 0.07713516489703365 0.7499999999999999 0.14535553841555238 0.05705014381454322
60000 0.08691563309224647 1.0799999999999996 0.153373577476165 0.0644584960235651
70000 0.09440791734976471 1.469999999999999 0.17226577828747838 0.06719484306721078
80000 0.11315127462976647 1.9200000000000004 0.20720137829794938 0.08272346102617749
90000 0.1169559822203867 2.4300000000000006 0.21783850275125524 0.08406622951114975
100000 0.13834295043377676 3.000000000000001 0.22676239452307642 0.09742846709593116
110000 0.14291009683504774 3.63 0.21521825144708517 0.10307785058047209
120000 0.1546007986254632 4.319999999999999 0.2523460481793979 0.10867692036167564
130000 0.16604226887811818 5.07 0.2557860057997293 0.11628819217815153
140000 0.18438247713650585 5.879999999999998 0.2830623454232175 0.1278601754337256
150000 0.17543701539549056 6.750000000000003 0.2523571735795555 0.12555533964770027
160000 0.20394272349274445 7.679999999999999 0.2860083160654157 0.14113244109948525
170000 0.19477632318708196 8.670000000000002 0.27700411182417667 0.13609714452854346
180000 0.22644682010103484 9.720000000000004 0.2960272873392843 0.15635200043277456
190000 0.21593797492677191 10.83 0.2890110408068384 0.14510749234718662
200000 0.22485251051679628 11.999999999999998 0.29698461289086847 0.15221885540762442
210000 0.23780106467256157 13.230000000000006 0.3106776800064141 0.16258582275662486
220000 0.26018852337581677 14.520000000000003 0.31819208583359154 0.17313077962579546
230000 0.25136736448958485 15.869999999999994 0.3211811390233407 0.17099933197661246
240000 0.25491673877476273 17.279999999999994 0.30608079392851 0.17049316547537335
250000 0.2715313443838396 18.75000000000001 0.3336886728111256 0.1825233725855466
