10000.0 9.102137515590234e-07 7.5e-07 5.521725818473314e-06 7.23315875702875e-07
20000.0 4.136495825637594e-06 3.0000000000000005e-06 1.7987319610988187e-05 3.293030552060371e-06
30000.0 1.0162946426094244e-05 6.75e-06 4.058055670273252e-05 7.432365983532949e-06
40000.0 1.4622868573681593e-05 1.2e-05 3.769875821326701e-05 1.0664402876612538e-05
50000.0 3.2521370416446155e-05 1.875e-05 6.91266280698842e-05 2.3102369404911777e-05
60000.0 4.778600945643577e-05 2.7000000000000006e-05 0.00018430006106410961 3.333189985506773e-05
70000.0 6.24253553841896e-05 3.6750000000000006e-05 0.00014932445329483577 4.529418247802629e-05
80000.0 9.468818266279832e-05 4.800000000000001e-05 0.00019666434498531366 6.824348897939585e-05
90000.0 0.00012098872607990874 6.074999999999999e-05 0.00027384465972248923 8.50153177301701e-05
100000.0 0.00017708283284893338 7.499999999999998e-05 0.0003671348463077064 0.00012708363480754765
110000.0 0.0002163895875969214 9.075e-05 0.0004565033837583523 0.00015286328131073162
120000.0 0.00028589322032839193 0.000108 0.0005586240651576431 0.0002053738986384071
130000.0 0.00035344562119375114 0.00012675000000000005 0.0008683635797589621 0.00025320794378471984
140000.0 0.00042032968801922996 0.000147 0.001433828823715534 0.00031441741798017927
150000.0 0.0004969378835597613 0.00016874999999999993 0.0009087109037303185 0.00034536264317832087
160000.0 0.0005487999201059688 0.000192 0.001248545280927146 0.00039806171495162043
170000.0 0.0007347083756395201 0.00021675 0.0013009826576047463 0.0005131108074501894
180000.0 0.000984623974752292 0.000243 0.0021049202502617798 0.0007022652470385107
190000.0 0.001045031420512195 0.00027075000000000016 0.0022207751400344106 0.0007554037307721688
200000.0 0.0011985647703419411 0.0003 0.002512967557973066 0.000835073043578157
210000.0 0.0011889984924957457 0.00033074999999999994 0.002249772411714354 0.0008536186610693275
220000.0 0.0013565117453366142 0.0003630000000000001 0.0028800459357861186 0.0009845006638782502
230000.0 0.0015952421478327575 0.00039674999999999997 0.003694063784290887 0.0011578696531688818
240000.0 0.0018848303400427814 0.0004320000000000001 0.003297023090563651 0.0013829465663334922
250000.0 0.0019403150208510756 0.0004687500000000001 0.004157991949138113 0.0014305734547982536
260000.0 0.0020381986109331745 0.0005069999999999999 0.004925412864677195 0.0014546871771797757
270000.0 0.002275983085962553 0.0005467500000000001 0.0037096431879639962 0.0015699653256843644
280000.0 0.0026024663978369764 0.0005880000000000001 0.0054321610903027 0.0019341943483237101
290000.0 0.0026042123645332762 0.0006307500000000002 0.0038935230653085926 0.0018523002222569347
300000.0 0.0030827363364676176 0.0006749999999999999 0.006549271396357638 0.0022126201510218237
310000.0 0.0035368189578508704 0.0007207499999999998 0.006484679283705931 0.0026214947830588233
320000.0 0.0038141880423138825 0.0007680000000000001 0.007825269377647475 0.002812872799166799
330000.0 0.0037903196096758505 0.00081675 0.008122135324382499 0.0027290672009985762
340000.0 0.004551552107098454 0.0008669999999999997 0.007919657643456852 0.003162284478691829
350000.0 0.005281712604043418 0.00091875 0.012014854454795047 0.003973584602691759
360000.0 0.005003569489642161 0.0009719999999999999 0.00879997510249806 0.003365451814498469
370000.0 0.005733188915761062 0.00102675 0.009953598300376317 0.004027200397987888
380000.0 0.005383040142606108 0.0010830000000000002 0.010919824798351588 0.0038324138250863753
390000.0 0.007008107128321932 0.0011407500000000005 0.015344315528385211 0.005234050074175434
400000.0 0.0064495190374495946 0.0011999999999999997 0.013821084254627901 0.004704389083532878
410000.0 0.00760243559730133 0.0012607499999999997 0.012774804313024496 0.0052937173505113325
420000.0 0.007658558343942112 0.0013229999999999997 0.015483698069626605 0.0055363746744022235
430000.0 0.007966373137192395 0.0013867500000000002 0.017153586111614206 0.005611170106438065
440000.0 0.007754847658580643 0.001452 0.013706907135622243 0.005560106229166303
450000.0 0.008488867655983954 0.0015187500000000006 0.01431520906646929 0.006292923467453898
460000.0 0.010483005015556835 0.0015870000000000007 0.0215759441824705 0.007573441263022633
470000.0 0.009750742561537849 0.00165675 0.01874066078544724 0.007131000110177934
480000.0 0.009835320029688108 0.001728 0.01715047224826447 0.0070202092167949955
490000.0 0.011045361826721034 0.00180075 0.019223865110580954 0.00828609687422544
500000.0 0.010648997294424712 0.0018749999999999997 0.02005889663224569 0.007441982871395852
510000.0 0.013208517168052106 0.0019507499999999994 0.02546637950417525 0.009834015401772414
520000.0 0.011477376117715366 0.0020280000000000007 0.02023629609913313 0.008616456402980024
530000.0 0.01308084312887474 0.00210675 0.02491090416931135 0.009367660762437297
540000.0 0.014595341910417321 0.002187000000000001 0.02690609995552498 0.010436954891526495
550000.0 0.01555564665037953 0.0022687499999999995 0.029696375579139737 0.011137577048604581
560000.0 0.014826994402535 0.002352 0.026646447768695035 0.010444452807470897
570000.0 0.015248504605384726 0.0024367499999999992 0.028730661261032495 0.011246775464420995
580000.0 0.015408065976325783 0.0025230000000000005 0.026424240371693747 0.010873680219565068
590000.0 0.01771214301259918 0.0026107500000000007 0.037375734905054275 0.013080134162204462
600000.0 0.019046527858337617 0.002699999999999999 0.04051218201544032 0.013897451466636151
610000.0 0.015652532917062232 0.0027907500000000007 0.031817186701589256 0.011398194711354028
620000.0 0.019172228800271272 0.0028829999999999997 0.04286118936847524 0.013944006406630993
630000.0 0.023070849081929606 0.002976749999999999 0.04097389217402847 0.016268316950076578
640000.0 0.020600739421307312 0.003072 0.043783304975837864 0.014967978147880234
650000.0 0.021255019885028856 0.00316875 0.04064281818389976 0.015539076957092954
660000.0 0.02491658720473982 0.003267 0.04276179227031156 0.01823482868467588
670000.0 0.02313381553830759 0.0033667499999999986 0.040797571315767146 0.016597796215380854
680000.0 0.025718926788080965 0.003468 0.051422094135754985 0.019602554762697268
690000.0 0.02518490219276488 0.003570749999999999 0.051886495756169757 0.017959977204749594
700000.0 0.026077867262190583 0.003675000000000002 0.051075856089008574 0.01922043213636442
710000.0 0.023881839939998328 0.00378075 0.04939614974954645 0.01787359523830137
720000.0 0.028681430272418804 0.003888 0.056767368628573914 0.021518706308729214
730000.0 0.026627121919905027 0.00399675 0.05586978031449893 0.019821152109219146
740000.0 0.027482298153448166 0.0041069999999999995 0.054127363244610316 0.020377923917308822
750000.0 0.02916709644218403 0.0042187499999999985 0.06600683358918266 0.021451600869443633
760000.0 0.034320722866377086 0.0043320000000000025 0.07520657448586338 0.02478786590470491
770000.0 0.03487509015968913 0.004446750000000003 0.055613427913826785 0.025801565431680808
780000.0 0.0315579859657831 0.004563000000000003 0.06270675680307249 0.02259880119498735
790000.0 0.031678885380606064 0.004680749999999999 0.05543709420701013 0.02376834319015033
800000.0 0.03241386171893342 0.0048 0.05992644593124466 0.02472885239062087
