200 0.0002802380438292914 1.7279999999999993e-07 0.0005632208714748325 0.00021482111498406597
400 0.0005171216325032062 6.911999999999997e-07 0.0010862127182427778 0.0003942023273107701
600 0.0007653054817650591 1.5552000000000002e-06 0.0016552026718680511 0.00057871392711332
800 0.000991875411779588 2.764799999999999e-06 0.002061471582870535 0.0007577931506099519
1000 0.001298471500245769 4.3199999999999984e-06 0.0031549760282907433 0.0009891286185983992
1200 0.0014871341530168362 6.2208e-06 0.003294466023951249 0.0011429401668263883
1400 0.0018053887191752933 8.4672e-06 0.004219775647177475 0.0013911250440652961
1600 0.0021871366945599266 1.1059199999999996e-05 0.004461817603103167 0.0016488548597021206
1800 0.0025701180904081104 1.39968e-05 0.0060391359459217005 0.001950994985731035
2000 0.0023642855334719856 1.728e-05 0.005614641863859107 0.001804417081261342
2200 0.002761098999548753 2.0908799999999992e-05 0.0062424487274089415 0.0020888927290264882
2400 0.0030326499584636775 2.4883200000000003e-05 0.006214031550320765 0.002316042261421181
2600 0.0032452737857873062 2.9203199999999995e-05 0.006912585981555269 0.0024411816715994
2800 0.003535057766329123 3.386879999999999e-05 0.007580659114411953 0.002661341545034341
3000 0.0038273860305147586 3.8879999999999994e-05 0.008519419283753535 0.0029131803814969087
3200 0.0042300360253801446 4.423679999999998e-05 0.00949358764740114 0.003248915501243203
3400 0.00460757720415879 4.993920000000002e-05 0.010277796724530816 0.003545997619540159
3600 0.004451363350990543 5.5987200000000005e-05 0.009128858559714643 0.0033262911798784224
3800 0.004824840602659533 6.23808e-05 0.010518320104687675 0.003729694790888669
4000 0.005277760808165862 6.911999999999998e-05 0.012706690259417468 0.004087286679606388
4200 0.005135179399531927 7.620480000000002e-05 0.011975970422062538 0.003945492540628464
4400 0.005425310272906632 8.363519999999998e-05 0.011228873550978725 0.004142078944805487
4600 0.005713147911230596 9.141120000000002e-05 0.011923575148904986 0.004381244849533785
4800 0.00559615115043163 9.95328e-05 0.012019362578459541 0.004260239552427239
5000 0.00680460269575499 0.00010800000000000004 0.015420713138981988 0.005106810011643341
