10000 4.927804274757667e-08 3e-08 1.6626872197382024e-07 3.6052816952857974e-08
20000 1.5902168398224264e-07 1.2000000000000002e-07 8.173301181202057e-07 1.1986914318236412e-07
30000 3.355021334721586e-07 2.7000000000000006e-07 2.057458120498483e-06 2.59115634463758e-07
40000 5.458354497339046e-07 4.8e-07 3.4485210586677864e-06 4.282618257384223e-07
50000 8.652145434742839e-07 7.5e-07 5.708500026851221e-06 6.960405485328815e-07
60000 1.233314980152371e-06 1.08e-06 8.572810589681291e-06 9.963059202913279e-07
70000 1.650173897252882e-06 1.4699999999999993e-06 1.1305426611024214e-05 1.348824318019764e-06
80000 2.0134612668451976e-06 1.9200000000000003e-06 1.4035679471954996e-05 1.66226391807754e-06
90000 2.500805280347078e-06 2.4299999999999996e-06 1.6315927782195202e-05 2.0697033774198363e-06
100000 3.1516555522117963e-06 3.0000000000000005e-06 2.3080779692259936e-05 2.632970256113518e-06
110000 3.7801470616366363e-06 3.6300000000000017e-06 2.3846560339416775e-05 3.167666563483523e-06
120000 4.403664949133915e-06 4.320000000000001e-06 2.839084781758717e-05 3.6910596172659316e-06
130000 5.333050560425244e-06 5.07e-06 3.5360825424658874e-05 4.5203304321942365e-06
140000 6.048123652508226e-06 5.879999999999998e-06 4.007356746481011e-05 5.1294006001539e-06
150000 7.136691911723504e-06 6.750000000000002e-06 5.211562719664265e-05 6.0625379938369635e-06
160000 7.742018541940796e-06 7.68e-06 4.923759023105575e-05 6.58223501108152e-06
170000 9.045513677431814e-06 8.67e-06 6.880014084868563e-05 7.708119888825211e-06
180000 1.0341390676870047e-05 9.72e-06 7.957208327283794e-05 8.856063542956415e-06
190000 1.0887225815554833e-05 1.0830000000000005e-05 8.479690521501839e-05 9.308354450377125e-06
200000 1.2605831629557035e-05 1.2e-05 8.163406123538881e-05 1.0819434739185031e-05
210000 1.2968790806494434e-05 1.323e-05 7.869455761787809e-05 1.1108097316515594e-05
220000 1.472922430926663e-05 1.452000000000001e-05 0.0001007813392288304 1.2711123163731834e-05
230000 1.6045846911378636e-05 1.5870000000000002e-05 0.00010284429633530236 1.3841646860142834e-05
240000 1.7185505855883896e-05 1.728e-05 0.00010941336276268956 1.4820250869982335e-05
250000 1.9616401786777114e-05 1.875e-05 0.0001267519342589263 1.7012696635366847e-05
