10000 0.00014613364394697398 1.9202334932943733e-06
20000 0.00013200698245917215 7.680933973177495e-06
30000 0.00012285539238484567 1.728210143964937e-05
40000 0.00011660763753925325 3.072373589270997e-05
50000 0.000132459151719673 4.8005837332359365e-05
60000 0.00010632056042634224 6.91284057585975e-05
70000 0.00012232848911534764 9.409144117142432e-05
80000 0.00012071376704380969 0.00012289494357083992
90000 0.0001245434606014926 0.00015553891295684425
100000 0.0001622553730828064 0.00019202334932943727
110000 0.00020833085379132158 0.00023234825268861914
120000 0.0001533201145914942 0.0002765136230343899
130000 0.0002489984891642941 0.0003245194603667491
140000 0.00017736272090075855 0.00037636576468569734
150000 0.0003495372292380826 0.0004320525359912341
160000 0.00040382429850522455 0.0004915797742833596
170000 0.0004354777633309255 0.0005549474795620742
180000 0.00047150069571554466 0.000622155651827377
190000 0.0005835840095432922 0.000693204291079269
200000 0.00044766863055067837 0.0007680933973177498
210000 0.0005769023960761648 0.0008468229705428188
220000 0.0007924095563095945 0.000929393010754477
230000 0.0005080391451466487 0.0010158035179527237
240000 0.001089445114516128 0.00110605449213756
250000 0.0009835410233878345 0.001200145933308984
