10000 0.01433597758351214 0.010799999999999999 0.02816344719095499 0.010904639792139086
20000 0.03225744943280394 0.04319999999999998 0.0662484753641792 0.024432213505790477
30000 0.042802607819493174 0.09719999999999998 0.08972819587335341 0.03205085042407647
40000 0.05918127153330625 0.17279999999999998 0.1065175514863996 0.04416633706753974
50000 0.07161990510346232 0.26999999999999996 0.1352706152436629 0.052274784108636174
60000 0.08026921016623083 0.38880000000000015 0.1502859768699303 0.058309111984296655
70000 0.103219646943189 0.5292 0.1835816126070103 0.07512734803321564
80000 0.1086084256456297 0.6911999999999997 0.2001585377364439 0.07908997542492112
90000 0.12773414446182513 0.8748000000000004 0.21423606352065638 0.09276324258721497
100000 0.1371075432537567 1.0799999999999996 0.2082566547125804 0.09848959952168322
110000 0.13917978957324337 1.3068000000000004 0.21987628989554175 0.098774057307709
120000 0.15677504349596136 1.5551999999999997 0.24837210099781465 0.11224482115460921
130000 0.17076572392478284 1.8252 0.26027191392445403 0.11628644619082426
140000 0.17548382987430972 2.1168000000000005 0.26621417030082395 0.12421808613199344
150000 0.1864522517471365 2.4300000000000006 0.28447220273232293 0.127862613717811
160000 0.19245032638960793 2.7647999999999997 0.2709746665168326 0.13351385207741084
170000 0.19121949156784257 3.1211999999999995 0.2765215290755133 0.12967527205561113
180000 0.21928109188699804 3.4991999999999996 0.29888943910009985 0.15176881762419803
190000 0.21766874943797312 3.898800000000002 0.2963216178114776 0.1487496049014598
200000 0.23478178441411068 4.319999999999999 0.3102301685825424 0.1583285001176983
210000 0.23201091634411994 4.762799999999999 0.30494090461397455 0.15920195855311758
220000 0.2395228022690032 5.227200000000002 0.30248277201206863 0.160904259953903
230000 0.25020437769892206 5.7132 0.3173976258893279 0.16707238765125082
240000 0.2658682460781585 6.220800000000002 0.31860757794562783 0.1761461261541371
250000 0.2646737626540285 6.75 0.3014582675151427 0.1741331130038693
