10000 0.011734645435706827 0.0003630000000000001 0.02525026373595219 0.008791720113113296
20000 0.024267478199160458 0.0014520000000000008 0.05236408733782626 0.018247377006518517
30000 0.035444900650187405 0.003267000000000002 0.07185047185611136 0.02623314083296416
40000 0.04596751040720882 0.0058080000000000015 0.10107562287993074 0.03423539025580439
50000 0.053553499280276314 0.009075000000000001 0.09984588521796836 0.03942684501472493
60000 0.06274498522144642 0.013068 0.11348075801870655 0.04606971852558978
70000 0.07460124542508546 0.017786999999999997 0.1396794677199054 0.05468532233924652
80000 0.08284735898834125 0.023232000000000013 0.15295554824495997 0.059897848877154644
90000 0.10019948625564822 0.02940299999999999 0.18666867940552573 0.07309699418344796
100000 0.09975345023725134 0.03629999999999999 0.17411807462742634 0.07317567958619542
110000 0.11628470823547028 0.04392300000000004 0.19180183661163616 0.0841549741577036
120000 0.1221877206969212 0.052272000000000034 0.20443422943803996 0.0879730627095199
130000 0.14136889519230267 0.06134700000000002 0.21857445569464498 0.10303517368615753
140000 0.1457884592363317 0.07114799999999999 0.22860284528968136 0.10430196220905803
150000 0.15177148412230393 0.08167500000000003 0.22669543504182915 0.10652132406026026
160000 0.15756524964217145 0.09292800000000002 0.24113819367880288 0.1135983866112577
170000 0.16567639342153295 0.10490699999999997 0.2471266202758235 0.1167931227419422
180000 0.17522145718169826 0.11761200000000008 0.26049163189945695 0.12522232143064135
190000 0.17748206387300608 0.13104300000000005 0.2630374009551758 0.127464243648183
200000 0.20637734332302038 0.14520000000000002 0.2813777938920634 0.14683443218995862
210000 0.20345284229578992 0.16008300000000006 0.26947672647107385 0.13998319802082912
220000 0.20696605663694226 0.17569200000000007 0.27217056694909775 0.14312988798207538
230000 0.20953972575638966 0.19202699999999995 0.2945298994848164 0.14646965441540397
240000 0.22092191635635766 0.209088 0.3045824756739104 0.15721875316310152
250000 0.23513955844242565 0.226875 0.29865003769814774 0.16236209595272613
