200 4.067938915136442e-05 3e-08 9.404457264114788e-05 3.157942621186689e-05
400 8.559240594104117e-05 1.2000000000000002e-07 0.00019328484664498717 6.642542004783446e-05
600 0.00013527466245666286 2.7000000000000006e-07 0.0002966341357141989 0.00010227100135124495
800 0.0001662130885831547 4.8e-07 0.0003890277756635455 0.00012499241001321155
1000 0.00020961474126521168 7.5e-07 0.0004955540752655274 0.00016091059575778816
1200 0.00025575804971802497 1.08e-06 0.0005538643464059732 0.00019709257356819687
1400 0.0002965026611212125 1.4699999999999993e-06 0.0006502331057914966 0.00022707324207499316
1600 0.00033865789128439006 1.9200000000000003e-06 0.0007209182275723275 0.00025975123302759664
1800 0.00039994548864074914 2.4299999999999996e-06 0.0008402003179181283 0.00030339061850613764
2000 0.00039468514509419976 3.0000000000000005e-06 0.0009500243482244036 0.0003002369434484885
2200 0.0004532849333588473 3.6300000000000017e-06 0.0010114144267884741 0.00034514270388301144
2400 0.0004993174797292888 4.320000000000001e-06 0.0011782361570421116 0.00038854592634079776
2600 0.0005549416233654755 5.07e-06 0.0012464034108877482 0.00041875082841542454
2800 0.0006171006881822203 5.879999999999998e-06 0.0013289215506496481 0.00046071229857202274
3000 0.0007141299725625685 6.75e-06 0.0015976096808647026 0.0005453574042042814
3200 0.000689593944105357 7.68e-06 0.0015523945925182124 0.0005184027443935985
3400 0.0007190957517594234 8.67e-06 0.0015957732850648118 0.0005472641984097513
3600 0.0008474016667825499 9.72e-06 0.001843795338499683 0.0006290997014487537
3800 0.0008283144500928546 1.0830000000000005e-05 0.0019737415497326776 0.0006150827041524927
4000 0.0009516481460595967 1.2e-05 0.002177312915844587 0.0007280061426528599
4200 0.0009165507618226814 1.323e-05 0.0020914635917236384 0.0006865751616809869
4400 0.0009972702935658977 1.4519999999999997e-05 0.0024246087040762842 0.0007563992191043905
4600 0.0010289691266526075 1.5870000000000002e-05 0.002128615160931312 0.0007680142444175134
4800 0.0009685587841255862 1.728e-05 0.0023228617040863208 0.0007436397070219439
5000 0.0011892884246283498 1.8750000000000012e-05 0.002505076805649336 0.000890643438079111
