10000 0.008713478850029037 0.000243 0.0187013946004495 0.0065718986167356145
20000 0.01710565897364782 0.0009720000000000004 0.03702185709038257 0.012874839137220484
30000 0.02355293163346497 0.002187000000000001 0.046193328015982735 0.017323069403925775
40000 0.03479187266140271 0.003888 0.0705988415601646 0.025895327816479106
50000 0.04068955191673039 0.006074999999999999 0.07714652116305555 0.029778551045636897
60000 0.050732483226368745 0.008748000000000002 0.09442418140473839 0.03727743184641919
70000 0.058011589139665136 0.011906999999999994 0.10912387017574185 0.04251888759560647
80000 0.06705965494205515 0.015552000000000007 0.12272453003502673 0.04921247191826045
90000 0.07349987328319757 0.019682999999999996 0.13102489794062552 0.05373387220139511
100000 0.07866934798353661 0.02430000000000001 0.12965121851833677 0.056248035969200416
110000 0.08781322101077536 0.02940300000000002 0.15381761520476842 0.06361459620139319
120000 0.09363491111901948 0.034992000000000016 0.14413298048994536 0.06704491213742736
130000 0.11147133107499264 0.04106700000000002 0.18953474316343166 0.07833151760845435
140000 0.10533357841559693 0.04762799999999998 0.17126373700180272 0.07429849020098234
150000 0.12382491839722752 0.05467500000000002 0.18759585318527408 0.08731714055101261
160000 0.13105243992677973 0.062208 0.20862618038227587 0.09362441507255305
170000 0.13523317726179346 0.07022699999999998 0.20792695466724145 0.09643908973020043
180000 0.13749782216741754 0.07873199999999995 0.21879029637284714 0.09790358882785212
190000 0.15712384428769782 0.08772300000000004 0.23476924765813784 0.11211108943108675
200000 0.15598498024525778 0.09719999999999998 0.2161852298824991 0.11181296805430081
210000 0.1710764457817541 0.10716300000000001 0.2565493794358315 0.12086153285711389
220000 0.17289443834113882 0.11761200000000008 0.27088156770999605 0.12044838464342456
230000 0.18031993049784184 0.12854699999999997 0.2514788533939459 0.12335225819852745
240000 0.18941198455713482 0.13996800000000004 0.25748445078500104 0.131343692781313
250000 0.1926169308946296 0.15187500000000004 0.27100353983377645 0.13156468456317794
