10000 0.014832436613863301 0.0009720000000000004 0.0303678313703572 0.011079259800683321
20000 0.03191047065601508 0.003888 0.07595556408337747 0.02369401995614075
30000 0.04353208645299016 0.008748000000000002 0.0846075581340042 0.0320697318562897
40000 0.05968185552743305 0.015552000000000007 0.11407200200575644 0.04518649644164012
50000 0.07154556005157667 0.02430000000000001 0.1315503773819257 0.053080669912362405
60000 0.07752451351602706 0.034992000000000016 0.13749786286211763 0.05721047046021077
70000 0.09947695024955157 0.04762799999999998 0.1750805800420722 0.07226661764303662
80000 0.1080684962514138 0.062208 0.19770295457562728 0.07925821157392329
90000 0.12803603074614875 0.07873199999999995 0.22367902001854778 0.09293743486574843
100000 0.12508501969416355 0.09719999999999998 0.2203460651606614 0.0893327876884874
110000 0.14436060811777532 0.11761200000000008 0.23319567725062704 0.10499603843026382
120000 0.15942630233721208 0.13996800000000004 0.2610728475869644 0.1153732190546191
130000 0.1632610509957628 0.16426799999999997 0.24451229882807854 0.11856108393471503
140000 0.17776953886442373 0.1905119999999999 0.27873942474849606 0.12569673593897937
150000 0.19375162139314336 0.21869999999999998 0.2837358263331723 0.13632891687279922
160000 0.19958354053467087 0.2488320000000001 0.2937021078949781 0.14267259585316241
170000 0.2029876782879867 0.28090799999999994 0.27078980258821483 0.13976941225616454
180000 0.210843479339018 0.31492799999999993 0.29317603180412893 0.14838897997201259
190000 0.21590741470212987 0.35089200000000004 0.3020143133719313 0.14999836926614174
200000 0.2258788352127359 0.38880000000000015 0.30450843200688904 0.1605707297637501
210000 0.24962022881841087 0.4286520000000001 0.304929890472371 0.17440540604033258
220000 0.23180995057569845 0.4704480000000003 0.3141018485669845 0.15997479383158503
230000 0.24422046436209713 0.5141879999999999 0.3112147811613956 0.1722165921742306
240000 0.25988617219273125 0.5598720000000003 0.31780669773590275 0.18221461357624702
250000 0.27047827582816564 0.6075000000000003 0.3082626389074507 0.1841678566322093
