100000 0.0012015325009863533 0.0012732395447351628
200000 0.002672659881085706 0.002546479089470325
300000 0.004222378764823289 0.003819718634205487
400000 0.005403220414355179 0.005092958178940651
500000 0.0063804685113347595 0.006366197723675813
600000 0.007977022612238984 0.007639437268410975
700000 0.008773355462213979 0.008912676813146135
800000 0.01053713342895787 0.0101859163578813
900000 0.009017197137925254 0.011459155902616461
1000000 0.012719907616542934 0.012732395447351622
1100000 0.014160081586995953 0.014005634992086787
1200000 0.013862314720534251 0.015278874536821948
1300000 0.01629262253085787 0.01655211408155711
1400000 0.016011291808380755 0.01782535362629227
1500000 0.01753468660455967 0.01909859317102744
1600000 0.018324675235122295 0.020371832715762605
1700000 0.01743579212897384 0.021645072260497767
1800000 0.02363167810747738 0.022918311805232922
1900000 0.023186291614477238 0.02419155134996808
2000000 0.024133905499843053 0.025464790894703253
2100000 0.02296930313204 0.026738030439438416
2200000 0.029766888762385823 0.028011269984173574
2300000 0.026532847966840873 0.02928450952890874
2400000 0.02867297151543335 0.0305577490736439
2500000 0.03701239065804216 0.03183098861837906
