0 2.6454611479197114e-06 0.0
0 2.6454611479197114e-06 0.0
0 2.6454611479197114e-06 0.0
0 2.6454611479197114e-06 0.0
0 2.6454611479197114e-06 0.0
0 2.6454611479197114e-06 0.0
0 2.6454611479197114e-06 0.0
0 2.6454611479197114e-06 0.0
0 2.6454611479197114e-06 0.0
0 2.6454611479197114e-06 0.0
0 2.6454611479197114e-06 0.0
0 2.6454611479197114e-06 0.0
0 2.6454611479197114e-06 0.0
0 2.6454611479197114e-06 0.0
0 2.6454611479197114e-06 0.0
0 2.6454611479197114e-06 0.0
0 2.6454611479197114e-06 0.0
0 2.6454611479197114e-06 0.0
0 2.6454611479197114e-06 0.0
0 2.6454611479197114e-06 0.0
0 2.6454611479197114e-06 0.0
0 2.6454611479197114e-06 0.0
0 2.6454611479197114e-06 0.0
0 2.6454611479197114e-06 0.0
0 2.6454611479197114e-06 0.0
