10000 0.01606377672645525 0.0018749999999999997 0.03281921289287648 0.012211169687373612
20000 0.029629611964052137 0.0075000000000000015 0.059933287364106295 0.022347752599913808
30000 0.04466598970342489 0.016874999999999998 0.09630734658131726 0.03350338649848233
40000 0.05504466574043793 0.029999999999999995 0.1064736964815563 0.040994041352790285
50000 0.07168800439200174 0.04687499999999999 0.14107617904976044 0.05325670917831094
60000 0.08692721611241772 0.06749999999999998 0.1666803961072548 0.06325915483160562
70000 0.10200031994823638 0.09187499999999994 0.1789169752283351 0.07477497160720985
80000 0.1143259768718953 0.12000000000000002 0.20942695711982143 0.08190646066915885
90000 0.12096684702815566 0.15187500000000004 0.1982103213902306 0.08521449357838333
100000 0.12731159385009017 0.18750000000000006 0.20917989848183674 0.08997150331851887
110000 0.1481984571163567 0.226875 0.24236883314450772 0.10645181673356974
120000 0.15569727369310352 0.26999999999999996 0.24753444918679945 0.11065653673063833
130000 0.176018910101355 0.316875 0.25684336594252083 0.12313642166945056
140000 0.1663021793466223 0.3674999999999999 0.2615333027016115 0.11966809994814474
150000 0.1911858969235762 0.42187500000000017 0.2665709446271322 0.13340801859638965
160000 0.19480210935797476 0.4799999999999999 0.2833031158865801 0.1352593708452884
170000 0.20810219640423544 0.5418750000000001 0.28550590370433465 0.14453119064712483
180000 0.2247769427928298 0.6075000000000003 0.29185508574765157 0.15595652503076307
190000 0.22797596365275938 0.676875 0.3144877818051582 0.1558344099436733
200000 0.23392211482125458 0.7499999999999999 0.32074945064434607 0.16217751834202104
210000 0.23576651515993152 0.8268750000000004 0.3104530836943924 0.1596770382289917
220000 0.2397453930139226 0.9075000000000002 0.3223721754637787 0.16293224976766815
230000 0.2510346754347412 0.9918749999999996 0.3248839013461501 0.17581538630788102
240000 0.26513771092381716 1.0799999999999996 0.30834289813554955 0.17413385194775124
250000 0.265192538005908 1.1718750000000007 0.32923300210371303 0.17652465170512352
