1000 5.529174300425616e-05 6.366197723675813e-05
2000 0.0001034475956006563 0.00012732395447351627
3000 0.00021062984134109894 0.00019098593171027438
4000 0.00022204962782349826 0.00025464790894703254
5000 0.0003262673010602369 0.0003183098861837907
6000 0.00034427671545514085 0.0003819718634205488
7000 0.0004358589915442852 0.000445633840657307
8000 0.0005631639545715671 0.0005092958178940651
9000 0.0006853181354564081 0.0005729577951308232
10000 0.0005968214835576804 0.0006366197723675814
11000 0.0007154281890941437 0.0007002817496043396
12000 0.000794400839223693 0.0007639437268410975
13000 0.0006943573163618558 0.0008276057040778558
14000 0.000874071335017588 0.0008912676813146139
15000 0.000819925122900044 0.0009549296585513722
16000 0.0010626580829401705 0.0010185916357881302
17000 0.0011225114195476003 0.0010822536130248883
18000 0.0011390957878206244 0.0011459155902616466
19000 0.0010619249117366982 0.001209577567498405
20000 0.0013721278456797668 0.0012732395447351628
