10000 0.014369898546614319 0.004800000000000003 0.03128865466344253 0.01092914987378745
20000 0.029986667363534024 0.0192 0.06479894040257606 0.022859586396010934
30000 0.04426777981747296 0.04319999999999998 0.09092958975628829 0.03307723899377425
40000 0.06091584270814 0.07680000000000005 0.11588888376505165 0.045231576164247965
50000 0.0677693400075732 0.12000000000000002 0.1285329303541658 0.04948783463615062
60000 0.08554361939877124 0.17279999999999998 0.1568039282698661 0.06206790302823938
70000 0.10094530056243002 0.2352 0.18425270977059371 0.073349359922178
80000 0.11766661340847838 0.3072 0.2157029090011308 0.08622142149813825
90000 0.12037879333899064 0.38880000000000015 0.22059301648280122 0.08696073342567481
100000 0.1321426139309985 0.4799999999999999 0.230969937778161 0.09157648705808294
110000 0.14850997595484447 0.5808000000000003 0.24233785979213346 0.10365043075333528
120000 0.15131585387876595 0.6911999999999997 0.25972688929910354 0.10678221448944553
130000 0.16943606326042926 0.8112 0.26261104504475524 0.11724535182204414
140000 0.1866656514844984 0.9407999999999997 0.27278223735094703 0.1303656781574187
150000 0.18808150521288816 1.0800000000000005 0.2840635460005602 0.1288844238173201
160000 0.18967894360545687 1.2288000000000008 0.27369522114595957 0.12993158841378433
170000 0.19185315938083927 1.3871999999999995 0.27271763565229473 0.13105501978989925
180000 0.20347747037557504 1.5551999999999997 0.28101357896958634 0.14005892733974185
190000 0.22578808627043043 1.7328 0.3036764878084636 0.15535180734635912
200000 0.22629498310714932 1.9200000000000004 0.29440721615368975 0.15430925222159683
210000 0.237350821777135 2.1168000000000005 0.30595678287170586 0.16471872363619325
220000 0.2612917321268137 2.3232000000000017 0.3018098078821697 0.18057891390970518
230000 0.24665308773295147 2.5392 0.3121091862242319 0.1686384260253579
240000 0.27518755848171383 2.7647999999999997 0.32329420569426365 0.19058593745565539
250000 0.26709135370182824 3.000000000000001 0.32799264294911645 0.18189694225732014
