200 0.00010801570476332114 5.879999999999995e-08 0.00023351276611054825 8.113380526001397e-05
400 0.00019849917225589259 2.352e-07 0.000471636625545483 0.00015177240002991116
600 0.00029374917314393213 5.292e-07 0.0005656981603555327 0.0002236158700882803
800 0.00041855378590596905 9.407999999999992e-07 0.0008963815200921722 0.00031923819736018154
1000 0.0004937021583776963 1.4699999999999993e-06 0.0012608178407839052 0.00038277425824886604
1200 0.000588831312489529 2.1167999999999994e-06 0.001283262067581765 0.00043746270830566846
1400 0.0006533293282724457 2.8811999999999975e-06 0.0013252785520882849 0.0004882955837091001
1600 0.0007019853069753155 3.7632e-06 0.0015849683242924097 0.0005339094999237541
1800 0.0008359063508430988 4.7628e-06 0.0019443114803826297 0.0006381042000936981
2000 0.001027131935631376 5.879999999999998e-06 0.0023029728020711963 0.0007648145609836478
2200 0.001128999972597789 7.114799999999998e-06 0.002533178354568552 0.0008658153067254288
2400 0.0011655858052957825 8.4672e-06 0.0026082418727490122 0.0008836647756649902
2600 0.00135299841110642 9.937199999999999e-06 0.0029245326415711886 0.0010264074004861738
2800 0.001378027841972458 1.152479999999999e-05 0.0033115633112751172 0.0010754466995816637
3000 0.001484979534565168 1.322999999999999e-05 0.0029892619026832368 0.0011111528135456042
3200 0.001355464543489992 1.5052799999999987e-05 0.003128916075227328 0.0010196030642105017
3400 0.001663378206447291 1.699319999999999e-05 0.0034924312260153877 0.0012854805317874301
3600 0.0018928094129767605 1.9051199999999995e-05 0.0042719215633956215 0.001432830674246421
3800 0.0018652435912341057 2.1226800000000005e-05 0.003601689249487207 0.0014003882415676372
4000 0.0019788339717123227 2.3519999999999988e-05 0.004715534235922356 0.0015110751861592362
4200 0.002016627619870553 2.5930799999999986e-05 0.0043777026429223185 0.0015335096808255966
4400 0.0021815915317851134 2.8459199999999993e-05 0.004656137305898227 0.0016610835480702166
4600 0.0022975746563736635 3.1105199999999995e-05 0.005373013175668899 0.0017550418430512468
4800 0.0022740970405825994 3.386879999999999e-05 0.004853543552179944 0.001709586257966825
5000 0.0025357979198081964 3.6749999999999985e-05 0.005577670753023276 0.0019268802256789323
