200 0.000311406761050538 1.4700000000000003e-06 0.0006070037233640182 0.00024046111555801002
400 0.0006333853222258877 5.8800000000000005e-06 0.0013807997979922491 0.000488175083574734
600 0.0009719434826602716 1.323e-05 0.0021257676317768437 0.0007401091976693542
800 0.0012496057638397846 2.3520000000000005e-05 0.0028184283239435347 0.0009495709093970113
1000 0.0015643629725163525 3.6750000000000006e-05 0.0037717718752856835 0.0011981149488660713
1200 0.002020489881393881 5.292000000000003e-05 0.004912854209242839 0.0015626376219291095
1400 0.0021287854049192494 7.203e-05 0.004990331447933482 0.0016381904715337054
1600 0.002854411818319522 9.408000000000001e-05 0.00672115759568042 0.0021576959525200883
1800 0.0027773352835920692 0.00011906999999999998 0.006327158891044316 0.002108618047865981
2000 0.00297717541224023 0.000147 0.0065104835744663496 0.0022613715305069846
2200 0.0033985131636739218 0.00017787000000000003 0.007372016654386925 0.002577526026160387
2400 0.003855268800937235 0.00021168 0.008322758489819797 0.002912863820219858
2600 0.004153636608355884 0.00024843 0.008711196768567821 0.003212475644513465
2800 0.004577072155093199 0.00028811999999999984 0.009597879059906155 0.0033994615316665392
3000 0.0047142230349322325 0.00033074999999999994 0.010149219389953256 0.0034708852609526735
3200 0.0044774919192556795 0.0003763200000000001 0.009067811958839827 0.0033403764035877218
3400 0.005045020500453756 0.0004248299999999998 0.011588193171807166 0.003785329947926446
3600 0.005933161940931571 0.00047628000000000004 0.013377399647493298 0.00447340098547369
3800 0.0059262516345363605 0.0005306700000000001 0.012236583343022795 0.0045616381310036565
4000 0.00649525019803776 0.0005880000000000001 0.014161388194858614 0.004909153631131253
4200 0.00682891156614945 0.0006482700000000003 0.013623155284418818 0.0051324614621354485
4400 0.006782232663873687 0.00071148 0.015315803153705036 0.005085085865552125
4600 0.007280015446417424 0.0007776300000000003 0.015924006662119294 0.005526131854230357
4800 0.006907194906805579 0.0008467200000000005 0.015428538305702531 0.005305787506968319
5000 0.00750776205278579 0.00091875 0.015943146014686094 0.00566215126897562
