10000 9.732204542638715e-09 7.500000000000001e-09 3.577603097032249e-08 7.2886360022391065e-09
20000 3.693986331424649e-08 3e-08 2.3595070644483456e-07 2.8825277714578297e-08
30000 6.20095757828345e-08 6.75e-08 3.282149894975054e-07 4.9215554995767366e-08
40000 7.875132626359305e-08 1.2000000000000002e-07 3.4941720448920365e-07 6.072427153315373e-08
50000 1.7432487201907085e-07 1.8750000000000003e-07 7.931870662809021e-07 1.438627611510804e-07
60000 4.573170215194235e-07 2.7000000000000006e-07 3.456265812411092e-06 4.0897571620534045e-07
70000 4.286468375370319e-07 3.6749999999999987e-07 2.648862333892918e-06 3.6075218862932276e-07
80000 2.4089631074988446e-07 4.8e-07 1.616401182132158e-06 1.8609683180390123e-07
90000 9.539142446800354e-07 6.075e-07 6.027552850889481e-06 8.351242650445398e-07
100000 8.615675433960677e-07 7.5e-07 5.535356530392902e-06 7.146330442263561e-07
110000 8.902837651854739e-07 9.075000000000006e-07 4.000245958227794e-06 7.92916429567341e-07
120000 8.731201840498594e-07 1.08e-06 4.140813173250713e-06 7.766901661966153e-07
130000 1.1092618655431476e-06 1.2675000000000006e-06 9.585290978446838e-06 9.774584966923956e-07
140000 1.7919602893643866e-06 1.4699999999999993e-06 1.205712691402774e-05 1.5527009755768466e-06
150000 1.890063379955759e-06 1.6875000000000012e-06 1.2529809691011075e-05 1.6538205988843178e-06
160000 1.4135819938654749e-06 1.9200000000000003e-06 6.599909949248185e-06 1.2159131298500198e-06
170000 4.42753665816658e-06 2.1675e-06 3.0098978735681997e-05 4.012406540762687e-06
180000 2.5465983349274257e-06 2.4299999999999996e-06 8.677150849218593e-06 2.1245318509293284e-06
190000 2.1871169320901296e-06 2.7075e-06 8.445765003692244e-06 1.888530735547561e-06
200000 3.2869129250569422e-06 3.0000000000000005e-06 4.006878077063071e-05 2.8794051869417303e-06
210000 2.6206651839861824e-06 3.307500000000002e-06 1.9229201706922973e-05 2.3306385194151214e-06
220000 2.810777417014238e-06 3.6300000000000017e-06 7.409354626050888e-06 2.470818237097996e-06
230000 5.464764678278613e-06 3.9675e-06 2.3397295555381218e-05 4.868943353828686e-06
240000 6.028298996297961e-06 4.320000000000001e-06 4.1466685180272605e-05 5.351397295043888e-06
250000 6.174506616066308e-06 4.687499999999999e-06 3.56326560450574e-05 5.530560666704012e-06
