500 2.2560576984636112e-12 7.499999999999996e-13 4.066887035181249e-12 1.570580942428423e-12
1000 6.978504047471815e-12 2.999999999999999e-12 3.2012311272006315e-11 5.011509437273492e-12
1500 8.847064565879305e-12 6.749999999999997e-12 1.8266312473749326e-11 6.534047463268903e-12
2000 1.8487303929040712e-11 1.1999999999999994e-11 7.967376422803322e-11 1.3864069838436157e-11
2500 1.852281479169865e-11 1.8750000000000003e-11 4.056763170709773e-11 1.3051884643270214e-11
3000 3.175823273641502e-11 2.7e-11 9.312095351334791e-11 2.2703542353696468e-11
3500 6.508598651614593e-11 3.675000000000001e-11 3.7796433685079644e-10 5.3163884601314016e-11
4000 4.559019868565133e-11 4.799999999999998e-11 2.444062881108206e-10 3.550703855365432e-11
4500 1.3033936937400375e-10 6.075e-11 9.201777385764653e-10 1.0443799719114878e-10
5000 7.991015933749091e-11 7.500000000000001e-11 4.0888314460414045e-10 6.408523405923262e-11
5500 8.795575556814788e-11 9.074999999999997e-11 3.8131801612341754e-10 6.985446571433712e-11
6000 1.2925066299023908e-10 1.0799999999999995e-10 8.726906120987724e-10 1.105114412239154e-10
6500 1.3560845559647415e-10 1.2675000000000003e-10 9.782037957043148e-10 1.0802849470613488e-10
7000 1.606650986077031e-10 1.47e-10 6.450995878042912e-10 1.3029299106235745e-10
7500 1.845452744880824e-10 1.6874999999999993e-10 8.217673331956501e-10 1.465740654045559e-10
8000 2.7047584484371914e-10 1.919999999999999e-10 1.3682705798302172e-09 2.3074921324077202e-10
8500 2.8178508314314257e-10 2.1675000000000008e-10 2.0642388011285795e-09 2.3427438969802885e-10
9000 3.5400722355592933e-10 2.43e-10 2.030932859517112e-09 2.9587969358813267e-10
9500 3.596239510458808e-10 2.7074999999999997e-10 2.375771593666179e-09 3.065697382319834e-10
10000 4.0423150915149205e-10 3.0000000000000005e-10 2.2066726547276774e-09 3.4640524246345837e-10
10500 5.063559900958673e-10 3.307499999999999e-10 4.013865654471658e-09 4.434308645185594e-10
11000 4.21769601972373e-10 3.6300000000000004e-10 1.7047937663287476e-09 3.619962759335916e-10
11500 6.411972929662398e-10 3.967499999999999e-10 8.015318253147001e-09 5.720454315730858e-10
12000 4.439208345056715e-10 4.32e-10 2.300227633396856e-09 3.652375491085793e-10
12500 4.870211023630009e-10 4.687499999999998e-10 2.8654299892371425e-09 3.9883320814925585e-10
