10000 0.015424608256589891 0.0192 0.0319863795126438 0.011647105897500103
20000 0.03233991827401759 0.07680000000000005 0.06463667804659173 0.024593784555923023
30000 0.046412519594877376 0.17279999999999998 0.09113641763334564 0.0343673672073385
40000 0.05443727023974084 0.3072 0.11424605525370181 0.03981445482917735
50000 0.06996989418745718 0.4799999999999999 0.1338578297776553 0.05085182053226119
60000 0.08341245085924644 0.6911999999999997 0.1529005477947605 0.062225566291431104
70000 0.09559935880449763 0.9407999999999997 0.17544472432087493 0.0692885214932941
80000 0.11422798468334025 1.2288000000000008 0.19475319615160802 0.08136474576263136
90000 0.12162293893068066 1.5551999999999997 0.20078003292214971 0.08637484903269681
100000 0.13390067473698342 1.9200000000000004 0.2240738910774657 0.09432899460282028
110000 0.1427297833593225 2.3232000000000017 0.23794551773912329 0.10114324022842777
120000 0.16389051163889123 2.7647999999999997 0.2491245567028468 0.11434182906545884
130000 0.16678953011517303 3.2447999999999992 0.2477379120590816 0.11877966899346015
140000 0.17711292408126683 3.7632 0.26760535028316196 0.12580269420640647
150000 0.18155810110210746 4.320000000000002 0.2855212491444489 0.1274184986930602
160000 0.1946861887091464 4.9152 0.28620675215188757 0.1358566873848002
170000 0.20483518999405553 5.548799999999999 0.2918116816016859 0.142852123593831
180000 0.22677157819274776 6.220800000000002 0.29499960619613685 0.1554118042315068
190000 0.22785627652513507 6.931200000000003 0.30136814122863825 0.15976404481702838
200000 0.22803258979875968 7.679999999999999 0.30352587060337494 0.15170692094864982
210000 0.23242349895356654 8.4672 0.3050024919664312 0.15694997737632854
220000 0.2574761943743126 9.292800000000005 0.3152006459102574 0.1720233438891176
230000 0.25642533282328867 10.156800000000006 0.28788692094457713 0.17325798434650347
240000 0.2640532940716342 11.059199999999995 0.32030255254573925 0.17512314759370967
250000 0.27679409851899833 11.999999999999998 0.30786358756953686 0.1817550305807374
