100000 8.649492268264556e-06 1.2e-05
200000 3.997604156854099e-05 4.799999999999999e-05
300000 0.00013777327936232963 0.00010799999999999994
400000 0.00016716827396814286 0.000192
500000 0.00027738365445521384 0.0003
600000 0.00039817420595878226 0.0004319999999999998
700000 0.0005232548427425846 0.0005879999999999994
800000 0.000491803755184164 0.0007679999999999998
900000 0.000843886540323171 0.0009719999999999994
1000000 0.001167846301026561 0.001199999999999999
1100000 0.001432874717444674 0.0014519999999999993
1200000 0.0012988574041903466 0.001727999999999999
1300000 0.0023198382913531355 0.002027999999999999
1400000 0.0014579335960922483 0.002351999999999998
1500000 0.0019535385838019524 0.002699999999999999
1600000 0.00244756778120631 0.003072
1700000 0.00259537417592995 0.003468
1800000 0.0025747489552356865 0.003887999999999998
1900000 0.0035157396229245266 0.004331999999999996
2000000 0.0036817045194026867 0.0048
2100000 0.0037729345156121818 0.005291999999999999
2200000 0.003304084188239094 0.005807999999999997
2300000 0.003225817088451432 0.0063479999999999995
2400000 0.005349498207508168 0.006911999999999997
2500000 0.005464460236197119 0.007499999999999997
