200 0.000327104188172887 7.5e-07 0.0007258092612305097 0.0002486951606835284
400 0.0006181380550497749 3.0000000000000005e-06 0.00161192785708409 0.00048052561899105816
600 0.0009909317278257862 6.750000000000002e-06 0.002196330861418518 0.0007481455145613168
800 0.0011348191681218435 1.2e-05 0.002323985731562331 0.00086925159684877
1000 0.0015194274167546597 1.875e-05 0.0035175689004517388 0.001159084158425147
1200 0.0018167265114485559 2.700000000000002e-05 0.0037391869311299295 0.0013964575637077647
1400 0.0024141693695456275 3.6750000000000006e-05 0.005170235429130239 0.0018455572660726054
1600 0.0026156855043347562 4.800000000000001e-05 0.00586998131710551 0.00200251395337128
1800 0.002955060687551846 6.074999999999999e-05 0.006639549019751725 0.0022831156190117703
2000 0.003271363250031328 7.499999999999998e-05 0.00680123456291448 0.002449730055484591
2200 0.0033328610511465613 9.075e-05 0.008039120684575088 0.002555082467689487
2400 0.0038091604033033935 0.00010800000000000004 0.008735771364913296 0.002908439611674592
2600 0.004214074857475996 0.00012675000000000005 0.009493405838942287 0.0031968741949373334
2800 0.004189112343968906 0.000147 0.00945244112780047 0.003208905857532462
3000 0.004858525432406849 0.00016874999999999993 0.011157688708027637 0.00373398301993892
3200 0.004863858977272793 0.000192 0.010727473899683421 0.0037455479881991177
3400 0.005740917812072226 0.00021675 0.0122714183352434 0.004337806914980557
3600 0.005697491495444283 0.000243 0.012142358636899305 0.004301973310128995
3800 0.006451213864782489 0.00027075000000000016 0.014049473774007356 0.004851127555422172
4000 0.0059688536486395055 0.0003 0.013473253592914297 0.004560576541582695
4200 0.007070861588447813 0.00033074999999999994 0.01578835944356046 0.005280477220200379
4400 0.006944988058548123 0.0003630000000000001 0.014575165044450628 0.005296556619075307
4600 0.007177789575585844 0.00039674999999999997 0.014476000860410794 0.005489845485366702
4800 0.008480930741078257 0.0004320000000000003 0.017777227031881674 0.006367148934638425
5000 0.007322954856880322 0.0004687500000000001 0.01477253453888676 0.005583124720645569
