10000 0.005021691533941713 0.0001469999999999999 0.010671435313409656 0.0037552182818477702
20000 0.010234862260563542 0.0005879999999999998 0.021151305665075303 0.007645587342661673
30000 0.015832358750930146 0.0013229999999999997 0.03220103075751782 0.011702958039989336
40000 0.021582994536713408 0.002351999999999998 0.044956789318896864 0.015776845906909334
50000 0.025615073127847124 0.003674999999999999 0.05050143134076426 0.0184176315207907
60000 0.029764673230296967 0.005291999999999999 0.05736024151911986 0.021781936566960154
70000 0.036091083889215156 0.007202999999999997 0.06813063076324068 0.02647175967449335
80000 0.04270189051872598 0.009407999999999996 0.077594246760053 0.030954501183283023
90000 0.045740350000004724 0.011906999999999994 0.08437568060438148 0.03331437773250568
100000 0.05044808006957432 0.0147 0.0940266959049825 0.037249667298551725
110000 0.05913879109398731 0.017786999999999997 0.10542879742616398 0.04177506741253018
120000 0.06671048916140686 0.021167999999999996 0.12514266768588894 0.047143637962415504
130000 0.06984802465587939 0.024842999999999997 0.12226903148631156 0.049676906006064905
140000 0.0805466595496792 0.028811999999999987 0.14567346952607255 0.05795366240607185
150000 0.08421122520749101 0.033075 0.14193095489095112 0.05982140232856316
160000 0.0913187104992909 0.03763199999999997 0.1489908511630153 0.06461072386093039
170000 0.08541748903091782 0.04248299999999997 0.131905527338513 0.06023315039993115
180000 0.10177895374696845 0.04762799999999998 0.16413334372155766 0.0713248260180908
190000 0.09989188564531472 0.053067000000000024 0.15242867042606675 0.07007201979934356
200000 0.10929187616586106 0.058799999999999984 0.16725495709488336 0.07396202047459395
210000 0.12281835716546953 0.06482699999999998 0.18836747091812292 0.08674391533424007
220000 0.11654816406306463 0.07114800000000004 0.1719368771115855 0.08242986238326985
230000 0.12026689646022826 0.07776300000000001 0.17359924584114347 0.08287572507234334
240000 0.12684900574063196 0.08467199999999998 0.19180911896233085 0.08784811222509972
250000 0.12930961586009454 0.09187499999999994 0.18580657994084082 0.0916153497685198
