500 1.4249846523738248e-11 2.999999999999999e-12 4.056497702344711e-11 1.0724452290492834e-11
1000 2.8582953933315096e-11 1.1999999999999994e-11 6.411950393636897e-11 2.0733177460361054e-11
1500 3.793189782932404e-11 2.7e-11 1.0182724802822188e-10 2.7217159325019282e-11
2000 8.338556417745686e-11 4.799999999999998e-11 2.4296767858779243e-10 5.303966770668467e-11
2500 1.0784826368162161e-10 7.500000000000001e-11 3.100007354932745e-10 7.63041783302251e-11
3000 1.7613031285295418e-10 1.0799999999999995e-10 5.707306345269402e-10 1.2416012278988298e-10
3500 1.534562183708731e-10 1.47e-10 4.791363690940726e-10 1.0634601731030309e-10
4000 3.081766687467891e-10 1.919999999999999e-10 1.045063349240989e-09 2.3424457006354215e-10
4500 2.688615507727403e-10 2.43e-10 8.550221917130931e-10 2.023043160065426e-10
5000 3.786292962755586e-10 3.0000000000000005e-10 1.9418126317539503e-09 2.8907827006521895e-10
5500 3.109890781293899e-10 3.6300000000000004e-10 1.0348584747051165e-09 2.439920805265614e-10
6000 4.6096240421223267e-10 4.32e-10 1.4331468176067664e-09 3.569966660845401e-10
6500 7.024541785304802e-10 5.069999999999999e-10 3.6340625811355073e-09 5.380147462037949e-10
7000 6.252647802114301e-10 5.880000000000001e-10 1.6441835096758024e-09 4.758338871017497e-10
7500 9.66737593213515e-10 6.749999999999997e-10 5.8603820468514e-09 7.687260447886065e-10
8000 5.352121629701127e-10 7.679999999999997e-10 2.3154324416142974e-09 3.9531823904799727e-10
8500 9.910206374013018e-10 8.669999999999999e-10 3.6998704232333996e-09 8.091074166743061e-10
9000 9.133134856634455e-10 9.72e-10 2.700598192827917e-09 7.026031788626419e-10
9500 1.1235261306686859e-09 1.0829999999999997e-09 6.5004804106382445e-09 8.906338544626083e-10
10000 9.475915130151523e-10 1.2000000000000002e-09 2.442718550125341e-09 7.11051477713404e-10
10500 1.404593562366547e-09 1.3229999999999997e-09 1.237664318150514e-08 1.0907095787171864e-09
11000 1.472891872984794e-09 1.4519999999999995e-09 7.415213442979867e-09 1.171887228169008e-09
11500 1.4845501432248358e-09 1.5869999999999996e-09 6.599846778631205e-09 1.159203689098475e-09
12000 2.0633036909335624e-09 1.7279999999999992e-09 1.0900008697735578e-08 1.6468701326318187e-09
12500 2.1525677440762944e-09 1.875e-09 2.089340175300682e-08 1.8556997146057893e-09
