10000 5.091205222707905e-08 3e-08 1.8676722955400542e-07 3.718990538966901e-08
20000 1.6297018808264744e-07 1.2000000000000002e-07 7.558068872912303e-07 1.225918014973143e-07
30000 3.3919291026458093e-07 2.7000000000000006e-07 1.9125567379617405e-06 2.6301261603962524e-07
40000 5.624414764361148e-07 4.8e-07 3.568110258130471e-06 4.4323757041874833e-07
50000 8.555380318233078e-07 7.5e-07 5.63512369274736e-06 6.857550827031822e-07
60000 1.214797565306207e-06 1.08e-06 7.545682475824806e-06 9.849603988550414e-07
70000 1.6306535311756617e-06 1.4699999999999993e-06 1.1014579396335978e-05 1.3323048262805387e-06
80000 2.075386547253867e-06 1.9200000000000003e-06 1.3991108365621281e-05 1.711123148519751e-06
90000 2.616966679465713e-06 2.4299999999999996e-06 1.8081949665667975e-05 2.1706634653519246e-06
100000 3.268386084968636e-06 3.0000000000000005e-06 2.214505717253345e-05 2.739244967541235e-06
110000 3.8969683321191166e-06 3.6300000000000017e-06 2.6684232487731876e-05 3.2653441737548096e-06
120000 4.50844569469924e-06 4.320000000000001e-06 3.5396468025468503e-05 3.7874009324702074e-06
130000 5.241084256828447e-06 5.07e-06 3.481214808454569e-05 4.429802137274359e-06
140000 6.080218147165687e-06 5.879999999999998e-06 4.1238401138039344e-05 5.149682085950378e-06
150000 6.875038477494551e-06 6.750000000000002e-06 4.792067767172928e-05 5.844832692277145e-06
160000 7.942738367814376e-06 7.68e-06 5.5742152756021654e-05 6.769532846300379e-06
170000 9.199311660997878e-06 8.67e-06 6.687416028810233e-05 7.874697093349456e-06
180000 9.94669625584416e-06 9.72e-06 6.923290045863772e-05 8.488799453407932e-06
190000 1.0973806641688445e-05 1.0830000000000005e-05 7.304316472184571e-05 9.420483149769292e-06
200000 1.2150290344261837e-05 1.2e-05 8.456426991692492e-05 1.0425210423150166e-05
210000 1.3464483498652904e-05 1.323e-05 9.274148730699434e-05 1.1593446669401936e-05
220000 1.4730160863558527e-05 1.452000000000001e-05 9.932338092123378e-05 1.267766306178856e-05
230000 1.594820217051235e-05 1.5870000000000002e-05 0.00011137341543095479 1.3722401286563325e-05
240000 1.8152780819872004e-05 1.728e-05 0.00014786421667563882 1.5704105465255267e-05
250000 1.9181122228536278e-05 1.875e-05 0.00013721634693855296 1.6563056324314164e-05
