10000 0.00014544206440270156 0.00012733169624064774
20000 0.0002693861626764564 0.0002546633924812955
30000 0.00043815514656054806 0.0003819950887219433
40000 0.000516669425762697 0.000509326784962591
50000 0.0006714038371504064 0.0006366584812032388
60000 0.0008091888637081487 0.0007639901774438867
70000 0.0007515335437925415 0.0008913218736845342
80000 0.0010302896861781202 0.001018653569925182
90000 0.0012949256655685791 0.0011459852661658296
100000 0.001098546798426458 0.001273316962406477
110000 0.0014883891277185143 0.001400648658647125
120000 0.001491855305882639 0.0015279803548877732
130000 0.0016397617751716623 0.0016553120511284204
140000 0.0017153581410678275 0.0017826437473690685
150000 0.002172140328965958 0.001909975443609716
160000 0.0018441391352349646 0.002037307139850364
170000 0.002184770258126415 0.002164638836091012
180000 0.002198594414909139 0.002291970532331659
190000 0.0019468548887385658 0.0024193022285723073
200000 0.003037260239489489 0.0025466339248129554
210000 0.00280666733609655 0.0026739656210536026
220000 0.002341607165063341 0.0028012973172942502
230000 0.0028860619339295067 0.0029286290135348983
240000 0.002888900549912167 0.003055960709775547
250000 0.0029501272710540528 0.003183292406016194
