10000 0.016114015987298013 0.006074999999999999 0.03732132023543939 0.012077857841975731
20000 0.0310663254790827 0.02430000000000001 0.06601794947086465 0.023579335402339648
30000 0.04747827368206951 0.05467500000000002 0.09400378333997146 0.035106520907799886
40000 0.0562497333721163 0.09719999999999998 0.10844952969170776 0.04001499205308206
50000 0.07233903210436687 0.15187500000000004 0.1337098033900876 0.05275756577733268
60000 0.08459777494158732 0.21869999999999998 0.16506767150917523 0.06128567622697348
70000 0.0954679321361934 0.2976749999999999 0.1666494840462515 0.07002380480195128
80000 0.11030381980743147 0.38880000000000015 0.19171431832025038 0.08046760927865486
90000 0.11774287371403096 0.49207500000000004 0.20401963769995096 0.0825560648832565
100000 0.13427930660878107 0.6075000000000003 0.2111375009465206 0.09432283405816645
110000 0.14614156909859144 0.7350750000000004 0.24860072892999285 0.10501470388139719
120000 0.14282819776250721 0.8748000000000004 0.235376323465974 0.1023840256074807
130000 0.16030939111286385 1.0266749999999996 0.2576944746062957 0.11167358628042787
140000 0.18709707987605353 1.1906999999999996 0.2576963942543073 0.1317666050062762
150000 0.18855957443800328 1.3668749999999998 0.2868002410428585 0.13340585590212528
160000 0.19082008129338443 1.5551999999999997 0.2702483686805292 0.13299875548716145
170000 0.2055962995414281 1.7556750000000005 0.2952025589137973 0.14347705576926711
180000 0.21372130571195289 1.9682999999999997 0.297199356583396 0.14570406359995977
190000 0.21786054314226744 2.1930750000000003 0.30456544474362457 0.14980213766734662
200000 0.23339367696616825 2.4300000000000006 0.3056858703431594 0.15458821656562086
210000 0.24541120001583377 2.6790750000000005 0.32368117138886154 0.16896240064267448
220000 0.2491788152300751 2.940300000000001 0.30361491647051914 0.16761202858720328
230000 0.25889206277783056 3.2136749999999994 0.32284563142576184 0.1770578739492681
240000 0.26592035707440936 3.4991999999999996 0.332998425958793 0.18417309405573262
250000 0.2721254921252518 3.7968750000000004 0.3291327101727223 0.18637816814672897
