1000 1.5244760164991584e-06 3e-08
2000 3.9326647840996354e-06 1.2000000000000002e-07
3000 7.217012526456288e-06 2.699999999999999e-07
4000 6.928785134233554e-06 4.8e-07
5000 9.230195557257621e-06 7.5e-07
6000 1.3885670375485114e-05 1.08e-06
7000 1.8980050134446614e-05 1.4700000000000003e-06
8000 1.618974190589857e-05 1.9200000000000003e-06
9000 2.1032910869850904e-05 2.4299999999999996e-06
10000 3.4766660009961796e-05 3.0000000000000005e-06
11000 3.213189779128363e-05 3.6300000000000017e-06
12000 3.243790869976527e-05 4.3199999999999984e-06
13000 3.1628908491327024e-05 5.07e-06
14000 3.187210733602834e-05 5.8800000000000005e-06
15000 2.6568985099628908e-05 6.750000000000002e-06
16000 4.0488313883151075e-05 7.68e-06
17000 4.5680185322335436e-05 8.67e-06
18000 5.6050886541333556e-05 9.72e-06
19000 5.08850498842392e-05 1.0830000000000005e-05
20000 4.743714304420474e-05 1.2e-05
21000 5.7641187123878003e-05 1.323e-05
22000 5.634093091303811e-05 1.452000000000001e-05
23000 7.753632553661288e-05 1.5870000000000002e-05
24000 5.563553029029077e-05 1.728e-05
25000 8.19260900198058e-05 1.875e-05
