10000 0.000531126854644906 2.700000000000002e-05 0.001074064802040716 0.00038774783109899564
20000 0.001136110530606172 0.00010800000000000004 0.0024254205058700296 0.000835101796640847
30000 0.0016737671466054383 0.000243 0.0034917611431770426 0.0012264636807024895
40000 0.0025295803609344672 0.0004320000000000003 0.0042948131035604005 0.0018071895505275468
50000 0.003013513468126306 0.0006749999999999999 0.005999972749886109 0.0022012996258652874
60000 0.003845753867661125 0.0009720000000000004 0.0071414280583769855 0.0027659567820372366
70000 0.0045521552967258 0.0013229999999999997 0.009230079615572014 0.0032147187103027256
80000 0.005519132584977743 0.0017280000000000006 0.01118045236910829 0.003976294744078793
90000 0.006632309457288246 0.002187000000000001 0.013642532629434566 0.004821469965874733
100000 0.007218366376249867 0.002699999999999999 0.013826616129714139 0.00513563363192862
110000 0.008168930445864392 0.003267000000000002 0.017778535887042996 0.005866719019314108
120000 0.009991267282256293 0.003888 0.019992324639279444 0.007197707919358689
130000 0.010795714822142697 0.004563000000000003 0.021903889922891648 0.007693959722576744
140000 0.011228697360322398 0.005291999999999999 0.021040975806434447 0.008119558201839393
150000 0.012191096767340941 0.006074999999999999 0.024534602107508328 0.008691512659729353
160000 0.01272801503814399 0.006912000000000005 0.028879611298540712 0.008961078746113809
170000 0.014111063258458512 0.0078029999999999974 0.03587006824403799 0.010102726536456667
180000 0.015822643412703574 0.008748000000000002 0.035711775913951374 0.011315555535748478
190000 0.017756158250191355 0.009747000000000002 0.039518493446385486 0.012718805247914846
200000 0.017340936426983502 0.010799999999999999 0.03913338713917324 0.012181745864789085
210000 0.018975870285819242 0.011907000000000001 0.0428423656677267 0.013726089879226043
220000 0.021418508075161442 0.013068 0.04825511900724008 0.015207072030127708
230000 0.021629117511286544 0.014282999999999997 0.0462091797332005 0.015078317003805684
240000 0.022656812893631504 0.015552000000000007 0.048015870229318594 0.016302918051678134
250000 0.02448215161407571 0.016874999999999998 0.061930403804368234 0.017385129441464368
