500 1.5867365977977733e-10 1.8750000000000003e-11 3.915025789473956e-10 1.1238747576614647e-10
1000 3.864116184905853e-10 7.500000000000001e-11 8.020053210544079e-10 2.959895113635828e-10
1500 6.318087875634859e-10 1.6874999999999993e-10 1.328420666571081e-09 4.318171857584758e-10
2000 6.768605896812759e-10 3.0000000000000005e-10 1.216167424039479e-09 4.955725243118958e-10
2500 7.808494823934367e-10 4.687500000000001e-10 1.6590449691618205e-09 5.069131374394289e-10
3000 1.2627549723028175e-09 6.749999999999997e-10 2.3740930111031748e-09 8.756909365253725e-10
3500 2.025713551624396e-09 9.1875e-10 5.986692576046501e-09 1.419488028144253e-09
4000 3.0461587162282093e-09 1.2000000000000002e-09 1.0148801544457413e-08 2.0474753944850456e-09
4500 2.3503944362620173e-09 1.51875e-09 5.932630592729059e-09 1.6389944746600498e-09
5000 2.93184376447739e-09 1.875e-09 6.079209629144199e-09 2.126026597207494e-09
5500 4.533235734743455e-09 2.26875e-09 2.0961843637383828e-08 3.4165031018248495e-09
6000 3.6948656834352818e-09 2.699999999999999e-09 1.0283918833299206e-08 2.6876589758738087e-09
6500 4.501812998986609e-09 3.16875e-09 1.5636252511744672e-08 3.5190270922942413e-09
7000 5.563520339115178e-09 3.6750000000000023e-09 1.6059605578266646e-08 3.902560024580586e-09
7500 6.743671573521803e-09 4.21875e-09 3.534757660838619e-08 5.030039658704498e-09
8000 8.875443656712207e-09 4.800000000000001e-09 4.905795526316867e-08 6.586188335912764e-09
8500 7.487934932572769e-09 5.418750000000002e-09 1.5198539156866718e-08 5.810449654678389e-09
9000 9.622301897065117e-09 6.075000000000001e-09 4.134242725019767e-08 7.19433215974474e-09
9500 7.993746274456405e-09 6.7687500000000015e-09 2.7514011527778557e-08 5.895030572791894e-09
10000 8.914730867032708e-09 7.500000000000001e-09 3.516962256245244e-08 6.926007035168845e-09
10500 1.4523560593512519e-08 8.268750000000002e-09 8.810751780675521e-08 1.171927353058142e-08
11000 1.451706059163068e-08 9.075000000000004e-09 1.0740798558306035e-07 1.1198059447280823e-08
11500 1.120231940612445e-08 9.918749999999994e-09 4.8778885561282646e-08 8.287070804886857e-09
12000 1.5121051168447477e-08 1.0799999999999996e-08 7.523293948589706e-08 1.1846042464488236e-08
12500 1.1464392004810843e-08 1.1718750000000002e-08 3.995850987889309e-08 8.50571124174289e-09
