10000 0.015344226479293628 0.029999999999999995 0.03222216982741809 0.01162523626252459
20000 0.03019967557016177 0.12000000000000002 0.0636485025672249 0.022685421576088834
30000 0.044877460432755915 0.26999999999999996 0.08917154979646989 0.0332591223999141
40000 0.05827016167404511 0.4799999999999999 0.11363113389810679 0.043525297031242895
50000 0.07151139583026317 0.7499999999999999 0.12904959380879671 0.05152559412891097
60000 0.08798041602511071 1.0799999999999996 0.15654588557191668 0.06285323750098361
70000 0.10004433637291885 1.469999999999999 0.1803646041869077 0.07276221667426601
80000 0.10787068479258005 1.9200000000000004 0.19675960733810152 0.07892274018840562
90000 0.1270544135304224 2.4300000000000006 0.2124455306353905 0.08935465950266504
100000 0.1310375852977781 3.000000000000001 0.21418396569212833 0.09305904102515179
110000 0.1461181432213646 3.63 0.22609901785384984 0.10427535963494183
120000 0.15684938703712475 4.319999999999999 0.2377591791825296 0.10971021722155028
130000 0.16962372516001475 5.07 0.2592750582114721 0.11946057872559991
140000 0.17884952979693977 5.879999999999998 0.2816925769924122 0.12412522272289206
150000 0.17947121090228216 6.750000000000003 0.2710385900581223 0.12131755076096434
160000 0.18759207130137004 7.679999999999999 0.26973253378249007 0.1329866444366485
170000 0.21286709182859123 8.670000000000002 0.29012078690649906 0.14310960060786226
180000 0.21306250786933645 9.720000000000004 0.2923375220286629 0.14610214615523967
190000 0.23381318732180234 10.83 0.29583477108719003 0.1588080493448689
200000 0.23085192094229207 11.999999999999998 0.27829107930897673 0.15498753818359404
210000 0.24986986238095477 13.230000000000006 0.31888043774063024 0.17106570331376586
220000 0.2512261515666979 14.520000000000003 0.29970635195430845 0.17131704481710572
230000 0.2640394514077243 15.869999999999994 0.32666361822102297 0.17571393159458285
240000 0.2646765214521641 17.279999999999994 0.3199641352985348 0.17792107666203733
250000 0.2646003480057759 18.75000000000001 0.3245070146791354 0.1739843638405134
