10000 5.2453082670414155e-05 6.366197723675813e-05 0.0001149469716027509 3.923447236948675e-05
20000 0.0001126576454429935 0.00012732395447351627 0.00021283626563002838 8.311192996288197e-05
30000 0.00020582330025399931 0.0001909859317102744 0.0005046261307741687 0.00016085923321774575
40000 0.0002168974951386965 0.00025464790894703254 0.00048487574909105 0.000157358773659454
50000 0.0003124011700215687 0.0003183098861837907 0.0005792513288780083 0.00023322205840102728
60000 0.0003884581824553019 0.0003819718634205488 0.0007401195293393233 0.000314613939107686
70000 0.0003211925225379679 0.00044563384065730686 0.0007732356056603379 0.00023399378072462516
80000 0.00046089367854255865 0.0005092958178940651 0.0012667249907711059 0.0003669803461107564
90000 0.0005372444469079362 0.0005729577951308232 0.0008433080082182568 0.00040297320071874495
100000 0.0008097127978034424 0.0006366197723675814 0.0020648365836987382 0.0005894792243294632
110000 0.0004989304230794871 0.0007002817496043396 0.0009983096470953313 0.00036637600602948704
120000 0.0007163023051064717 0.0007639437268410976 0.0014213249603914216 0.0005358222870302015
130000 0.000942141614690827 0.0008276057040778558 0.00234686973993634 0.0007463156661947041
140000 0.0009659863087256313 0.0008912676813146137 0.0018901275359008878 0.0007267056883195161
150000 0.0011527412228959867 0.0009549296585513722 0.0026885665747040893 0.0008194244875547787
160000 0.0009460269192781079 0.0010185916357881302 0.0021897891154050797 0.0007008720864300474
170000 0.001302134796989241 0.0010822536130248883 0.003345943747134632 0.0009543358842951145
180000 0.0009877928273154075 0.0011459155902616466 0.002369609387383634 0.000769271579964499
190000 0.0014563541648328843 0.001209577567498405 0.0029476217505322237 0.0009882064843608205
200000 0.0013254058632163326 0.0012732395447351628 0.002394654430933638 0.001023366513211353
210000 0.0016909232930252638 0.001336901521971921 0.0039986260116128 0.0012026871709827048
220000 0.001907482632094162 0.0014005634992086795 0.003889394257012167 0.0014127398513265495
230000 0.0017950053240645503 0.0014642254764454371 0.0038135871863026155 0.0013344562102324579
240000 0.001273710533253631 0.0015278874536821952 0.002391303889378882 0.0010184886339977637
250000 0.0019019495194284358 0.0015915494309189533 0.003568187334701127 0.0015207841716241293
260000 0.0014032932160864082 0.0016552114081557119 0.006014206587165368 0.0011103419023066152
270000 0.0023224209035653306 0.0017188733853924698 0.003907987157812212 0.0018812784921193935
280000 0.0015850254167258122 0.0017825353626292274 0.0031653405975990067 0.0011561236987799272
290000 0.0017448419855513716 0.0018461973398659862 0.004986246336105855 0.0013249821868637443
300000 0.0019310458583474458 0.001909859317102745 0.005012731822218256 0.0014293333451786362
310000 0.001865075574136377 0.0019735212943395026 0.003954357912616263 0.001437135679569654
320000 0.001904431543090464 0.0020371832715762603 0.004917496911924553 0.0014463461783810196
330000 0.002437655509099974 0.002100845248813019 0.006321762731851015 0.0017997308490788112
340000 0.0025263440858684983 0.0021645072260497765 0.008930100815710195 0.0018681789813468916
350000 0.0020030462842812874 0.002228169203286535 0.004396809147179397 0.001509123788008806
360000 0.002298047626832998 0.0022918311805232927 0.005323769205606444 0.0016521700188620629
370000 0.0028070293448957152 0.0023554931577600513 0.005600472593499509 0.002167990453794244
380000 0.00246513690913613 0.0024191551349968094 0.0059949279252992805 0.0019815100576309084
390000 0.0029211658980663763 0.002482817112233567 0.006816628419232863 0.0022592770793997325
400000 0.0022968029837949146 0.0025464790894703256 0.007372046235938489 0.0017251487501540586
410000 0.0026983683526195707 0.0026101410667070837 0.005293059422022772 0.002072544335167583
420000 0.0031825629121778015 0.0026738030439438423 0.007975314338055527 0.0024541892061907536
430000 0.0029893158951492583 0.0027374650211806004 0.006342411005620826 0.002402712666669173
440000 0.0028802886426174453 0.0028011269984173585 0.0047266681511998416 0.002207888080936355
450000 0.0030549257396588255 0.002864788975654116 0.007818575321536562 0.0022867262030579795
460000 0.003301672564188246 0.0029284509528908743 0.008895601366474506 0.002470950752598652
470000 0.0026896776696852275 0.002992112930127633 0.00594388994006637 0.002034980545723546
480000 0.0032957401708711464 0.0030557749073643905 0.007983668260159449 0.002446325356593017
490000 0.0024819560585504683 0.0031194368846011486 0.0036001285149925683 0.001782712659964646
500000 0.0033822369921595206 0.0031830988618379063 0.006643841755224528 0.002650150848288224
510000 0.003240449961731025 0.0032467608390746652 0.006785335383952699 0.0026215463874659827
520000 0.0045883013009547745 0.0033104228163114233 0.009782780582662954 0.003513673710577512
530000 0.00322534521337694 0.003374084793548181 0.006503803202018352 0.002389223726644746
540000 0.0031226964373517446 0.0034377467707849396 0.006644410507038357 0.002459012611762255
550000 0.00342249798315094 0.0035014087480216977 0.006465568116171243 0.0027255821184777864
560000 0.0028645593082384235 0.003565070725258455 0.005612058128857366 0.0020822609087119124
570000 0.003936385717813834 0.0036287327024952134 0.008760045053936327 0.002846706092517442
580000 0.0038096122878119804 0.003692394679731972 0.0068926989157441845 0.0027291089799439186
590000 0.00411390070557658 0.0037560566569687314 0.010691036521144734 0.0031387626091584054
600000 0.003481427915811246 0.0038197186342054886 0.006836468345389433 0.0026708887093574345
610000 0.002446491541471839 0.0038833806114422467 0.006412919210426313 0.0017696206930660084
620000 0.0038136103966918277 0.003947042588679004 0.009904647681203258 0.002879895681512643
630000 0.004170816464636341 0.0040107045659157625 0.009680496579462275 0.0033659316633875805
640000 0.0038148544459435827 0.004074366543152521 0.007857755895252292 0.0029275782623370654
650000 0.0046714865670109155 0.00413802852038928 0.009339640151910127 0.0034506847498778402
660000 0.004316428783389368 0.004201690497626037 0.011541457229894324 0.0033560269716104603
670000 0.00331809481071935 0.004265352474862795 0.008486098823063492 0.002635370438377921
680000 0.004557006549552912 0.004329014452099553 0.009329942010429113 0.00366949629084524
690000 0.005162697618845588 0.004392676429336312 0.011330810904440655 0.003975272031536824
700000 0.0041088229966105075 0.004456338406573069 0.009030438602989365 0.0032248217241375703
710000 0.005072835887248537 0.004520000383809827 0.010232177207182721 0.0038846196477590354
720000 0.005050473986531012 0.004583662361046586 0.018682634006216187 0.003840661504662886
730000 0.004571213128524779 0.004647324338283344 0.012912692307264046 0.003484187438266973
740000 0.0051612613320527944 0.004710986315520103 0.010885189983027208 0.004059318490378746
750000 0.004699570470990607 0.00477464829275686 0.012621889478118377 0.003871367321999951
760000 0.005078303061524584 0.00483831026999362 0.010054251088911174 0.0038677230743718325
770000 0.004979077961670295 0.004901972247230377 0.013287639376958704 0.003768631941329066
780000 0.004790289097594768 0.004965634224467134 0.010199879875112786 0.0037065964114069354
790000 0.00534924599774753 0.005029296201703894 0.014374471505294766 0.00416385530596561
800000 0.005135287896203553 0.005092958178940651 0.015616759727381684 0.0039274575572024574
810000 0.005875993395261812 0.005156620156177411 0.013456914833377206 0.004428068392596048
820000 0.005759944994582767 0.005220282133414166 0.01107100691909537 0.004249867077476427
830000 0.004501120931803537 0.0052839441106509255 0.0073696005101951435 0.003264932488845105
840000 0.004692819476339941 0.005347606087887684 0.01167071748053497 0.003678048848504954
850000 0.006708281021851349 0.005411268065124442 0.01642551069162281 0.005176060668372021
860000 0.004667415027024812 0.005474930042361201 0.009909234370086712 0.003543615658752214
870000 0.0047938628712091156 0.005538592019597958 0.010551147724979568 0.0034865191945088196
880000 0.004993988016132792 0.005602253996834718 0.010166637326953278 0.0037582597263545684
890000 0.005291461897381497 0.005665915974071474 0.013272254147179923 0.0040494984443309925
900000 0.005747944710386211 0.005729577951308232 0.012007718817918199 0.004311152966297281
910000 0.006148901159140277 0.00579323992854499 0.014636602221310874 0.0050860998442881404
920000 0.005732580074163907 0.0058569019057817485 0.012076393576247492 0.004616967228467619
930000 0.006098574702551539 0.005920563883018507 0.01632906719478504 0.004648606562489877
940000 0.004515083005113822 0.0059842258602552665 0.01036011182174265 0.0033163872774859132
950000 0.0061755795138985995 0.006047887837492022 0.011749006104383956 0.0049114874680675725
960000 0.005496185139490521 0.006111549814728781 0.010132048606903109 0.004168450286296739
970000 0.006223644719192654 0.006175211791965538 0.011426335059923 0.004820435537625996
980000 0.005844001592511896 0.006238873769202295 0.00930954852551892 0.004312350100911686
990000 0.005219155463342099 0.006302535746439058 0.013085772253884785 0.003897920214434634
1000000 0.00700587273572687 0.006366197723675813 0.013471739653874977 0.00559162864256967
