10000 0.015529878721857761 0.002699999999999999 0.03396897378541094 0.011980209390758266
20000 0.03178325669785335 0.010799999999999999 0.06568913865087653 0.02394458565445735
30000 0.04588038575734055 0.02430000000000001 0.09745666120675042 0.034412468423627884
40000 0.061990010523471466 0.04319999999999998 0.12607706169928803 0.046199412713134956
50000 0.06792454533550663 0.06749999999999998 0.1273913828579808 0.04919290191180061
60000 0.08615779561567875 0.09719999999999998 0.15647174587693602 0.06256052627248784
70000 0.09911403636988496 0.13230000000000003 0.1811119882047301 0.07226160045983836
80000 0.10261771378964915 0.17279999999999998 0.19699210821475133 0.07462969770575009
90000 0.12681350070393613 0.21869999999999998 0.21972981175525869 0.09247256849710882
100000 0.12883717859231758 0.26999999999999996 0.2160993170560211 0.08872926789271414
110000 0.14461097574352497 0.3267000000000001 0.22608058289158553 0.10127298651907381
120000 0.15465371875931283 0.38880000000000015 0.24012087445392977 0.10828832932837698
130000 0.1704120285360385 0.45630000000000015 0.2544500310990636 0.12017545074600174
140000 0.18980808418183204 0.5292 0.2824873938456523 0.13503338032203066
150000 0.1862331186503907 0.6075000000000003 0.29160405021177227 0.1298169642704207
160000 0.19377885598961705 0.6911999999999997 0.2843310254662603 0.13469254540725933
170000 0.2103615851068493 0.7803 0.298030733443304 0.1473193026766221
180000 0.2090504587313325 0.8748000000000004 0.29610876604181535 0.14393087554765358
190000 0.21552291207086255 0.9746999999999999 0.30093057358527775 0.1496435652619234
200000 0.23328701485302356 1.0799999999999996 0.3045616337617561 0.15896520136939826
210000 0.24251052187407554 1.1907000000000005 0.3100318917259848 0.16754686534050306
220000 0.248482025819855 1.3068000000000004 0.30718216152665545 0.17208517839977336
230000 0.2620021783894471 1.4283000000000001 0.30389058525958157 0.177185356298699
240000 0.2561915528604805 1.5551999999999997 0.30875174974566133 0.17619320817355824
250000 0.25774503723599984 1.6874999999999991 0.30672588320569294 0.17279798363170681
