200 0.0002912980030743645 2.352e-07 0.000580253332777801 0.00022376908644152792
400 0.0005951643649996376 9.407999999999992e-07 0.0012403017366432296 0.00045295929558209825
600 0.0008331376101392458 2.1167999999999994e-06 0.001853439155566219 0.0006293426170473881
800 0.0010821646406455005 3.7632e-06 0.002238069620601162 0.0008304738711054032
1000 0.001387762709317125 5.879999999999998e-06 0.0031634824171188685 0.0010709699672311183
1200 0.001665276617372927 8.4672e-06 0.003958381371748182 0.0012736870384950209
1400 0.0021664877492576125 1.152479999999999e-05 0.00484603378163077 0.0016512986159377913
1600 0.00233259295186651 1.5052799999999987e-05 0.00513272682894692 0.0017546587483975927
1800 0.0024673075154919024 1.9051199999999995e-05 0.005987884644107629 0.001864478785330873
2000 0.002936775104032465 2.3519999999999988e-05 0.0063047549940723055 0.002185713710547816
2200 0.0031327446104684885 2.8459199999999993e-05 0.007519061158257055 0.0024054629177490345
2400 0.0033154939773844838 3.386879999999999e-05 0.00774139091685822 0.0025679516381606556
2600 0.003872114276637105 3.974879999999999e-05 0.008933868158718689 0.0029785520151187693
2800 0.004092515732675931 4.609919999999996e-05 0.008196383237693936 0.003142056126119294
3000 0.004389810165731661 5.2919999999999974e-05 0.009782854445601187 0.0033401452551697717
3200 0.00463618886000018 6.02112e-05 0.009406424037391625 0.0034980446504332577
3400 0.005006403076979079 6.797279999999997e-05 0.011134778302012626 0.003818898113987851
3600 0.004840460864756006 7.62048e-05 0.00943144882275352 0.0036924413248457574
3800 0.005597549847458086 8.490719999999997e-05 0.01261151401567795 0.004337251160368814
4000 0.0056674072695795516 9.407999999999997e-05 0.011816111386421002 0.004376813484053093
4200 0.0061105982108413046 0.00010372319999999996 0.0145257590308818 0.00454773125489413
4400 0.006420766165325656 0.00011383679999999997 0.014901218407146099 0.004933801270737233
4600 0.006505890501783961 0.0001244208 0.014309331429430769 0.0049680874978974485
4800 0.007148809193890146 0.0001354752 0.016582054910676138 0.005528814485088343
5000 0.007351125049639264 0.0001469999999999999 0.017373582532309428 0.00555154251990089
