10000 0.0012088664619492083 4.800000000000001e-05 0.0025087600690615235 0.0008790694511820373
20000 0.0025653148659447182 0.000192 0.0049221463563496135 0.0019049882087412422
30000 0.003741800056370752 0.0004320000000000003 0.0076052351701050725 0.002651645488696771
40000 0.005033052176048739 0.0007680000000000001 0.011105982488613867 0.003683773755613844
50000 0.006608273992702108 0.0011999999999999997 0.01211121225351949 0.004809920777306459
60000 0.008363605636275235 0.0017280000000000006 0.015220550299486144 0.006074365058383311
70000 0.009973471872727352 0.002351999999999998 0.018799686882983748 0.007035488705271509
80000 0.011581528466051585 0.003072 0.02217617151466541 0.008366414795914897
90000 0.013463989696184026 0.003888 0.02461047139608411 0.009592273952372806
100000 0.014269122667041934 0.0048 0.02782693830105406 0.010394806943734687
110000 0.017550957286650303 0.0058080000000000015 0.031158078396975278 0.01257831597048688
120000 0.0181664706550057 0.006912000000000005 0.03504298989054918 0.01333019231831347
130000 0.020388975965104788 0.008112000000000003 0.04295311610931238 0.014545002740292426
140000 0.02334863175437573 0.009407999999999996 0.04375657325963322 0.01656430664995922
150000 0.025076282429184537 0.010799999999999999 0.04333709591053371 0.01770191148465529
160000 0.025300741309031437 0.012288000000000002 0.04768499106428341 0.01758951834301857
170000 0.027835148548713974 0.013871999999999995 0.05413871987313508 0.020079305082397216
180000 0.030468261135510984 0.015551999999999998 0.05394153371846335 0.021556387804997888
190000 0.034113012020720805 0.017328000000000003 0.06282856570674604 0.02414888468572905
200000 0.03454372951577186 0.019199999999999995 0.06687580124874523 0.024395792499186584
210000 0.033182837573436735 0.021168000000000006 0.06285370665939198 0.023650920455068072
220000 0.038457423852319365 0.023232000000000013 0.07521100026973859 0.027810816564850186
230000 0.040855449083115385 0.025392000000000012 0.07498415497468723 0.02929216372297952
240000 0.04384361569596907 0.02764800000000001 0.08931654193934407 0.031186117170481822
250000 0.04639985204558349 0.029999999999999995 0.08018058025043989 0.03326296279556809
