200 0.00016775867153247316 9.720000000000001e-08 0.000334416291999421 0.00012693493072921415
400 0.00033026315203662723 3.888e-07 0.0007726327876007806 0.00025544968913274017
600 0.0004925732759628605 8.748e-07 0.001066477328438649 0.0003688972083435728
800 0.0006862571394456049 1.5552000000000002e-06 0.0015801069184647044 0.000521283462724168
1000 0.0007781446029248269 2.4299999999999996e-06 0.0017641737758980769 0.000580943023769487
1200 0.0008793265313049459 3.4992000000000003e-06 0.0018748211280080502 0.0006687446377203396
1400 0.0011244097616601146 4.7628e-06 0.0024308642648845935 0.0008566402071578025
1600 0.0013186821817247434 6.2208e-06 0.003223577871790469 0.001021095603931888
1800 0.0015550432611322914 7.873199999999998e-06 0.003053551517898064 0.0011937403942516504
2000 0.0015941459841732207 9.72e-06 0.0033577050626392036 0.001213228870685104
2200 0.0016945343434227051 1.1761200000000002e-05 0.003917215478305287 0.001279978935695147
2400 0.0019633397170467884 1.39968e-05 0.004394013096601103 0.0015016979921249683
2600 0.0021876334754907783 1.64268e-05 0.004661031466351151 0.0016565659322012338
2800 0.00242239542476785 1.9051199999999995e-05 0.00543090994935166 0.001818371266378384
3000 0.002342284478906276 2.1870000000000002e-05 0.005318417641030316 0.0017958613964987559
3200 0.0026169872679760973 2.4883200000000003e-05 0.005667095905752006 0.001970807337108674
3400 0.0028611481432451627 2.8090800000000006e-05 0.006091782080614822 0.0021752726386663084
3600 0.0029092745356492145 3.1492800000000004e-05 0.0065635443265678476 0.002256332646381657
3800 0.0032285969105248454 3.50892e-05 0.007581503671264127 0.0024554165218320183
4000 0.003539927757722546 3.8879999999999994e-05 0.007725419057383227 0.0027068387731705164
4200 0.00354827541962088 4.2865199999999984e-05 0.008387232665207231 0.0026814697263159984
4400 0.0036508636713196456 4.704479999999999e-05 0.008238607506362275 0.0027520079973121494
4600 0.003976996204512292 5.141880000000001e-05 0.00910219301151564 0.0029969788535569764
4800 0.004352949671316158 5.5987200000000005e-05 0.010007875663770382 0.0033524282030096093
5000 0.0042627014556233305 6.0750000000000027e-05 0.009530458150381869 0.003191625970918686
