200 1.0193754357350747e-05 1.0799999999999996e-08 2.443926447133277e-05 7.681971720542576e-06
400 2.0672956215662737e-05 4.319999999999998e-08 4.759219450053835e-05 1.5636073291880835e-05
600 2.92670050123009e-05 9.720000000000001e-08 6.59549368121007e-05 2.2265736147189818e-05
800 4.2763732894490204e-05 1.7279999999999993e-07 9.494406059656336e-05 3.204423627212017e-05
1000 5.176715235572639e-05 2.699999999999999e-07 0.0001084284227503055 3.8932339771962375e-05
1200 6.487948103059207e-05 3.888e-07 0.00015054504263631812 4.856154743154892e-05
1400 7.410114022710156e-05 5.292e-07 0.00016886157750755956 5.5950209274110226e-05
1600 8.830971579998714e-05 6.911999999999997e-07 0.0001831991097566822 6.665440818981354e-05
1800 8.780268842920958e-05 8.748e-07 0.00020824354130683154 6.635319167092014e-05
2000 0.0001111541157316784 1.08e-06 0.0002675340076430805 8.237546609155883e-05
2200 0.00011532241004616752 1.3067999999999995e-06 0.00027406835245529697 8.57163757160408e-05
2400 0.00012050010155419953 1.5552000000000002e-06 0.000259070475518565 9.163821837849863e-05
2600 0.00013506465226811415 1.8251999999999997e-06 0.00028120809854776914 0.00010200336503927655
2800 0.00013808222473482806 2.1167999999999994e-06 0.0002951860575656307 0.00010500065597369654
3000 0.00017046510350026355 2.4299999999999996e-06 0.000364909514470179 0.00012903093423642683
3200 0.00016933733583594045 2.764799999999999e-06 0.0003678158594095928 0.00012736837859960982
3400 0.0001928919789841148 3.121200000000001e-06 0.0004708379452208954 0.00014795585091599892
3600 0.00019336229288512236 3.4992000000000003e-06 0.000430886407434917 0.0001456503582265436
3800 0.00020473587013027921 3.8988e-06 0.0004478629863128014 0.0001509276675191743
4000 0.00020625529764358108 4.3199999999999984e-06 0.0004615608899910888 0.00015519462772702768
4200 0.00021110734811180033 4.762800000000001e-06 0.0004860580900026686 0.00015858173658358596
4400 0.00021912421005645493 5.227199999999999e-06 0.0005155152295278911 0.00016391775756223348
4600 0.000249188744361464 5.7132000000000015e-06 0.0005145505298053151 0.00018481851194875306
4800 0.00026964919603116353 6.2208e-06 0.000572298505353498 0.00019740676835917193
5000 0.00026948270622982807 6.750000000000002e-06 0.0005903704475218905 0.00020498137471616288
