10000 0.010341409741886078 0.0003000000000000002 0.022764853986163625 0.00790729574454509
20000 0.020028344382601447 0.0012 0.045500818321475865 0.015055739263610219
30000 0.03160551785526299 0.002699999999999999 0.06900811836781004 0.023322356214652396
40000 0.03786836438190329 0.004800000000000003 0.07777221396946991 0.028004000954976408
50000 0.050442187888255816 0.0075000000000000015 0.11081576732628924 0.03760090302862412
60000 0.05605326131901722 0.010799999999999999 0.11078888954974189 0.04140865742175344
70000 0.0642957782402857 0.0147 0.12358441276356223 0.04683007707711273
80000 0.0802323467190627 0.0192 0.14573386177366826 0.058030946774492984
90000 0.08715099052777128 0.02430000000000001 0.14811835338618135 0.06329796161632294
100000 0.09180046787650019 0.029999999999999995 0.16432207496945295 0.06656027433475901
110000 0.10344399322922858 0.03630000000000002 0.17876051162148235 0.07371339182915915
120000 0.11267624026705945 0.04319999999999998 0.1927512607153891 0.08054454579365578
130000 0.12121957182941642 0.0507 0.20454482627154547 0.08837709732866467
140000 0.1289921473190506 0.058799999999999984 0.20590502985941483 0.09035618567269378
150000 0.14465900048021052 0.06750000000000003 0.22989746995145843 0.10382427397339541
160000 0.15034177639331167 0.07680000000000005 0.23007185453122692 0.1044839253510857
170000 0.15387777007134554 0.08669999999999997 0.23210823387901894 0.11123686008985198
180000 0.16285674659416652 0.09719999999999998 0.23795685779605047 0.11400175057486579
190000 0.1695356275261383 0.1083 0.24693657296011312 0.12055123451846703
200000 0.19042461180870032 0.12000000000000002 0.26130590065004483 0.13312097949938656
210000 0.1883645335138158 0.13230000000000003 0.27052718416349947 0.13351128767905363
220000 0.1929684876300006 0.1452000000000001 0.2791747025497625 0.13634580973612623
230000 0.20425197049365304 0.1587 0.26415272652784916 0.1441284497306247
240000 0.20197497082732346 0.17279999999999998 0.27428679862603694 0.1417595545806362
250000 0.219597164495568 0.18750000000000006 0.29508770760357794 0.1556374989458898
