200 2.3227306857403558e-05 1.9200000000000003e-08 4.9864003487988275e-05 1.7505318879404818e-05
400 4.601538710658246e-05 7.680000000000001e-08 0.00010143492495399228 3.4810904879608906e-05
600 7.356839355268458e-05 1.7280000000000004e-07 0.00016107783478934906 5.6907428706297705e-05
800 9.688998401170772e-05 3.0720000000000005e-07 0.00021650239655788124 7.357095461577364e-05
1000 0.00012013554385031659 4.8e-07 0.0002813722770126224 9.101461588509053e-05
1200 0.0001364109940162908 6.912000000000003e-07 0.0002925359660445664 0.00010275812363397736
1400 0.00016388979983098472 9.407999999999992e-07 0.0003491735098594945 0.00012044474098812242
1600 0.00020029991959741734 1.2288000000000002e-06 0.0004627516665419491 0.00015309648856805198
1800 0.0002345041358877634 1.5552000000000002e-06 0.0005464118945408728 0.00017970772281548138
2000 0.00022539726198044513 1.9200000000000003e-06 0.00047766143119327016 0.00017343212902330666
2200 0.0002548989610920511 2.323200000000001e-06 0.0006006471691460026 0.00019205364601782588
2400 0.00028806401010355865 2.7648000000000006e-06 0.0006468887506546986 0.0002172790130410719
2600 0.00031297155035837855 3.2447999999999994e-06 0.0007307388900409436 0.00024078185594331058
2800 0.0003449233166154975 3.7632e-06 0.000719534301127778 0.00025630810817638583
3000 0.0003838197037961892 4.3199999999999984e-06 0.000928221176326231 0.00028595340799524846
3200 0.00039638838590487247 4.915200000000001e-06 0.000958169958222222 0.0003036169564543265
3400 0.0004454190496443737 5.548800000000001e-06 0.001040035195061379 0.00033319509666106673
3600 0.00042834948855209685 6.2208e-06 0.0009263424873222007 0.00032113460151306895
3800 0.00046128412998350504 6.931200000000003e-06 0.0010699864523197038 0.00034536050952747047
4000 0.0004653673169222764 7.68e-06 0.0009862225751824816 0.0003519748956650386
4200 0.000488708422551122 8.4672e-06 0.0009983667845362826 0.0003662138868646566
4400 0.0005606260324637089 9.2928e-06 0.0012219296555679021 0.00041792065633378247
4600 0.0005500736209523698 1.0156799999999996e-05 0.0011717823108176166 0.0004111647088222882
4800 0.0005827173861741107 1.1059200000000004e-05 0.0012708325654542814 0.0004428060141642407
5000 0.0006235574366253773 1.2e-05 0.0013458984513047534 0.0004741942281738698
