200 0.00032027796716345663 3.888e-07 0.0007072054653043177 0.0002436471959356576
400 0.0006184675545326986 1.5552000000000002e-06 0.0014244778356106097 0.00047629060960360033
600 0.00095888041332988 3.4992000000000003e-06 0.002065915517103107 0.00072853490312722
800 0.0012499772283545466 6.2208e-06 0.002818687790755428 0.0009459229140605254
1000 0.0015406611814918903 9.72e-06 0.0034382901043459677 0.0011801988472922062
1200 0.001699800466007164 1.39968e-05 0.00350339083286527 0.0012921494751731654
1400 0.0021041138617835424 1.9051199999999995e-05 0.0043573621355617225 0.0016280258458136302
1600 0.002518804756166991 2.4883200000000003e-05 0.005314431177546169 0.0019160175944266786
1800 0.0027602127144442275 3.1492800000000004e-05 0.005826525423765418 0.002102183749712555
2000 0.003129918611733052 3.8879999999999994e-05 0.007440288903521531 0.0023604074174493257
2200 0.003366494824369627 4.704479999999999e-05 0.008179957038724818 0.0025521224804295217
2400 0.003924505022049064 5.5987200000000005e-05 0.009314371003085136 0.003005110881279685
2600 0.003769106884793665 6.570719999999999e-05 0.0080702535716773 0.002879878912984063
2800 0.004297487933176424 7.62048e-05 0.009686835052818485 0.0032930970805147607
3000 0.004754255618563555 8.748000000000002e-05 0.011414403455881324 0.0035983139309821804
3200 0.005043281154591458 9.95328e-05 0.012141952542568023 0.0038142099706066617
3400 0.005116506723242402 0.00011236320000000001 0.010947812816187136 0.003927470901559438
3600 0.005639469942939415 0.00012597119999999996 0.012519992146513916 0.004362696824190487
3800 0.005675957930583769 0.0001403568 0.013025048492439085 0.004354024772476751
4000 0.006039248582237744 0.00015552 0.013138532000122754 0.004645444693750916
4200 0.006368111233717956 0.00017146079999999996 0.015258572727392145 0.0048302870081306
4400 0.006610750599432985 0.00018817920000000003 0.013789742041197414 0.00511707895628147
4600 0.0068834324310115946 0.00020567520000000004 0.015311942715768839 0.005233436826341779
4800 0.006938858398446167 0.0002239488 0.015720689915904952 0.00527224741432489
5000 0.00796777884939586 0.000243 0.017168619970449907 0.006119207430128084
