10000 0.014871745393669084 0.0012 0.031877845265066505 0.010934357625039411
20000 0.030701779260882328 0.004800000000000003 0.06383877322281352 0.023281683034966517
30000 0.04533528680092117 0.010799999999999999 0.09434494368827666 0.03348929510526841
40000 0.05606718077449501 0.0192 0.11528920528902865 0.04141771799145264
50000 0.07015300829663328 0.029999999999999995 0.13251762278161516 0.0519208533359669
60000 0.0831107247195871 0.04319999999999998 0.13308743290277944 0.06007647672702592
70000 0.0961181432868318 0.058799999999999984 0.1784852028809092 0.0697661321336204
80000 0.11038472704221733 0.07680000000000005 0.1914731167338128 0.08009500338042745
90000 0.12246755463707756 0.09719999999999998 0.2049808768532057 0.08974733742721117
100000 0.13297172384144845 0.12000000000000002 0.2138911226313605 0.09609532802596754
110000 0.15206501882359016 0.1452000000000001 0.24032761264148905 0.10841348614490343
120000 0.15210663554061363 0.17279999999999998 0.2433115841373047 0.10965515849351667
130000 0.16663184615729107 0.20279999999999995 0.2365929216434595 0.11728202858463492
140000 0.17694287178657514 0.2352 0.25969996889053415 0.12263305926717696
150000 0.19560031242902493 0.27000000000000013 0.2805015488048617 0.1370509622344646
160000 0.19406017422975988 0.3072 0.28583267699629983 0.13840361132736298
170000 0.19851026830410398 0.34679999999999994 0.283892299931927 0.1416049656073561
180000 0.21759058001781154 0.38880000000000015 0.2945722901299039 0.14923028089742257
190000 0.2284753032815468 0.4332000000000002 0.31183737549280044 0.16087816839857635
200000 0.23223124694954245 0.4799999999999999 0.3084024692890071 0.15842367472762747
210000 0.24730370048986722 0.5292 0.32343630843160026 0.172331361372736
220000 0.24138953722249942 0.5808000000000003 0.29807809113674555 0.16967717558459472
230000 0.258267937402098 0.6348000000000004 0.3178047439903133 0.17954229240260783
240000 0.25144790666488126 0.6911999999999997 0.3082739730506813 0.1724173232415023
250000 0.2568595387363142 0.7499999999999999 0.31531079229358977 0.17718666826790566
