10000.0 0.00033688703229230085 0.0003183098861837907 0.0008046656302910919 0.0002552547990716637
20000.0 0.0006511108106527508 0.0006366197723675814 0.0014255820327361002 0.0005066323304829566
30000.0 0.0010726889723138933 0.0009549296585513719 0.0026945321953317676 0.0008179572982147212
40000.0 0.0014073226791019252 0.0012732395447351628 0.0030027251849574083 0.0010610620517897422
50000.0 0.0016596063655927517 0.0015915494309189533 0.00398378301724048 0.0012576169496870116
60000.0 0.0020547052844814167 0.0019098593171027443 0.004397327096658893 0.0014910272960176048
70000.0 0.0024965188746614857 0.002228169203286535 0.00550273098139858 0.0019390512654576793
80000.0 0.0022436587034301734 0.0025464790894703256 0.004774162989146263 0.0016781676308962807
90000.0 0.002919976434346475 0.002864788975654116 0.006250297713514285 0.002223886451588481
100000.0 0.003023415976846259 0.0031830988618379063 0.006219186807759248 0.0023126614848040495
110000.0 0.003338504514874647 0.0035014087480216977 0.0074086215142572754 0.0025248491204592272
120000.0 0.003952558464052855 0.0038197186342054878 0.008495967596768354 0.00296192428721764
130000.0 0.0038060171477705927 0.00413802852038928 0.006815398428285642 0.0029591097459247674
140000.0 0.005002359833549493 0.004456338406573069 0.009938730182008906 0.003931148285262469
150000.0 0.004034815378688303 0.00477464829275686 0.009383639763951637 0.003057999720854445
160000.0 0.005439684782744866 0.005092958178940651 0.012047773449327863 0.004080977895363456
170000.0 0.005387084684826096 0.005411268065124442 0.010591013840702546 0.004089217334801891
180000.0 0.006034093975194486 0.005729577951308232 0.012645914587888296 0.004684407032734533
190000.0 0.006351165034581865 0.006047887837492025 0.0178078583871687 0.004725306053854075
200000.0 0.006803463993791995 0.006366197723675813 0.014725250334879376 0.005232684688632237
210000.0 0.005745662604291134 0.006684507609859604 0.014675428142193699 0.004344680025487579
220000.0 0.007203644555835761 0.007002817496043396 0.01765758408417177 0.005331205309567096
230000.0 0.006342054493996255 0.007321127382227185 0.012634107556775449 0.004746766131513692
240000.0 0.007590007795848743 0.007639437268410977 0.016509358527588443 0.005956848663911824
250000.0 0.007641913570978404 0.007957747154594769 0.016069254407797346 0.005859518151906107
260000.0 0.007653841067152375 0.008276057040778556 0.016531777420139865 0.0056927052733105376
270000.0 0.007157641717853191 0.00859436692696235 0.013716287715042002 0.005197757041880791
280000.0 0.009991120494259664 0.00891267681314614 0.02231424497863695 0.007357459892306468
290000.0 0.007512769420707546 0.00923098669932993 0.01865859254195518 0.005773980469798313
300000.0 0.009352419954060857 0.00954929658551372 0.018189378001942823 0.007218346561790258
310000.0 0.009076077845067233 0.00986760647169751 0.020888716390107885 0.006861580181448001
320000.0 0.009124293838209221 0.010185916357881302 0.022383315920898646 0.0071726807432579915
330000.0 0.0093516350333071 0.010504226244065091 0.02081673166397125 0.007021022749867777
340000.0 0.010515839570829853 0.010822536130248882 0.021450976815862464 0.00782479339230034
350000.0 0.01100789068277604 0.011140846016432674 0.022811106006106575 0.00810167348053262
360000.0 0.011819507613525572 0.011459155902616465 0.027145535706731273 0.00914615338931761
370000.0 0.012306992301189349 0.011777465788800255 0.026082031993934576 0.009541568997399582
380000.0 0.011941389245800458 0.012095775674984047 0.025586128759184104 0.009182614911868291
390000.0 0.011648798726032418 0.01241408556116784 0.02324616545538692 0.008890715966570272
400000.0 0.01210293190127034 0.012732395447351625 0.024546045354532326 0.009119142720543682
410000.0 0.01196914621311722 0.013050705333535417 0.026421678441844617 0.009355941857728417
420000.0 0.01263885666717388 0.013369015219719208 0.02964251656783202 0.009590051170241148
430000.0 0.013078042008124633 0.013687325105903 0.028193756265950713 0.009819099823973746
440000.0 0.012318840656736586 0.01400563499208679 0.024844280720859868 0.009635524988925873
450000.0 0.015448314314479574 0.014323944878270583 0.03346982783741018 0.012063537703742615
460000.0 0.013684848235540498 0.014642254764454373 0.02559792345504715 0.010296016842914025
470000.0 0.014759251668011633 0.014960564650638162 0.0307253529460396 0.011490747147134531
480000.0 0.01458633617492502 0.015278874536821951 0.033290082008737114 0.011108754285830077
490000.0 0.013793158899689247 0.015597184423005743 0.02712000335370172 0.010463885680629805
500000.0 0.014307574755178354 0.015915494309189534 0.02928537398364713 0.010806372129385658
510000.0 0.01358621814811035 0.016233804195373323 0.03461188488582185 0.010462174003769751
520000.0 0.013703808085627963 0.01655211408155712 0.02708484291907517 0.010395963121214115
530000.0 0.015591861240589337 0.016870423967740907 0.0372756296858768 0.012139791247538338
540000.0 0.016215089174594514 0.017188733853924703 0.03764985886788274 0.01242853384415063
550000.0 0.015847221083470617 0.017507043740108485 0.03805075257851045 0.012144895067291954
560000.0 0.015428789567200512 0.017825353626292277 0.030542965463756375 0.011422457876658961
570000.0 0.01753472459914427 0.018143663512476066 0.04056712248558811 0.013335465716871414
580000.0 0.01795093655528754 0.01846197339865986 0.03427573201206175 0.013369535298267073
590000.0 0.0148285437133944 0.01878028328484365 0.029347261106750944 0.011483702459472141
600000.0 0.020272018615543 0.01909859317102744 0.040887286539948955 0.01592789928385281
610000.0 0.018306916382551067 0.019416903057211235 0.037077280918494826 0.01354722623168574
620000.0 0.018502014618885995 0.019735212943395024 0.04295525775379453 0.014102855741505872
630000.0 0.018985912423739214 0.02005352282957881 0.03762046094209688 0.014552953121113031
640000.0 0.018032277556748834 0.020371832715762605 0.03432628517643085 0.013641187242095234
650000.0 0.018961917697795445 0.020690142601946394 0.03521405564783786 0.01470053997133011
660000.0 0.02043297319060968 0.021008452488130186 0.044074458754985786 0.015046021055467882
670000.0 0.019109908553937214 0.02132676237431397 0.03850267715396585 0.014651150305009148
680000.0 0.0193920150628343 0.021645072260497767 0.040121848359537214 0.014330233104539876
690000.0 0.019266859216112774 0.021963382146681552 0.04676499924745923 0.014596576918627304
700000.0 0.01892207266149357 0.02228169203286535 0.0421379662445122 0.014289084460141597
710000.0 0.019659106038504338 0.022600001919049137 0.038334318581985063 0.01499668810349776
720000.0 0.019856622991195737 0.02291831180523293 0.04394672101774428 0.01550059657775287
730000.0 0.022872593400879087 0.02323662169141672 0.04340863472457232 0.01727260021281119
740000.0 0.020698839258189355 0.023554931577600507 0.048008206650900824 0.016059885052877504
750000.0 0.02044161542828807 0.0238732414637843 0.042815950459853154 0.01544089549336177
760000.0 0.02184126546475224 0.0241915513499681 0.03951712838272792 0.016542912598730433
770000.0 0.019946434973348172 0.02450986123615189 0.05085293762595457 0.014581499411908986
780000.0 0.021096514347915256 0.024828171122335683 0.050978082610675796 0.01553240040123304
790000.0 0.022875486986771706 0.02514648100851946 0.05782500013047262 0.017358038704091944
800000.0 0.018433079387339027 0.025464790894703253 0.04215081785889956 0.014076354752052779
