200 0.000301619374738675 3.0720000000000005e-07 0.0006066237726677457 0.0002290464737468452
400 0.0007080643030190106 1.2288000000000002e-06 0.0016374679333979033 0.0005396851182674962
600 0.0008451933513188443 2.7648000000000006e-06 0.0017225632496012315 0.0006421307310764072
800 0.001195828704167705 4.915200000000001e-06 0.0027465475017811086 0.0009005938665434853
1000 0.0014754519409293197 7.68e-06 0.0034335393622252105 0.001126777798565921
1200 0.0018673305603051568 1.1059200000000004e-05 0.00391277154083395 0.001429948058305333
1400 0.0021289433162610663 1.5052799999999987e-05 0.004185756178270647 0.001591570244612232
1600 0.0024686520692371924 1.9660800000000003e-05 0.004994223346961251 0.0018554124703404032
1800 0.0029185145421197455 2.4883200000000003e-05 0.006471465137180241 0.002242230480589286
2000 0.0030434098844581464 3.0720000000000004e-05 0.0069262315393663065 0.0023299706186299574
2200 0.003386228050642468 3.7171200000000014e-05 0.007694371536213611 0.002553764869188278
2400 0.0036886299225431336 4.423680000000001e-05 0.008328199499056572 0.002777381238249995
2600 0.003929633049862247 5.191679999999999e-05 0.00780807950262209 0.0029820050473340297
2800 0.004500645931907962 6.02112e-05 0.01117517172954774 0.00335322941690868
3000 0.004653465090308927 6.911999999999998e-05 0.009376394321639964 0.0035183349545762858
3200 0.004874644151787124 7.864320000000001e-05 0.010505201447535374 0.00372061928776983
3400 0.004895216315843886 8.878080000000002e-05 0.010465411163306525 0.00373787135369516
3600 0.005338241424530719 9.95328e-05 0.011989670394516695 0.0041413129056053575
3800 0.005556653217422209 0.00011089920000000005 0.012897733394700166 0.004224151271542452
4000 0.006369531363924601 0.00012288 0.01487648334320229 0.0047509206729474075
4200 0.006490473072449172 0.0001354752 0.013320487790334646 0.004978890090640314
4400 0.006266165260999911 0.0001486848 0.015791203904727522 0.004768326554474827
4600 0.0070193367398889055 0.00016250879999999993 0.01575125348930246 0.005398490821760053
4800 0.007299263485721541 0.00017694720000000007 0.01623511243371522 0.005576291004915102
5000 0.008130745021591933 0.000192 0.018048919719261095 0.006197853026547581
