500 8.839663145977031e-06 3e-08 1.4668842476260676e-05 6.665571078924578e-06
1000 1.3948611727290463e-05 1.2000000000000002e-07 3.478197362307681e-05 1.066273512236997e-05
1500 2.486250738830257e-05 2.699999999999999e-07 6.285656795060359e-05 1.8810749039838094e-05
2000 3.087962932048902e-05 4.8e-07 7.763084887726918e-05 2.3811943091114374e-05
2500 4.4892648313501025e-05 7.5e-07 9.20427364150516e-05 3.336231700378478e-05
3000 3.6154953169193523e-05 1.08e-06 7.002283606428211e-05 2.680649620423754e-05
3500 5.786429042064584e-05 1.4700000000000003e-06 0.00015171000773596592 4.450486588036906e-05
4000 6.667041106898062e-05 1.9200000000000003e-06 0.00014721231930879354 5.106898809652727e-05
4500 7.481367390915361e-05 2.4299999999999996e-06 0.00017934389548447327 5.969332921920879e-05
5000 6.174867020116212e-05 3.0000000000000005e-06 0.00010109934102330867 4.331614465924038e-05
5500 0.00010445186224610834 3.6300000000000017e-06 0.00023908176283140835 7.890188944806489e-05
6000 9.498584193112662e-05 4.3199999999999984e-06 0.00020702064124933847 7.09017169955258e-05
6500 9.305896483084605e-05 5.07e-06 0.00021713120119338212 6.855972741835863e-05
7000 0.00011207776379980834 5.8800000000000005e-06 0.0002591289652532738 8.587830805279549e-05
7500 0.00012749759343933705 6.750000000000002e-06 0.00025298199818101115 9.336186017024134e-05
8000 0.00018300389159825323 7.68e-06 0.0003542881891632278 0.00012887579413852437
8500 0.00014885142108164153 8.67e-06 0.00028130183817722784 0.00011228136764451129
9000 0.00015215941796437995 9.72e-06 0.00028282601568773683 0.00010887236001978494
9500 0.0001833342110249135 1.0830000000000005e-05 0.0004354191260982309 0.00013265835126120382
10000 0.00016432364938906563 1.2e-05 0.0003080388133362268 0.00011998128012889107
10500 0.0001544021041453647 1.323e-05 0.00030517966659950404 0.0001128238928190373
11000 0.00017541778367132188 1.452000000000001e-05 0.0003071760327189276 0.0001273025310334743
11500 0.0002143790463404344 1.5870000000000002e-05 0.0004365917587825436 0.00016530881521944303
12000 0.00026287596647888676 1.728e-05 0.0004932691597592868 0.00019598540687053607
12500 0.00017938294140366922 1.875e-05 0.0003540423976972363 0.00012757170478486894
