10000 0.015744431945504362 0.0147 0.03402234489125673 0.011793131097765381
20000 0.032644332843892065 0.05880000000000003 0.06184401246901587 0.024364183846272296
30000 0.04329620442404464 0.13230000000000003 0.08150626975118984 0.03197564474974351
40000 0.056136141456365155 0.2352 0.09493271873646796 0.04013319152325045
50000 0.07633241312063907 0.3675 0.14874439815102009 0.056702543316437024
60000 0.08145683167033307 0.5292 0.1487772726185252 0.05942554815725948
70000 0.10474152944259336 0.7202999999999995 0.18565839214533433 0.07466733225518779
80000 0.11916283833078459 0.9408000000000005 0.20482666738025027 0.08648104090124047
90000 0.11628469295244931 1.1907000000000005 0.19265990996376076 0.08164374878460602
100000 0.1323961973289742 1.47 0.22600284118362887 0.09578587391835663
110000 0.1404559403969037 1.7786999999999995 0.22863113025946194 0.1001978437469992
120000 0.14972692325498163 2.1168000000000005 0.23185797671151867 0.10624429746105647
130000 0.16514047331725004 2.484300000000001 0.255141166010885 0.11390477362216983
140000 0.17740136156483874 2.8811999999999993 0.2700085878674443 0.12543834827750544
150000 0.18853942689908398 3.307500000000002 0.29781383169815545 0.13559403177650836
160000 0.19902582497743337 3.7632 0.27327793181295434 0.13700831024217214
170000 0.20628383204818415 4.2483 0.27004981047658433 0.14391372678753164
180000 0.21811317475985845 4.762799999999999 0.29565098724489614 0.15123631129053466
190000 0.22694778195396645 5.3067 0.2976204588785631 0.16059251028251836
200000 0.23084258321130358 5.88 0.29922115283659756 0.15536847235585605
210000 0.24861831891608546 6.482700000000002 0.3110903088497313 0.17087247346768858
220000 0.26058358344357474 7.1148 0.32369899451467626 0.17791155718252974
230000 0.2628878144934221 7.776300000000002 0.32058071516287323 0.16963537322416739
240000 0.2550792697522151 8.4672 0.31418807811701716 0.17312207155886145
250000 0.2698392739496378 9.1875 0.3357777514398017 0.18321521969671345
