10000 0.002365391303831865 7.5e-05 0.005558092496047195 0.0017985245007022823
20000 0.004366822588215936 0.0003000000000000002 0.008113421808586095 0.0032459001248514637
30000 0.006515611685667318 0.0006749999999999999 0.012573410044382128 0.0047099678312893115
40000 0.010148482609649914 0.0012 0.02036068048662909 0.0073744436557703465
50000 0.011591991743237497 0.0018749999999999997 0.021832486653735814 0.008464616944838927
60000 0.013881697918736731 0.002699999999999999 0.024706366295475353 0.01007768976362383
70000 0.017445253022897646 0.003674999999999999 0.03161097877543617 0.012307696796893872
80000 0.019059715606166212 0.004800000000000003 0.03636572034690031 0.013716418231136767
90000 0.021674102248116084 0.006074999999999999 0.0423138170932998 0.015321378364054823
100000 0.02665957521676012 0.0075000000000000015 0.04892565982329947 0.019205435831186973
110000 0.029905599068610535 0.009075000000000007 0.05509067168197638 0.021301288539528607
120000 0.03268568181130121 0.010799999999999999 0.05680593925060272 0.023550415544528247
130000 0.031196766510080052 0.012674999999999997 0.05919379210061299 0.022241441107450084
140000 0.03848355702390808 0.0147 0.06140738741809229 0.027295340980470855
150000 0.03934334894826279 0.016875000000000008 0.07350055299114867 0.028235351481126117
160000 0.04463359318475419 0.0192 0.0793275250835187 0.031269585444927965
170000 0.045062324069550616 0.021674999999999996 0.0813157772196718 0.031749936190539285
180000 0.05105629145200183 0.02430000000000001 0.08866123596516368 0.036773530063724254
190000 0.05504046145923127 0.027075000000000012 0.09270313729318294 0.03888992755710688
200000 0.05618448170178577 0.029999999999999995 0.0906003084771746 0.03930735422592971
210000 0.057487762049570436 0.033075 0.0995195007177559 0.039946446781672966
220000 0.05831940363274256 0.03630000000000002 0.10424803047698109 0.040743061129086024
230000 0.06346565274054479 0.03967500000000002 0.10290185451377992 0.0443406162916437
240000 0.06817598984923795 0.04319999999999998 0.11723656914861387 0.04811937069065288
250000 0.06455228166939943 0.04687499999999999 0.11265593891418509 0.045378190102205805
