10000 0.00013490561667289265 1.2e-05 0.00032817320857724165 9.614151196734852e-05
20000 0.0002843446342856647 4.800000000000001e-05 0.0008457014000937357 0.0002095029487496429
30000 0.0006380894272689432 0.00010800000000000004 0.0012976887122278253 0.0004717421941195479
40000 0.0008869904248401711 0.000192 0.0020589154170880934 0.000680448581115037
50000 0.000894201911718342 0.0003 0.0022142824960225574 0.0006348163758161485
60000 0.0009718790997946845 0.0004320000000000003 0.0017313219459594504 0.0006690425502886289
70000 0.001738759149648292 0.0005879999999999998 0.00325331833101389 0.0013264973673260544
80000 0.002099550561148916 0.0007680000000000001 0.003857488135538727 0.0015202005009839156
90000 0.0019170250483397143 0.0009719999999999999 0.002741408796279078 0.0014303953361286133
100000 0.00228606161146149 0.0011999999999999997 0.004077551249824969 0.001619555684835072
110000 0.0038888894934283537 0.0014520000000000008 0.008478574559854686 0.002845697707339314
120000 0.004484495939925112 0.0017280000000000006 0.011093063602106368 0.0032606867636449303
130000 0.0036724012439852444 0.0020280000000000007 0.006283297914204252 0.0026885248895971315
140000 0.004737444068944433 0.002351999999999998 0.018664906940835987 0.003497160011448378
150000 0.004403077412153843 0.002699999999999999 0.011394746114447489 0.0032076497269273706
160000 0.00365138423104024 0.003072 0.009119612169617528 0.0026036942540193747
170000 0.0069996426455374615 0.003468 0.02213753830382291 0.005301804499877315
180000 0.005263709497907594 0.003888 0.009971513038665386 0.0038478739621268343
190000 0.006581564701269054 0.0043320000000000025 0.02172809721522866 0.004656630174658502
200000 0.007154070576103291 0.0048 0.020606240608643724 0.005138483976927182
210000 0.008474839343365464 0.005291999999999999 0.01864488893571978 0.006211924661752641
220000 0.008339314717192979 0.0058080000000000015 0.02455961300601807 0.005900882654436391
230000 0.007222425024182351 0.0063479999999999995 0.023695797463222684 0.005294869115632027
240000 0.007125274583064612 0.006912000000000005 0.02163450806091006 0.004895225894612833
250000 0.011052379936215394 0.0075000000000000015 0.03171900351807388 0.008384489953518683
