1000 4.236215570198926e-08 4.800000000000001e-09
2000 9.816259338045148e-08 1.9200000000000003e-08
3000 1.6596931601344326e-07 4.319999999999998e-08
4000 2.4179326476363337e-07 7.680000000000001e-08
5000 2.669281252721062e-07 1.2000000000000002e-07
6000 4.5778999742231365e-07 1.7279999999999993e-07
7000 5.300538729235695e-07 2.352e-07
8000 4.5505131992858285e-07 3.0720000000000005e-07
9000 7.420428999149634e-07 3.888e-07
10000 4.942950784426537e-07 4.8e-07
11000 1.0953757805723086e-06 5.808e-07
12000 2.106317833663883e-06 6.911999999999997e-07
13000 1.2363935681185902e-06 8.112e-07
14000 1.1345884170826773e-06 9.408000000000006e-07
15000 1.8284577964264063e-06 1.08e-06
16000 1.5196246246699592e-06 1.2288000000000002e-06
17000 2.441655890441993e-06 1.3872000000000005e-06
18000 2.7408177950976035e-06 1.5552000000000002e-06
19000 2.397754609373976e-06 1.7328000000000004e-06
20000 1.6551116998856399e-06 1.9200000000000003e-06
21000 4.1572405406710075e-06 2.1168000000000006e-06
22000 1.7939847612202633e-06 2.323200000000001e-06
23000 4.040038401089218e-06 2.5391999999999985e-06
24000 2.4687028885412846e-06 2.764799999999999e-06
25000 3.01743737456324e-06 3.0000000000000005e-06
