1000 8.423206178745616e-06 6.366197723675814e-06
2000 1.6197954222851784e-05 1.2732395447351628e-05
3000 2.0260287270483452e-05 1.9098593171027436e-05
4000 2.6783260415495945e-05 2.5464790894703257e-05
5000 3.5078408936232315e-05 3.183098861837907e-05
6000 3.8006307810269306e-05 3.819718634205488e-05
7000 5.150239763868845e-05 4.4563384065730696e-05
8000 5.640063214078737e-05 5.092958178940651e-05
9000 6.417462706035516e-05 5.729577951308232e-05
10000 8.142207942632685e-05 6.366197723675813e-05
11000 6.690520317825636e-05 7.002817496043396e-05
12000 7.548628027330163e-05 7.639437268410974e-05
13000 7.136809294081718e-05 8.276057040778558e-05
14000 7.080691026221483e-05 8.912676813146142e-05
15000 9.201423804848838e-05 9.54929658551372e-05
16000 0.00011086008445322872 0.00010185916357881303
17000 8.917765216420098e-05 0.00010822536130248885
18000 0.0001085880198351559 0.00011459155902616465
19000 0.000127306913038688 0.00012095775674984047
20000 0.00013844452074756748 0.00012732395447351627
21000 0.00012248991427535373 0.0001336901521971921
22000 0.00015201014958067183 0.00014005634992086792
23000 0.00017241381790146965 0.00014642254764454367
24000 0.00015483970742513072 0.0001527887453682195
25000 0.00014774170283460433 0.00015915494309189535
