10000 5.4454895658800174e-08 3e-08 1.2176604044929133e-07 3.835627562909163e-08
20000 1.6238164988605057e-07 1.2000000000000002e-07 7.714678407633212e-07 1.2336639916120245e-07
30000 2.662828171590341e-07 2.7000000000000006e-07 9.42022004097626e-07 2.0027692230520103e-07
40000 6.505914283574193e-07 4.8e-07 3.1597299492521453e-06 5.06130952972248e-07
50000 7.810439085321577e-07 7.5e-07 3.696079017347591e-06 6.223033494612124e-07
60000 1.3114150952585154e-06 1.08e-06 6.586533318596902e-06 1.0990763804821649e-06
70000 1.8613085957775079e-06 1.4699999999999993e-06 7.228368144944514e-06 1.508526611430235e-06
80000 3.173866743890668e-06 1.9200000000000003e-06 1.5154157272287384e-05 2.6994542098642963e-06
90000 2.608167287231581e-06 2.4299999999999996e-06 1.4233826927417004e-05 2.163296390893535e-06
100000 2.4761963209962195e-06 3.0000000000000005e-06 9.5492236194322e-06 2.0082761371620574e-06
110000 3.2259288755224395e-06 3.6300000000000017e-06 2.3566295020551135e-05 2.6937042469587e-06
120000 3.548750552667591e-06 4.320000000000001e-06 2.5614202633336223e-05 3.0241809202434225e-06
130000 5.53108625207256e-06 5.07e-06 4.116335028421075e-05 4.650268912482377e-06
140000 5.431331015430948e-06 5.879999999999998e-06 2.223960500216827e-05 4.556313341236159e-06
150000 9.068980953987134e-06 6.750000000000002e-06 6.004899525391713e-05 7.782781990824868e-06
160000 5.840510854843387e-06 7.68e-06 1.739412728520553e-05 4.702939769485917e-06
170000 7.1089123444600834e-06 8.67e-06 3.961569858624877e-05 5.953440561361891e-06
180000 1.3238919239327543e-05 9.72e-06 6.725049095769489e-05 1.1369930519802322e-05
190000 8.739508242586026e-06 1.0830000000000005e-05 4.733983424667804e-05 7.484615451548453e-06
200000 1.46672880295091e-05 1.2e-05 0.000123864390483074 1.237114433326169e-05
210000 1.642377947695914e-05 1.323e-05 8.40355933916038e-05 1.3845376310853247e-05
220000 1.7951581982441346e-05 1.452000000000001e-05 0.00013160114717053123 1.5691315399993858e-05
230000 1.385444425533302e-05 1.5870000000000002e-05 8.186864534660701e-05 1.2025554196159312e-05
240000 1.547358245417954e-05 1.728e-05 0.00010255169877661383 1.3380220771973335e-05
250000 1.853930444173928e-05 1.875e-05 8.622056525597507e-05 1.5608842540326885e-05
