10000 0.006594155914199427 0.000192 0.013854629994761107 0.00502814489853032
20000 0.013161546542328827 0.0007680000000000001 0.024334217748884418 0.009869916616845498
30000 0.01977352988628388 0.0017280000000000006 0.03691107259380235 0.014584479071627658
40000 0.02656668350781986 0.003072 0.050255289659417196 0.018946931790988126
50000 0.032966555711126985 0.0048 0.06943087966303395 0.024389926595274697
60000 0.038497952734951116 0.006912000000000005 0.07287715904098925 0.0276368995309838
70000 0.046954368039158735 0.009407999999999996 0.08496395996530882 0.03460865906040203
80000 0.05349664485130093 0.012288000000000002 0.10239908221618448 0.038851218195598204
90000 0.06435046855535502 0.015551999999999998 0.11470540466318795 0.046982080682224946
100000 0.07120600024755194 0.019199999999999995 0.12839508603619781 0.05039886306946655
110000 0.0718713142510455 0.023232000000000013 0.12694860497065114 0.051369650015725854
120000 0.07969623253320422 0.02764800000000001 0.13442414058806043 0.057478884644519924
130000 0.09207526495848861 0.03244800000000001 0.14623862877714972 0.06560227104670313
140000 0.09468848589296354 0.03763199999999997 0.16719248911801957 0.06787820544019443
150000 0.10417878239477989 0.04319999999999998 0.1732065341888586 0.07347462843037826
160000 0.11265014698602911 0.049152 0.18745824695396768 0.07869276388142428
170000 0.1202790176343909 0.055488 0.18086839394232984 0.08441570185400211
180000 0.11496535984929108 0.062208 0.19221736437607737 0.08115304511258459
190000 0.12128072557473321 0.06931200000000004 0.18686073702945907 0.08559491233075983
200000 0.1299442204153611 0.0768 0.20745838621444063 0.09097759662981322
210000 0.14029101099041952 0.08467199999999998 0.2113523196907319 0.09908201416712772
220000 0.151790526093992 0.09292800000000002 0.22201478449260517 0.10814204084554219
230000 0.15062695839046963 0.10156799999999999 0.21673991845884558 0.10506956093101606
240000 0.16162247915237124 0.11059200000000008 0.21976028165585296 0.11229058186486102
250000 0.1758810842865448 0.12000000000000002 0.25233625942473353 0.12376897960938137
