10000 8.253991382723504e-05 1.0801313399780852e-06
20000 7.763789815617585e-05 4.3205253599123415e-06
30000 7.001437611570715e-05 9.721182059802773e-06
40000 6.905539200480378e-05 1.7282101439649362e-05
50000 6.19877129188423e-05 2.7003283499452147e-05
60000 7.030200442713984e-05 3.8884728239211104e-05
70000 6.683673500607672e-05 5.2926435658926186e-05
80000 8.277829746996076e-05 6.912840575859746e-05
90000 7.576754231093163e-05 8.74906385382249e-05
100000 9.577381201427451e-05 0.00010801313399780848
110000 8.327491694285703e-05 0.0001306958921373483
120000 0.00012012477862724238 0.00015553891295684436
130000 0.00013657035902602964 0.0001825421964562964
140000 0.00012654476587868442 0.00021170574263570477
150000 0.00017416872934507415 0.00024302955149506922
160000 0.00014901032556173462 0.0002765136230343898
170000 0.00022496639359274715 0.00031215795725366677
180000 0.00022803564588503417 0.0003499625541528996
190000 0.00021322286212909706 0.0003899274137320888
200000 0.0001233447062157012 0.00043205253599123435
210000 0.0004207145160858089 0.00047633792093033564
220000 0.00042077186305534503 0.0005227835685493934
230000 0.000261350625388879 0.0005713894788484072
240000 0.0005687409224895582 0.0006221556518273777
250000 0.0007241748224853681 0.0006750820874863037
