500 9.7492308308943e-07 7.500000000000001e-09 1.9679122085309445e-06 7.30812018814126e-07
1000 1.841752002136374e-06 3e-08 4.102166949282528e-06 1.375579137440632e-06
1500 2.8591354164410365e-06 6.75e-08 5.956919380065167e-06 2.121156912200971e-06
2000 4.139801933118776e-06 1.2000000000000002e-07 9.295659658723987e-06 3.0928365185898974e-06
2500 5.206261166574369e-06 1.8750000000000003e-07 1.0657483738449377e-05 3.835533200252527e-06
3000 7.214943551117159e-06 2.699999999999999e-07 1.5070875116490129e-05 5.035746969132797e-06
3500 8.45122983443574e-06 3.6750000000000003e-07 1.634735841137101e-05 6.102226076910093e-06
4000 7.554698940503965e-06 4.8e-07 1.487024247296904e-05 5.347212385975477e-06
4500 1.0577419794919469e-05 6.075e-07 2.4190212020958272e-05 8.040204601960295e-06
5000 1.1166693861618447e-05 7.5e-07 2.350321372059223e-05 8.179761155713537e-06
5500 1.6088081578796157e-05 9.075000000000006e-07 2.2816751747939726e-05 1.1417966914473828e-05
6000 1.4085029321308083e-05 1.08e-06 2.2274679390550332e-05 1.0123946001470194e-05
6500 1.6212138022415894e-05 1.2675000000000006e-06 3.3100138579829197e-05 1.2159352656386584e-05
7000 1.7598321678036882e-05 1.4700000000000003e-06 4.352301990222234e-05 1.3299755078216433e-05
7500 1.6293772923133555e-05 1.6875000000000012e-06 3.064857547539766e-05 1.1090943597049098e-05
8000 2.1129319668157535e-05 1.9200000000000003e-06 6.439401034166873e-05 1.4604714618064659e-05
8500 1.725488525779595e-05 2.1675e-06 3.13369827350743e-05 1.2413671958775389e-05
9000 1.8371402251902483e-05 2.4299999999999996e-06 3.942251011759951e-05 1.2869515590200569e-05
9500 1.9540795995604848e-05 2.7075e-06 4.538062404124861e-05 1.4586081406220837e-05
10000 2.7629788174081335e-05 3.0000000000000005e-06 5.143485131902069e-05 1.867812581552234e-05
10500 2.3816438286314373e-05 3.307500000000002e-06 4.4446617409015556e-05 1.77815466164434e-05
11000 2.293987345101669e-05 3.6300000000000017e-06 3.399621104197255e-05 1.6134614399408677e-05
11500 2.7626088683715932e-05 3.967499999999998e-06 6.605899554242535e-05 1.9268683382329792e-05
12000 3.322940599147718e-05 4.3199999999999984e-06 7.272914464694975e-05 2.492236560431957e-05
12500 3.715084113696884e-05 4.687499999999999e-06 7.251950417585475e-05 2.816089978083572e-05
