10000 0.0038859850072699206 0.00010800000000000004 0.0089673157373565 0.0029096344132078034
20000 0.007244733293186766 0.0004320000000000003 0.015366754112664836 0.005367878619304279
30000 0.010127697841846825 0.0009720000000000004 0.020321844382240523 0.007459271783334586
40000 0.014668616546439394 0.0017280000000000006 0.029235611500535705 0.010698166460875517
50000 0.017996223742593492 0.002699999999999999 0.03362620281711486 0.01323087497120814
60000 0.02181559645113953 0.003888 0.041483084984343305 0.0156979347799703
70000 0.026731024598083446 0.005291999999999999 0.05012645130354251 0.01913433707004265
80000 0.029928351947472266 0.006912000000000005 0.05720071625657167 0.021287044771901135
90000 0.033966430242274415 0.008748000000000002 0.05748457561597523 0.023893469004179296
100000 0.03904618573167876 0.010799999999999999 0.07093518188029313 0.02786021975843223
110000 0.042016128499791715 0.013068 0.07873655282756623 0.029650803481876663
120000 0.04792919905202774 0.015552000000000007 0.08059807731937825 0.03456059380373633
130000 0.05472378423293667 0.018252000000000008 0.1011703188211057 0.03886168124174617
140000 0.05602315683207273 0.021167999999999996 0.09423012572567971 0.040194581146313274
150000 0.06010754458304141 0.02430000000000001 0.10223948438468386 0.04308477541036057
160000 0.06595153581983386 0.02764800000000001 0.10389800610752493 0.04607609692253372
170000 0.06928516325658195 0.03121199999999999 0.1199863013318311 0.04994499622099446
180000 0.06996908958798173 0.034992000000000016 0.12411223575811738 0.05017061679299419
190000 0.07599393195216228 0.03898799999999999 0.12878288204745822 0.05358134832844097
200000 0.07954917723720421 0.04319999999999998 0.13218854736986752 0.05707080512809289
210000 0.0893288074284157 0.04762800000000002 0.14343171691089454 0.06236160197234613
220000 0.09017584704371483 0.052272000000000034 0.14291752505370317 0.06355981818695958
230000 0.09531041230543746 0.05713199999999998 0.1440222324391338 0.06681265966617872
240000 0.09546090332356973 0.062208 0.14862023329923768 0.06730456548345749
250000 0.09851404700674238 0.06749999999999998 0.1624647283350406 0.06863417743230366
