200 0.0003096429269217244 1.9200000000000003e-06 0.0006895971165914663 0.00024122274742700343
400 0.0006276628608730798 7.68e-06 0.001295041288861105 0.0004766450304729073
600 0.0008936949134227796 1.728e-05 0.0021280404292470666 0.0006818693936334468
800 0.001262311249696195 3.0720000000000004e-05 0.002697499236010518 0.0009629003692880209
1000 0.0016002318708985093 4.800000000000001e-05 0.00365907774116297 0.001234357079907162
1200 0.001974726569404822 6.912000000000002e-05 0.0041694149873448124 0.0014988310316613473
1400 0.002237454683427068 9.407999999999997e-05 0.004830746688151744 0.0016804702607696254
1600 0.0024626952751026073 0.00012288 0.005657030554643763 0.0018578015291433733
1800 0.002842274540855553 0.00015552 0.0060611677795297325 0.002157806894132204
2000 0.0031993125623233456 0.000192 0.006805790339962618 0.002399158359861936
2200 0.0037475058898465106 0.00023231999999999994 0.008159606672276097 0.0028672172908664234
2400 0.0038588227292528582 0.00027648 0.008378974539146563 0.0029491443865499365
2600 0.003807998403036468 0.00032448000000000015 0.009396825920852211 0.0029024985459771696
2800 0.004198194107167161 0.0003763199999999998 0.009752480432411966 0.0032158525550527524
3000 0.0046858131050235485 0.0004320000000000001 0.00962334810207372 0.0035767777947674755
3200 0.0051237490661133304 0.0004915200000000001 0.01153112929287879 0.003909727510320067
3400 0.005224489608344603 0.00055488 0.011265761548774742 0.004001481784633537
3600 0.005394900262976338 0.0006220799999999999 0.011759540636149436 0.004100244774577624
3800 0.005879849578911986 0.00069312 0.012576880503009768 0.004486984710774648
4000 0.006542274622311843 0.0007680000000000001 0.014438974868932489 0.004863889753294095
4200 0.0062246881378462396 0.0008467200000000005 0.014607644294983905 0.004748106340852045
4400 0.007299633637362023 0.0009292800000000004 0.015475872882396501 0.005531643053207973
4600 0.0068572257022844274 0.00101568 0.014431000703515854 0.0051856474895679485
4800 0.007196751822291927 0.0011059200000000003 0.015952953261481478 0.005466795379805981
5000 0.00810839401114653 0.0012 0.01776600685504011 0.006243872333022647
