10000 0.013186287651954127 0.0004320000000000003 0.030758356853258187 0.01002743045738939
20000 0.02505927023542439 0.0017280000000000006 0.05272773693122807 0.01875374954166998
30000 0.0371794003289634 0.003888 0.0726716612684212 0.0269692468265355
40000 0.04685770496733021 0.006912000000000005 0.09717396942253521 0.0345622533872691
50000 0.05684819709959021 0.010799999999999999 0.11518054732515559 0.04211293509147655
60000 0.07683709595570122 0.015552000000000007 0.15240960110097235 0.05718985971158869
70000 0.08186582957368051 0.021167999999999996 0.16174295650811027 0.05960739525630902
80000 0.09196551072967502 0.02764800000000001 0.16638450607235258 0.06587353238830679
90000 0.10484448910731618 0.034992000000000016 0.1803870954374705 0.0757488158230555
100000 0.1064910370372279 0.04319999999999998 0.19010015971235755 0.07877876519145831
110000 0.1241783338021682 0.052272000000000034 0.2024498531697283 0.08881418730952795
120000 0.13127077854603658 0.062208 0.21449850291018574 0.09300827579245734
130000 0.14496413686780635 0.07300800000000005 0.21025992894006815 0.10391695231285726
140000 0.15583384592187138 0.08467199999999998 0.23950435461291253 0.111655832011313
150000 0.16004794451230778 0.09719999999999998 0.24051140573123866 0.11494901461516846
160000 0.16590092116241592 0.11059200000000008 0.2444729975627343 0.11750837984994401
170000 0.17973173719843297 0.12484799999999996 0.24198647168750415 0.12715155399430592
180000 0.18944480654751253 0.13996800000000004 0.2809005827422956 0.1344888623953681
190000 0.20716774972999008 0.15595200000000004 0.30694042363367763 0.14432713712651418
200000 0.2117464243249057 0.17279999999999998 0.2965804997219261 0.1513276685690102
210000 0.2154400667602943 0.19051200000000001 0.2991357603058372 0.14765692348225265
220000 0.2192349427395493 0.209088 0.30248956514448255 0.15312188041158278
230000 0.21818890525335122 0.22852799999999995 0.2904968985134978 0.1514634538470509
240000 0.2406205397843206 0.2488320000000001 0.3205892883502731 0.16919542662926312
250000 0.24943924772953094 0.26999999999999996 0.3096605604972831 0.17559058331829147
