1000 2.4167351628259263e-08 2.700000000000001e-09
2000 4.870603139809383e-08 1.0800000000000004e-08
3000 6.630838725266918e-08 2.4299999999999993e-08
4000 1.6402649873279064e-07 4.3200000000000016e-08
5000 2.0327355629690374e-07 6.750000000000002e-08
6000 2.2050046434489502e-07 9.719999999999998e-08
7000 2.5249615994145574e-07 1.3230000000000001e-07
8000 2.9149462306713807e-07 1.7280000000000007e-07
9000 5.868260368476267e-07 2.1870000000000002e-07
10000 4.157501508852453e-07 2.7e-07
11000 5.639543388949207e-07 3.267000000000001e-07
12000 7.363801747353139e-07 3.887999999999999e-07
13000 5.830540869594374e-07 4.5630000000000003e-07
14000 6.760837733724315e-07 5.292000000000004e-07
15000 6.637233444447849e-07 6.075000000000001e-07
16000 8.347090045994843e-07 6.912000000000003e-07
17000 7.611969497015361e-07 7.803000000000004e-07
18000 1.732982882469092e-06 8.748000000000003e-07
19000 1.1620783796074866e-06 9.747000000000004e-07
20000 1.6620842579750026e-06 1.0800000000000002e-06
21000 1.609062953749722e-06 1.1907000000000005e-06
22000 2.198652320539596e-06 1.3068000000000008e-06
23000 2.7844321536012304e-06 1.4282999999999993e-06
24000 1.7744306454480264e-06 1.5551999999999997e-06
25000 1.8282954456603232e-06 1.6875000000000006e-06
