200 0.00030784482662977704 1.08e-06 0.0007045232242260835 0.0002328277399220759
400 0.0006487512410194811 4.3199999999999984e-06 0.0016496158038282421 0.0005040409175400036
600 0.0009619454912996395 9.72e-06 0.0019165377040482072 0.0007340337491805219
800 0.0012428306099176228 1.728e-05 0.0026112599140530298 0.000944704813417133
1000 0.0016284578865018832 2.7000000000000006e-05 0.0038859357239194392 0.0012359806791306352
1200 0.0018261057459794732 3.8879999999999994e-05 0.0038634465073545702 0.0013886001361495016
1400 0.0022856971329574967 5.292e-05 0.005138308629621651 0.0017730587496629657
1600 0.0024777511792392435 6.911999999999998e-05 0.0060604933871763016 0.001923153705347252
1800 0.0024871207902982854 8.748000000000002e-05 0.0058354437308131505 0.0019090492336714027
2000 0.0031862980292359346 0.000108 0.006688018485799424 0.00241750256386964
2200 0.003361730794506709 0.00013067999999999996 0.007698533205711292 0.0025402756918839983
2400 0.0036658357394132157 0.00015552 0.007683300962482641 0.002743541705538403
2600 0.0037011295146284918 0.00018251999999999998 0.007859747479560532 0.0028050446520263036
2800 0.004503721159404583 0.00021168 0.010143831737658243 0.003509369624475939
3000 0.004581380941649513 0.000243 0.009629928733790628 0.003503880032750982
3200 0.004692393736330862 0.00027648 0.009812426053462178 0.0035534122013784384
3400 0.005028086716505413 0.0003121200000000001 0.010559645503377277 0.003825067036708179
3600 0.005308276118889694 0.00034992000000000004 0.011739962077743683 0.00399561222896098
3800 0.0062562988803924035 0.0003898800000000001 0.013732489009593968 0.00475683920880521
4000 0.006178454450396488 0.0004320000000000001 0.012514212196846623 0.004709587281491961
4200 0.00628160870740026 0.00047628000000000004 0.013496903608614861 0.0048214862556941185
4400 0.007168128842728007 0.0005227200000000002 0.015295367415183746 0.005449085870264076
4600 0.00692875198069418 0.00057132 0.01548183722490533 0.005329021643770424
4800 0.007371793322299295 0.0006220799999999999 0.015224032731387886 0.005633325279783971
5000 0.007274472877112002 0.0006749999999999999 0.014841577543860318 0.005491657260441377
