10000 5.096954227824152e-08 3e-08 1.817449442972304e-07 3.717385265592452e-08
20000 1.6138531052333388e-07 1.2000000000000002e-07 8.040208940444592e-07 1.2157074022455344e-07
30000 3.283623924879236e-07 2.7000000000000006e-07 1.8121486877444108e-06 2.532961432854067e-07
40000 5.647425278059001e-07 4.8e-07 3.520117482890751e-06 4.455373863430718e-07
50000 8.446723489254608e-07 7.5e-07 5.279386369333929e-06 6.743441507273096e-07
60000 1.2245201925517023e-06 1.08e-06 8.157509722484083e-06 9.93848660161455e-07
70000 1.5988392382273475e-06 1.4699999999999993e-06 1.0198231306035386e-05 1.3057833034287386e-06
80000 2.0716371867649137e-06 1.9200000000000003e-06 1.374332208541011e-05 1.706087724082722e-06
90000 2.6151431942358076e-06 2.4299999999999996e-06 1.776242943051288e-05 2.173438044888597e-06
100000 3.15869751563438e-06 3.0000000000000005e-06 2.1954396186220387e-05 2.6345134031242538e-06
110000 3.8232393425625365e-06 3.6300000000000017e-06 2.66748409460433e-05 3.206151732696016e-06
120000 4.614977962322469e-06 4.320000000000001e-06 3.2266553591262504e-05 3.8903521970449836e-06
130000 5.318212375580945e-06 5.07e-06 3.5685814301202756e-05 4.494057745405184e-06
140000 6.114078984712414e-06 5.879999999999998e-06 4.234334575956073e-05 5.186625480005236e-06
150000 7.0991969618945185e-06 6.750000000000002e-06 4.9961216542703824e-05 6.037338753475724e-06
160000 7.964318758774108e-06 7.68e-06 5.573132375048157e-05 6.7821056310968155e-06
170000 8.998095125063526e-06 8.67e-06 6.121842469373464e-05 7.68794942070169e-06
180000 1.0095108260890242e-05 9.72e-06 7.000335301298239e-05 8.646259078543991e-06
190000 1.1062295993494202e-05 1.0830000000000005e-05 7.640000323585069e-05 9.48928527677372e-06
200000 1.2265952900332075e-05 1.2e-05 8.642514108749328e-05 1.0535856362113781e-05
210000 1.3448173816454638e-05 1.323e-05 9.5057159655166e-05 1.1565515869902165e-05
220000 1.4743231690204395e-05 1.452000000000001e-05 0.0001059282424177556 1.2691445450230358e-05
230000 1.6101449251656154e-05 1.5870000000000002e-05 0.00011375180358532849 1.3873555101647576e-05
240000 1.7755667780626255e-05 1.728e-05 0.00012211911509090535 1.53257751948792e-05
250000 1.8742760720884466e-05 1.875e-05 0.00012795621619095948 1.6202161865809156e-05
