10000 0.014789633963336532 0.0007680000000000001 0.03162103948847499 0.011126754512574964
20000 0.030272742061949357 0.003072 0.06194098499291388 0.023156217147832402
30000 0.042343653821580236 0.006912000000000005 0.08479101287500804 0.031466402965366735
40000 0.059894037768739056 0.012288000000000002 0.11892840989226425 0.04453378720538163
50000 0.0716499938289687 0.019199999999999995 0.1442685186044685 0.05237894970457484
60000 0.0840201906157322 0.02764800000000001 0.15908698030615512 0.06185841783933892
70000 0.10408190089163548 0.03763199999999997 0.1793586165885067 0.07540076153363241
80000 0.10344477359387887 0.049152 0.19403797045189067 0.07526516605537022
90000 0.11801335774882049 0.062208 0.21764805116386646 0.08695994466334545
100000 0.13400764574341265 0.0768 0.23056313339828086 0.09637177261121282
110000 0.14235339652618847 0.09292800000000002 0.2345330075399625 0.10390248032686784
120000 0.15670647682132502 0.11059200000000008 0.24545801973701903 0.11124673725450927
130000 0.16312911235478872 0.12979200000000005 0.25668582971656434 0.11582794416145593
140000 0.1788409977788933 0.15052799999999994 0.2697244434124245 0.12595069623138003
150000 0.19126575565512116 0.17279999999999998 0.2639002909454136 0.1376790673645415
160000 0.1909240805256743 0.19660800000000003 0.2953192791018894 0.13589556656227786
170000 0.19749310978153523 0.22195199999999993 0.28531393362478585 0.13985982022903823
180000 0.21322599966732775 0.24883199999999997 0.2860007614062885 0.1491465257890656
190000 0.22290381721172287 0.27724800000000005 0.30824941702927994 0.15811578563970105
200000 0.22363209931957834 0.3071999999999999 0.30718178044811 0.15724234674369092
210000 0.22968736905920775 0.3386880000000001 0.31759083684675343 0.16218991101662597
220000 0.24517979977459659 0.3717120000000002 0.30680220271325037 0.1713459106462943
230000 0.25302162357050956 0.4062720000000002 0.31548561360968846 0.176631465888185
240000 0.25586138822606397 0.44236800000000015 0.31970266328152275 0.1773992731695431
250000 0.26893663914708016 0.4799999999999999 0.3155372375504631 0.18021802190199582
