10000 6.122908999268921e-08 3e-08 2.0276471103678456e-07 4.520801886373032e-08
20000 1.7612985157061247e-07 1.2000000000000002e-07 7.700632180384772e-07 1.2648527323910146e-07
30000 3.451225038213396e-07 2.7000000000000006e-07 2.137247922202146e-06 2.5583144942810945e-07
40000 4.729797687529292e-07 4.8e-07 3.4637656616174278e-06 3.7745075696920053e-07
50000 7.277349662329792e-07 7.5e-07 2.8600840750627582e-06 5.547682199407715e-07
60000 1.2282683013125677e-06 1.08e-06 4.128812461622571e-06 9.278112481584888e-07
70000 1.9899241264630266e-06 1.4699999999999993e-06 9.619600179287287e-06 1.6453237544479355e-06
80000 1.977808168867637e-06 1.9200000000000003e-06 1.2921207885111176e-05 1.583482878174835e-06
90000 3.101497364532348e-06 2.4299999999999996e-06 1.0591111721367647e-05 2.580947419921112e-06
100000 3.3053988366741495e-06 3.0000000000000005e-06 2.2533361890178143e-05 2.7585486426217052e-06
110000 3.7356227627696676e-06 3.6300000000000017e-06 1.510800344573218e-05 3.13081323925255e-06
120000 3.881096211855656e-06 4.320000000000001e-06 1.852185080273166e-05 3.18312786650486e-06
130000 8.373130285570773e-06 5.07e-06 5.1718331004605786e-05 7.197037123772541e-06
140000 5.293232218361724e-06 5.879999999999998e-06 2.2340861648769282e-05 4.639926621257591e-06
150000 6.009904425380776e-06 6.750000000000002e-06 6.664064272497078e-05 5.210111732079187e-06
160000 7.606197927225237e-06 7.68e-06 3.403401464869311e-05 6.467206171247762e-06
170000 1.229099248389159e-05 8.67e-06 0.00011929100885604302 1.050308962372698e-05
180000 7.24562973707242e-06 9.72e-06 5.4000791219636424e-05 6.094330975545453e-06
190000 1.3861041384313894e-05 1.0830000000000005e-05 8.214152851383689e-05 1.2016820293651076e-05
200000 1.0924620124732142e-05 1.2e-05 8.734527511908093e-05 9.427954785439663e-06
210000 8.558679605602527e-06 1.323e-05 3.8304602629471415e-05 7.603566648380718e-06
220000 1.4200715553566384e-05 1.452000000000001e-05 5.11480931254287e-05 1.1988323695689879e-05
230000 1.0631720179992929e-05 1.5870000000000002e-05 5.783297056058486e-05 9.087192419902475e-06
240000 1.4806346206121758e-05 1.728e-05 4.9050194110887804e-05 1.1989642826810176e-05
250000 1.7074964376517895e-05 1.875e-05 0.00011687858319249235 1.4063709989751655e-05
