10000 3.6650941403784804e-05 4.800583733235933e-07
20000 3.390527428262652e-05 1.9202334932943737e-06
30000 3.212911414629451e-05 4.320525359912342e-06
40000 3.139661538806892e-05 7.680933973177493e-06
50000 2.844092184193893e-05 1.2001459333089841e-05
60000 3.159560567832984e-05 1.7282101439649376e-05
70000 3.207962773748664e-05 2.352286029285608e-05
80000 2.8462757459072234e-05 3.072373589270998e-05
90000 2.8517348022240978e-05 3.888472823921106e-05
100000 3.290067453156141e-05 4.800583733235932e-05
110000 5.416661114923993e-05 5.8087063172154785e-05
120000 4.2322938167205244e-05 6.912840575859748e-05
130000 3.6257041430445665e-05 8.112986509168728e-05
140000 6.983066114730719e-05 9.409144117142433e-05
150000 5.227440086660387e-05 0.00010801313399780852
160000 8.930328021835222e-05 0.0001228949435708399
170000 8.721530889502852e-05 0.00013873686989051854
180000 9.634651161939431e-05 0.00015553891295684425
190000 0.00014514838832833425 0.00017330107276981724
200000 0.000157372845941864 0.00019202334932943746
210000 0.00010520873532910528 0.0002117057426357047
220000 0.00011974304109967332 0.00023234825268861925
230000 0.0001957535181715914 0.0002539508794881809
240000 0.00017217036954668646 0.00027651362303439
250000 0.0002307068427201682 0.000300036483327246
