500 8.655882393998406e-10 7.500000000000001e-11 1.6136506424599734e-09 6.369157244846614e-10
1000 2.1280375783173033e-09 3.0000000000000005e-10 3.98301584694759e-09 1.473354745091981e-09
1500 3.452466727952817e-09 6.749999999999997e-10 5.76739807657164e-09 2.6103051329195884e-09
2000 5.464185247620704e-09 1.2000000000000002e-09 1.3148288339853462e-08 3.822953283873169e-09
2500 6.5355552583903505e-09 1.875e-09 1.628837777209555e-08 4.894156162844006e-09
3000 9.555525276583907e-09 2.699999999999999e-09 2.5561325618294553e-08 6.156411877328626e-09
3500 1.0530795017778819e-08 3.6750000000000023e-09 1.9196224160325292e-08 7.819155591924064e-09
4000 1.1219694468728365e-08 4.800000000000001e-09 2.4883351978545253e-08 8.069851064930058e-09
4500 1.2826087580475298e-08 6.075000000000001e-09 2.6556628763600537e-08 9.313151558497312e-09
5000 1.3786815016215311e-08 7.500000000000001e-09 2.6161581364840346e-08 9.492976356212695e-09
5500 1.978829264336402e-08 9.075000000000004e-09 4.844680710352957e-08 1.3702168155752807e-08
6000 1.9960550086887013e-08 1.0799999999999996e-08 3.5182957299341504e-08 1.5048182571851536e-08
6500 2.2802282728365933e-08 1.2674999999999998e-08 3.409437795276864e-08 1.6279220395161034e-08
7000 2.5576077822267257e-08 1.47e-08 6.162562339851908e-08 1.780106496337834e-08
7500 3.37262044934423e-08 1.6875000000000004e-08 1.3711603967509466e-07 2.493484823115079e-08
8000 3.207416170310685e-08 1.9200000000000003e-08 5.862258917494426e-08 2.5083893945517806e-08
8500 4.324742410707512e-08 2.1675000000000004e-08 1.464932721607749e-07 3.328759794544994e-08
9000 4.305330384807845e-08 2.43e-08 1.3232806249853872e-07 3.305439514158614e-08
9500 5.235742568887039e-08 2.7075000000000012e-08 2.1263427911468723e-07 3.9564991894844573e-08
10000 6.204923220363425e-08 3e-08 1.2963562232684205e-07 4.452638061816338e-08
10500 4.1630852680768205e-08 3.3075e-08 1.347731433718524e-07 2.8749985739750363e-08
11000 4.263284954054435e-08 3.63e-08 8.856559140064526e-08 3.1090051358185804e-08
11500 7.954383932720896e-08 3.967499999999998e-08 2.988417063549503e-07 5.989316476176039e-08
12000 7.370664392131405e-08 4.319999999999998e-08 2.29660926071387e-07 5.332591247219793e-08
12500 9.36199655358359e-08 4.6875e-08 2.762883148009524e-07 6.754024794528738e-08
