10000 5.0417158788823174e-08 3e-08 1.9163255313681117e-07 3.636001369530657e-08
20000 1.6776409358462787e-07 1.2000000000000002e-07 8.639577922404605e-07 1.262595523729044e-07
30000 3.4492692830516604e-07 2.7000000000000006e-07 1.7073978025522115e-06 2.6939725236477956e-07
40000 5.262551438270687e-07 4.8e-07 2.802487016428833e-06 4.116105192968766e-07
50000 8.18573864112392e-07 7.5e-07 5.4008624885927805e-06 6.543412176601439e-07
60000 1.3345600730702847e-06 1.08e-06 9.711952180085728e-06 1.0834189954806152e-06
70000 1.414051061864879e-06 1.4699999999999993e-06 7.126164812961722e-06 1.1442249986052805e-06
80000 2.2266275725037085e-06 1.9200000000000003e-06 2.032353146331626e-05 1.8495768441571673e-06
90000 2.861774947079743e-06 2.4299999999999996e-06 1.8955079279726668e-05 2.3888978657278756e-06
100000 3.3504527549416206e-06 3.0000000000000005e-06 2.053042762928791e-05 2.8253838793365026e-06
110000 3.850715447880792e-06 3.6300000000000017e-06 2.5281922093255074e-05 3.220505394307489e-06
120000 5.011446582047519e-06 4.320000000000001e-06 3.6094116683353494e-05 4.269548105586214e-06
130000 5.396793767442858e-06 5.07e-06 3.741313585147748e-05 4.545851850664817e-06
140000 5.670139021625447e-06 5.879999999999998e-06 3.482478054747913e-05 4.784190754177867e-06
150000 7.470501940864044e-06 6.750000000000002e-06 4.616538199247201e-05 6.3583954003706364e-06
160000 7.4871739065338705e-06 7.68e-06 5.075428306147364e-05 6.3701184495043545e-06
170000 8.9088696267024e-06 8.67e-06 5.7650521733988476e-05 7.639456736698313e-06
180000 8.776570016993928e-06 9.72e-06 5.4122434064398494e-05 7.43350489008724e-06
190000 1.3735042317668117e-05 1.0830000000000005e-05 0.0001045031532431563 1.187277569760559e-05
200000 1.1576883431248378e-05 1.2e-05 6.606050524898528e-05 9.900381390353837e-06
210000 1.3165294110218513e-05 1.323e-05 9.063542945070532e-05 1.1327501696933551e-05
220000 1.5212743446597649e-05 1.452000000000001e-05 9.608811905484415e-05 1.3080430947277994e-05
230000 1.725220688420946e-05 1.5870000000000002e-05 0.0001167510034768335 1.4898133534447487e-05
240000 1.6510430193891224e-05 1.728e-05 0.00011413366208251396 1.4234657618204625e-05
250000 1.934274253562475e-05 1.875e-05 0.00014707561908088626 1.6688067774639847e-05
