500 2.922498911338263e-08 6.749999999999997e-10 4.718747931890766e-08 2.1761861944519083e-08
1000 7.107000467953881e-08 2.699999999999999e-09 1.4808959820631935e-07 5.122432342234262e-08
1500 8.320877137083083e-08 6.074999999999997e-09 1.7162757346686788e-07 6.252257715402996e-08
2000 1.3029930425204446e-07 1.0799999999999996e-08 2.560390108600474e-07 9.830083328661367e-08
2500 1.3658145917042535e-07 1.6874999999999994e-08 2.1610688775456438e-07 8.835598200347278e-08
3000 1.9659915519376014e-07 2.4299999999999986e-08 3.60777805257443e-07 1.3981139559344405e-07
3500 1.9812657885534365e-07 3.3075e-08 4.168443008478828e-07 1.344009776102708e-07
4000 3.4324872465113676e-07 4.319999999999998e-08 7.035873001037428e-07 2.297986112638449e-07
4500 3.406507315872191e-07 5.4675e-08 8.095399744834787e-07 2.5541448231761024e-07
5000 2.6666659484897225e-07 6.75e-08 4.204283624916882e-07 1.814829105888004e-07
5500 3.461217442285923e-07 8.167499999999997e-08 6.752241704406731e-07 2.6602353260321467e-07
6000 4.576660801056614e-07 9.719999999999996e-08 8.694060067969477e-07 3.2748243633969797e-07
6500 4.265474134521935e-07 1.1407499999999991e-07 1.0411889199246532e-06 3.0174739712713064e-07
7000 6.048824105384468e-07 1.3229999999999996e-07 1.1883809495030691e-06 4.2317606468259084e-07
7500 6.354508171038162e-07 1.5187499999999998e-07 1.3738350084082328e-06 4.860442835186746e-07
8000 5.469173372352081e-07 1.7279999999999993e-07 1.1877167031707866e-06 3.907630652220414e-07
8500 5.832707189592624e-07 1.9507499999999997e-07 1.1255790009948581e-06 3.814359208739746e-07
9000 4.5681282937832877e-07 2.1870000000000002e-07 6.874407829747511e-07 3.2775178715791815e-07
9500 8.113290849142074e-07 2.43675e-07 1.1168500826044286e-06 5.497706816686719e-07
10000 6.999312334574227e-07 2.699999999999999e-07 2.242683362583688e-06 5.014876287219753e-07
10500 6.838102880799285e-07 2.97675e-07 1.0068681158139761e-06 4.739758269206437e-07
11000 1.016499241975314e-06 3.2669999999999993e-07 1.9222734004377406e-06 7.098302270671517e-07
11500 1.0389181448895412e-06 3.570749999999998e-07 1.8319294791049216e-06 7.34832546952239e-07
12000 1.048846804965467e-06 3.887999999999998e-07 1.9644357872750232e-06 7.536277873473405e-07
12500 1.2770429014650462e-06 4.21875e-07 3.114028438439802e-06 9.097324968758463e-07
