10000 0.014663203128868419 0.0075000000000000015 0.032951008141577684 0.010988824692980738
20000 0.02825265602733632 0.029999999999999995 0.060456027343258514 0.021161126471890578
30000 0.04362115963955261 0.06749999999999998 0.08940508280624897 0.03215180510870832
40000 0.0603321177363177 0.12000000000000002 0.1211618158643289 0.045076186172525005
50000 0.0682663507536002 0.18750000000000006 0.1332397010208014 0.04984578256165629
60000 0.08445754154682428 0.26999999999999996 0.16200003412210173 0.06144684414274517
70000 0.1026227769812551 0.3674999999999999 0.18159641424176517 0.07507267026308637
80000 0.10857992609312589 0.4799999999999999 0.2087305088319272 0.07884283584010716
90000 0.12428007361064741 0.6075000000000003 0.21090565328913777 0.08883057650338301
100000 0.13759546230594571 0.7499999999999999 0.22714320236557817 0.09743316669171545
110000 0.1393310003058578 0.9075000000000002 0.2495261621262815 0.09963251990999053
120000 0.1468095655962882 1.0799999999999996 0.2225288165188628 0.10101871767284888
130000 0.16601537922587523 1.2675000000000005 0.2581915831118147 0.11528829458568399
140000 0.17425113195800745 1.469999999999999 0.2523841888707025 0.12252163559366697
150000 0.1858062980618741 1.6875000000000004 0.27477743046439024 0.13096809136395138
160000 0.18524946175031856 1.9200000000000004 0.26935289937385193 0.12707409002620174
170000 0.20429054591465648 2.1675 0.2852526752797324 0.13929150658194112
180000 0.2085438592211897 2.4300000000000006 0.2892376978037996 0.143505256369528
190000 0.21833979580724167 2.707500000000001 0.3020058536334881 0.1469180768542819
200000 0.22524296534198396 3.000000000000001 0.29530370697153674 0.15449962209955606
210000 0.23533921735582186 3.307500000000002 0.29095925588025173 0.15801883102341385
220000 0.2552945570504797 3.63 0.31055802686072437 0.17378397692277445
230000 0.26050540745266865 3.9675000000000002 0.32229991232078725 0.1740964261068973
240000 0.2562113454563455 4.319999999999999 0.31862912290452855 0.1731391985052598
250000 0.2558131843324819 4.687499999999998 0.31342038805715855 0.1713713948127028
