0.02925 1.213083785519866e-06 2.3043499636017112e-06 9.1346653651064e-07
0.0585 5.810077618841208e-06 1.3851020732671209e-05 4.439110252490365e-06
0.08775 1.0621880094033667e-05 3.0097729538558714e-05 7.945613562666295e-06
0.117 1.8968033735339997e-05 3.72462707852347e-05 1.4474295429496376e-05
0.14625 2.7600100153852676e-05 5.735746163261142e-05 2.055290167499832e-05
0.1755 3.86723846014234e-05 9.749640348733912e-05 2.8923877680324683e-05
0.20475 5.8255973977441996e-05 0.0001162712874846799 4.141974440169782e-05
0.234 6.560237707662658e-05 0.00011934311196664837 4.6089682294945374e-05
0.26325 0.00010675737135278647 0.00017994584032125392 8.256299359606991e-05
0.2925 0.00011153633062508895 0.00023311021075192383 7.944518813233588e-05
0.32175 0.00014269064795655216 0.00024325125516859916 0.00010025995236359555
0.351 0.00017940889630154117 0.0003036006773762983 0.00012306990077228056
0.38025 0.0002093315681420434 0.0003839610203242949 0.00014091584161725638
0.4095 0.0002304780063745976 0.0003653219780013732 0.00015345751066152727
0.43875 0.00026488187878350204 0.0005891940975596945 0.000185106256239465
0.468 0.00024688398977385347 0.0004751538433372554 0.0001647012592126974
0.49725 0.000318519977136808 0.0005406602324764891 0.00020287418149164476
0.5265 0.00037386612831241304 0.0006833464917764611 0.0002667562421571004
0.55575 0.0003378260057741239 0.000587997308043328 0.00021740327312666375
0.585 0.0003972910665833375 0.0005757588219566849 0.0002636088053327787
0.61425 0.00042238478388184793 0.0006106875450030109 0.00026476766639924
0.6435 0.00045919585584781197 0.0007650192469134637 0.0002836391024519652
0.67275 0.00047573452101993456 0.0006826087432387037 0.0003215618809589411
0.702 0.000534840607973264 0.0008602010498917879 0.0003217191931599198
0.73125 0.0005565824743838372 0.0007749821157447704 0.000361707708027855
0.7605 0.0005500972601190722 0.0007914334280779805 0.0003542260964050132
0.78975 0.0005795422916193443 0.0007505395143371049 0.00037937690996882084
0.819 0.0006792435362747501 0.0010256805517957007 0.0004378293548028495
0.84825 0.0006767399656499083 0.0009774669817251432 0.00045711744392354093
0.8775 0.0006432406801566707 0.000879866549845543 0.00040694092790680755
0.90675 0.0006836209589998214 0.0008182451192698309 0.00042208253510086125
0.936 0.0006988874506399403 0.0008878513462267233 0.00044227093236852443
0.96525 0.0008071852179036124 0.0009451991208937701 0.0004859964027989911
0.9945 0.0007109209752543088 0.0011260017378794326 0.00048153481372467563
1.02375 0.0006661201452408819 0.0009358311911860483 0.00043455293651574575
1.053 0.0006681481469689895 0.0010459828832999893 0.0004485098521369538
1.08225 0.0008173129340313778 0.0011704845862557066 0.0005211148584971796
1.1115 0.0006591805551620908 0.0007862103534766639 0.0004231111977735665
1.14075 0.0006840138381685599 0.0008759522250935602 0.00044493633083520466
1.17 0.0006619227980149174 0.0007592352996760143 0.00041138325039965417
1.19925 0.0005861000874227137 0.0007126147139930433 0.00038049333033861343
1.2285 0.000509944077371853 0.0007272879142408877 0.00034054094044921255
1.25775 0.0005306998812125282 0.0007631397282295129 0.0003242661375775942
1.287 0.0005103510891287168 0.0006772740213352603 0.0003224970644654818
1.31625 0.00045511185375422244 0.0005809648973147635 0.0002975702771601802
1.3455 0.00048626400536056684 0.0008524340599567504 0.0003002419015107875
1.37475 0.00046713602579505673 0.0005893156108610387 0.0003094228183096561
1.404 0.00035160321472062 0.0004812380435097722 0.00023027213893197712
1.43325 0.00039637182412815273 0.0005733742566808677 0.0002648303216151607
1.4625 0.0003881730497609405 0.0006695316953143678 0.0002584674376340775
1.49175 0.0002791994306594401 0.00038738758521405977 0.00020288948760127602
1.521 0.00023421158359163821 0.00037848271314915076 0.0001491390904878162
1.55025 0.00024023507772778546 0.00031029116390807556 0.0001446092278472727
1.5795 0.00022488491098995994 0.00038539085997895615 0.00014540970531294037
1.60875 0.0001884252611585873 0.0002786500946126441 0.00011996729890900006
1.638 0.00013811902623584571 0.0002689585029000843 8.967686094634003e-05
1.66725 0.00012115698639162705 0.00019427990230451645 7.789795436087687e-05
1.6965 0.00011231616123528253 0.00017869065693137452 7.394741524446909e-05
1.72575 8.783914196432612e-05 0.00013432228285800157 5.9578226786394105e-05
1.755 6.456282211971163e-05 9.89464907859652e-05 4.4288249710564794e-05
1.78425 4.8260488937444685e-05 6.275444348627788e-05 3.1028691402803305e-05
1.8135 3.355685755888623e-05 4.694384723295341e-05 2.3607673822869937e-05
1.84275 2.3863772709402077e-05 4.0124712005436933e-05 1.5793854132142143e-05
1.872 1.511877896548107e-05 3.10686085290559e-05 1.0124210899930878e-05
1.90125 7.661662703969686e-06 1.1257658790512555e-05 5.222062045018309e-06
1.9305 4.695015274621565e-06 9.564142989617505e-06 3.123848319397935e-06
1.95975 1.2395189193528628e-06 2.127465036140935e-06 8.141690145065323e-07
1.989 1.0404033320591212e-07 1.597922404656402e-07 6.804392157951791e-08
2.01825 3.059628120914359e-07 5.336337216184228e-07 2.1157311551167837e-07
2.0475 1.6870108398290605e-06 3.244841619400101e-06 1.171883810210942e-06
2.07675 4.2085237053423245e-06 7.525736609656789e-06 2.8191869485781005e-06
2.106 6.376528588058649e-06 1.1651243103008536e-05 4.175937097983172e-06
2.13525 9.60234819694117e-06 1.5554888918024208e-05 6.532776189580111e-06
2.1645 1.4254821564022452e-05 2.1902275305527386e-05 9.301868383343426e-06
2.19375 1.9067577840365467e-05 3.640938489928298e-05 1.2111819957630839e-05
2.223 2.1294394482543212e-05 3.4170406609464116e-05 1.4816224472908059e-05
2.25225 2.305368894028486e-05 3.872883998900442e-05 1.52964701463581e-05
2.2815 2.9781529058217254e-05 5.968167000565426e-05 1.994350634212777e-05
2.31075 2.8187087115722757e-05 5.413778280359309e-05 1.9581142809468906e-05
2.34 3.447568035236683e-05 7.758074037542348e-05 2.3381392241157843e-05
