0.02925 1.0174472200216425e-06 2.217349088703511e-06 7.845918563026615e-07
0.0585 4.199271548800768e-06 8.979686706828339e-06 3.2301848636624677e-06
0.08775 9.75974106055393e-06 1.8399301885182916e-05 7.034789609806702e-06
0.117 2.0928174286570304e-05 4.29518796147987e-05 1.5967738821042724e-05
0.14625 2.8474775257553468e-05 6.161584850041717e-05 2.1008289119322524e-05
0.1755 3.564457424470511e-05 9.356667497833374e-05 2.610585255586483e-05
0.20475 5.741407103567315e-05 0.00012460625685482065 4.2973603167376224e-05
0.234 7.613704736593376e-05 0.00017694912038014265 5.618722729102532e-05
0.26325 0.00010018252044536233 0.0001916607234311039 7.182466723314436e-05
0.2925 0.00012215030831292658 0.00020816306401622128 8.710141283973351e-05
0.32175 0.00011230096603984486 0.00021702417862380405 7.74081984082817e-05
0.351 0.00016733277062762494 0.00027780806000849247 0.00011984690233427394
0.38025 0.00018504617162614026 0.00041268705432028434 0.0001279070234191471
0.4095 0.00021329241615519946 0.000393774856290984 0.00014241237318843704
0.43875 0.00028344769372404374 0.0004118794829963668 0.0001920868107621899
0.468 0.00024332124923417232 0.0005354409580974449 0.00016497084530546344
0.49725 0.0002640180024447051 0.0004792697153972482 0.00018957362449917642
0.5265 0.00038576755863759595 0.0006215021486669203 0.0002559348031306591
0.55575 0.0004091860084191638 0.0006406675193209026 0.0002715748865193288
0.585 0.0003823656384617552 0.0005724522699149341 0.0002511064609934902
0.61425 0.0004548766419631308 0.0007067557581797599 0.0003001772319156636
0.6435 0.00045663654180917815 0.000839426863121772 0.00030515723508993154
0.67275 0.0004443988792458788 0.0007062025646042898 0.0002843777619307921
0.702 0.0005313455083082565 0.0007705751122202071 0.00034831443266246305
0.73125 0.0005732394852185109 0.0009047048488034274 0.0003856712124690913
0.7605 0.0006480548446795267 0.001273310343076532 0.00043611616532130494
0.78975 0.0006289165077124962 0.0010080483897108297 0.00041507911646215156
0.819 0.0006246550149736492 0.000843431747304636 0.00038614410568794136
0.84825 0.0007022541202705936 0.0009161018255218144 0.0004816055580362074
0.8775 0.0006769085067315411 0.0009897903559506242 0.00045058359570821616
0.90675 0.0006300079623643482 0.0008891475704880695 0.00042552404611195175
0.936 0.0005779016039334913 0.0009678962106952377 0.00038856064784624386
0.96525 0.0007166420237708675 0.0009872638797848215 0.0004838684099199327
0.9945 0.0007580129837833568 0.0011687314208120557 0.000484144947542522
1.02375 0.0005695030755942715 0.0009566619068197772 0.0003632123861378961
1.053 0.0007526483850603965 0.0010403683229472977 0.00046091416033884207
1.08225 0.00069183486043916 0.0012419729556717776 0.0004365173392175784
1.1115 0.0006833647223441079 0.0010406919217483255 0.00047796519879621913
1.14075 0.0006482867572378464 0.0010144674756098018 0.0004331325487658265
1.17 0.0006651641327012988 0.0010007162557891945 0.0004225140657013697
1.19925 0.0005993468149795045 0.0008578033470536385 0.0003736223957423899
1.2285 0.0005779466892060859 0.0010924392433399436 0.00039246291082336546
1.25775 0.0005699818712608826 0.0007274233547713313 0.00034443435907038043
1.287 0.000517533394382328 0.0007320966367125094 0.0003338099555158064
1.31625 0.0005210741138673888 0.0008673849401526426 0.0003468515387051814
1.3455 0.0004951131928028738 0.0007280628121109246 0.000325017628424057
1.37475 0.00039250177265492416 0.0005807376334012792 0.000241798347019775
1.404 0.000411302914022189 0.0006254681997887199 0.0002710421285470116
1.43325 0.0003603333968851839 0.0005000676637822622 0.00022611489401827873
1.4625 0.0003848573278452749 0.0005836046794154555 0.00025634608555306503
1.49175 0.00028028140402748156 0.00041706401725291554 0.00018331881877881604
1.521 0.0002578045684050723 0.0003267568287572815 0.00016802389384915886
1.55025 0.0002478863222960242 0.0004148801447280219 0.00015725161847313822
1.5795 0.00020782432996615543 0.0003556427276464104 0.00013135761780035148
1.60875 0.00018217660442985587 0.00026606060852630886 0.0001241013208139295
1.638 0.00016615403560786966 0.00030461792562546536 0.00010786437074740283
1.66725 0.00014428851033649513 0.0002635165115048578 9.827320812366713e-05
1.6965 0.0001091214893617995 0.00014493282485973644 7.142609620077162e-05
1.72575 7.69354784370121e-05 0.00012618437662049198 5.053176460198349e-05
1.755 5.943947858507199e-05 9.923637237165136e-05 4.006274150448727e-05
1.78425 4.484635804818388e-05 7.471397291178139e-05 2.8800109781092805e-05
1.8135 3.280483449970505e-05 5.331857346973849e-05 2.1803205054762905e-05
1.84275 2.465391665648742e-05 3.90567187489441e-05 1.6892614641334106e-05
1.872 1.7121191280586884e-05 2.877142382084338e-05 1.156786666664929e-05
1.90125 8.504528007817256e-06 1.2696079920631848e-05 5.448987201267414e-06
1.9305 3.877010096486291e-06 8.840135377805391e-06 2.5644783077502666e-06
1.95975 1.3059264631045684e-06 2.1221596094336505e-06 8.731113916787125e-07
1.989 9.981713736356856e-08 1.7630236549156878e-07 6.640447176275615e-08
2.01825 2.763789412819918e-07 4.965659439532409e-07 1.8551442967891985e-07
2.0475 1.4728018691978904e-06 2.3672683018664e-06 1.0381273366503628e-06
2.07675 3.834775866824797e-06 6.262976279041328e-06 2.592117360183409e-06
2.106 6.910777258326065e-06 1.077801563436724e-05 4.433673168356482e-06
2.13525 1.1173004233975029e-05 2.3973243747774598e-05 7.546404116330574e-06
2.1645 1.3691497737592226e-05 2.455741701541424e-05 9.619879547091962e-06
2.19375 1.6147675178295132e-05 3.0597793574328204e-05 1.103332786126122e-05
2.223 2.2321978645014523e-05 4.294052407852418e-05 1.5541086469333076e-05
2.25225 2.900130869752748e-05 5.953832715710544e-05 1.9751203010823417e-05
2.2815 2.899475259264885e-05 6.565081856333973e-05 1.94486320233844e-05
2.31075 3.0358954103966365e-05 5.4301489001794746e-05 2.0789768166104473e-05
2.34 3.8706844324604805e-05 7.164322555997142e-05 2.7070710289638046e-05
