0.02925 7.047750737695006e-07
0.0585 1.5258511771272196e-06
0.08775 5.074478137969159e-07
0.117 6.850161430610961e-07
0.14625 1.2360058164445947e-06
0.1755 5.343029782308682e-06
0.20475 1.3437928273425034e-05
0.234 1.4142012220039152e-05
0.26325 2.1409799884861071e-07
0.2925 8.850775249486053e-06
0.32175 1.924013871026105e-06
0.351 3.785377738405348e-06
0.38025 4.964561535254936e-06
0.4095 2.5443120801219805e-06
0.43875 1.4176318611695586e-05
0.468 4.350008592547794e-05
0.49725 1.2441643331923261e-05
0.5265 0.00011076237467370806
0.55575 1.772848184856163e-07
0.585 3.3064936180219386e-05
0.61425 1.668055030908581e-06
0.6435 4.382108899777643e-05
0.67275 5.352089097871964e-06
0.702 4.455545199187183e-05
0.73125 2.1311543512330943e-05
0.7605 0.0001528174531119425
0.78975 5.4383686276450664e-05
0.819 5.082971121471368e-06
0.84825 6.116722433852751e-05
0.8775 7.08865776804254e-05
0.90675 0.0001338058788179212
0.936 0.0001384947239343068
0.96525 0.00015837423835366647
0.9945 3.223431252508477e-05
1.02375 8.799925992459535e-05
1.053 6.324932636340732e-06
1.08225 7.230158161772537e-06
1.1115 3.648443458471174e-06
1.14075 2.324210559367252e-05
1.17 0.0002543446401784755
1.19925 0.00021270584114229193
1.2285 0.00012718072124140103
1.25775 4.86003807410357e-07
1.287 5.749577879000397e-05
1.31625 5.801341439956767e-05
1.3455 0.00012798662135300121
1.37475 7.797022286128062e-05
1.404 0.00018654120460986356
1.43325 1.5078225746203388e-05
1.4625 5.68012412096921e-05
1.49175 1.5740062031816734e-05
1.521 0.0003881887444874999
1.55025 0.00013936905264808178
1.5795 0.0003574861400062053
1.60875 0.00024973124620962354
1.638 0.00038660664639625836
1.66725 6.187538776278842e-07
1.6965 2.5421387383230405e-06
1.72575 3.5651093076982714e-05
1.755 0.00019539326860690845
1.78425 0.00015098482593213744
1.8135 0.00023455863414983578
1.84275 5.247367094894448e-05
1.872 0.00020788560301157358
1.90125 0.0005574804344739564
1.9305 0.00012125647337241781
1.95975 1.907495399147316e-05
1.989 0.00010299587899073081
2.01825 1.0065149479613276e-05
2.0475 2.9442951756268034e-06
2.07675 8.137346159425492e-06
2.106 7.025816540423675e-05
2.13525 0.0001319243440701594
2.1645 4.80063691876629e-05
2.19375 1.1413629311615712e-07
2.223 6.288022755999868e-06
2.25225 3.0271073548508103e-05
2.2815 3.2869960525272896e-06
2.31075 1.4946808524745838e-05
2.34 3.072078566972861e-05
