0.02925 1.221606083201329e-07 2.784636802395691e-07 9.118778590294804e-08
0.0585 4.450924437931998e-07 8.737623285907655e-07 3.409616283120148e-07
0.08775 1.0210339126675001e-06 2.2604435709434366e-06 7.986928327556288e-07
0.117 1.6027763623026493e-06 3.501714015315606e-06 1.2338949584728956e-06
0.14625 3.0273744312110934e-06 6.9143186790389946e-06 2.262866101697917e-06
0.1755 4.876228049414223e-06 1.0951346467011797e-05 3.606043633332408e-06
0.20475 5.734896962665853e-06 1.3091481781712163e-05 4.320392613706657e-06
0.234 7.616508461160923e-06 1.4934159200380278e-05 6.107193228320076e-06
0.26325 8.819517699238087e-06 1.6532535661980382e-05 6.6601665016092375e-06
0.2925 1.3231460857027361e-05 2.881168043447849e-05 9.946422063449843e-06
0.32175 1.2031598944174043e-05 2.3352285623094677e-05 8.695657602166847e-06
0.351 1.5427167235060388e-05 2.8253179250044304e-05 1.163954445348946e-05
0.38025 2.0273890183476984e-05 3.4108693533270505e-05 1.547317736531326e-05
0.4095 2.2281774716300133e-05 4.2037056176107065e-05 1.6885503797457435e-05
0.43875 2.5716001637164033e-05 5.474048601515794e-05 1.8473626044504632e-05
0.468 2.857855608889885e-05 7.218594824126098e-05 2.1369222316698106e-05
0.49725 3.6632092947573606e-05 8.869670843723374e-05 2.7247430979540777e-05
0.5265 3.579967750597987e-05 6.933400040514658e-05 2.7625248429496054e-05
0.55575 3.983223622194679e-05 7.6404312278746e-05 2.91078999662403e-05
0.585 4.1985287788889465e-05 9.125585659716975e-05 3.153136442162217e-05
0.61425 4.335966885481374e-05 0.00010360096813970154 3.3760654842033065e-05
0.6435 5.220967719761636e-05 0.00010247580242211729 3.806172602344184e-05
0.67275 4.738191392441346e-05 0.00010744012826659342 3.688581661789776e-05
0.702 5.185578062131784e-05 0.00011593852357282184 4.084956259292187e-05
0.73125 6.16750507438177e-05 0.00014494579072223316 4.744595699970743e-05
0.7605 5.023078472089201e-05 0.00010062595062102358 3.805506243137985e-05
0.78975 6.589062955333026e-05 0.0001697124543946396 5.290473806666112e-05
0.819 6.637366635449183e-05 0.00013241457336300445 5.252826274827053e-05
0.84825 6.647260611130005e-05 0.0001406778070232154 5.036990022281925e-05
0.8775 6.669170130548633e-05 0.00013038103150412241 5.126687011031668e-05
0.90675 8.90166144569398e-05 0.00016791663861783586 7.07935697446035e-05
0.936 7.349956752056534e-05 0.00015905773569544602 5.981248501301565e-05
0.96525 8.555891774754442e-05 0.00022435020662076502 6.509439833656635e-05
0.9945 9.340572254093254e-05 0.00022224393864114997 7.296233249297273e-05
1.02375 8.034920620875083e-05 0.00019955708062156048 6.151599870887414e-05
1.053 9.553749042874425e-05 0.00022402999335070661 7.304334985382688e-05
1.08225 8.443442497583067e-05 0.00018526344610033437 6.442805492584365e-05
1.1115 9.673352590735031e-05 0.00021853101050278568 8.026449176954638e-05
1.14075 9.791911337987604e-05 0.00022732061790877781 7.137292927654488e-05
1.17 8.133742254994653e-05 0.0001707901153686759 6.208767405295339e-05
1.19925 0.00011744640802462385 0.00023591408533425864 9.207277376143663e-05
1.2285 0.00010909808346879448 0.00022481455186804472 8.739005075904004e-05
1.25775 0.00010691531494447716 0.00024384424487471965 8.11930489693697e-05
1.287 0.00011172933488373702 0.0002977352606335382 8.696257091756555e-05
1.31625 0.0001234112415371624 0.00027220083264154003 9.205927671232557e-05
1.3455 9.244848807769276e-05 0.0002111145150567478 7.174078511747036e-05
1.37475 0.0001099868721142585 0.00027258327192314027 8.365688540771737e-05
1.404 0.00010024690900092147 0.00018538439645914419 7.56102370346603e-05
1.43325 9.229823556151401e-05 0.00017618907564258328 7.060225989657238e-05
1.4625 0.00011697761304899104 0.0003034332821018137 8.874136943322713e-05
1.49175 9.773253598693129e-05 0.00024124490345707355 7.477906106622735e-05
1.521 9.573837693227162e-05 0.00020821874470802184 6.928447176934178e-05
1.55025 0.00010780395027407113 0.0002997523571451896 8.082752808608405e-05
1.5795 8.995096522261745e-05 0.0001819501622439842 7.009717782168394e-05
1.60875 9.403769635306917e-05 0.00017853665633381214 6.885841064884353e-05
1.638 9.041737670940717e-05 0.00021467013739457155 7.09816997825478e-05
1.66725 0.000104419582758364 0.00021254021925113794 8.199540249920102e-05
1.6965 8.230402588338851e-05 0.00020936267678314807 6.314761563954608e-05
1.72575 7.715753665635501e-05 0.0001664071244617951 5.865937177222381e-05
1.755 9.432935765191882e-05 0.0002177803053706008 7.069884580714689e-05
1.78425 9.097206343406855e-05 0.00019060722162034943 6.95866700526285e-05
1.8135 8.024121902751414e-05 0.00014909554522036622 5.833682272986447e-05
1.84275 7.968167849576182e-05 0.00018522633670531636 6.124262042019553e-05
1.872 7.477527389186402e-05 0.00016808653702729908 5.899954748379105e-05
1.90125 7.53704017662648e-05 0.00016435088695464882 5.759791512866526e-05
1.9305 7.862933195319666e-05 0.0001972352678603661 6.246760600292638e-05
1.95975 5.5063512607445584e-05 9.731139646335091e-05 4.025253417550203e-05
1.989 6.96640099717817e-05 0.00019914291940019324 5.267002569297762e-05
2.01825 6.646024835141189e-05 0.0001380907402167661 5.06273221087789e-05
2.0475 6.699235432002102e-05 0.00012994055241062708 5.1451970851711496e-05
2.07675 5.6157486955403475e-05 0.00013185888760026786 4.343182176858695e-05
2.106 4.956609668232021e-05 8.989571035155281e-05 3.670415429843797e-05
2.13525 4.846003814155503e-05 0.00010665542088933375 3.7501221302508524e-05
2.1645 4.957361670665872e-05 9.984089865010506e-05 3.823464790443357e-05
2.19375 3.798488167973999e-05 8.536002599805834e-05 3.0417994284117672e-05
2.223 3.4775143654117456e-05 6.009907454867079e-05 2.726759430982881e-05
2.25225 3.502439309166698e-05 8.539979169034121e-05 2.7785280661478256e-05
2.2815 3.517457829392735e-05 8.085018185072847e-05 2.7059264362873907e-05
2.31075 2.9409416267877263e-05 6.406766796662958e-05 2.257667620957353e-05
2.34 3.759745034014415e-05 0.00010942187800220601 2.841064263360524e-05
