0.02925 2.7211475700169747e-07 6.339608026772147e-07 2.133686212155347e-07
0.0585 8.656917599678967e-07 2.133686212155347e-07 6.629502945594017e-07
0.08775 1.858338408313949e-06 1.5795872219432997e-06 1.4060892374842847e-06
0.117 4.2049604015890235e-06 6.629502945594017e-07 3.2131712902158467e-06
0.14625 6.579196170454084e-06 3.1400542813925234e-06 5.22067035845283e-06
0.1755 7.433687559536548e-06 1.4060892374842847e-06 5.927039353960401e-06
0.20475 1.2178029367656469e-05 9.678772702561517e-06 8.915041641080558e-06
0.234 1.2648624944609894e-05 3.2131712902158467e-06 9.094237684987518e-06
0.26325 1.4338801111260883e-05 1.8285346187513987e-05 1.1488832497860615e-05
0.2925 2.4239464334813234e-05 5.22067035845283e-06 1.866476012208749e-05
0.32175 2.5112995038710935e-05 1.3697269341461436e-05 2.0495881447174703e-05
0.351 3.516484309981262e-05 5.927039353960401e-06 2.7277580254201526e-05
0.38025 2.8305201251870414e-05 2.710339487496853e-05 2.1599196451978408e-05
0.4095 3.71118701944393e-05 8.915041641080558e-06 2.811464215521918e-05
0.43875 5.7593757862864786e-05 3.756061187935338e-05 4.611163191661151e-05
0.468 5.579176498271085e-05 9.094237684987518e-06 4.0155036102115944e-05
0.49725 5.3757354631320966e-05 3.973662987027626e-05 3.976290266004658e-05
0.5265 6.274293760802623e-05 1.1488832497860615e-05 4.612092199097202e-05
0.55575 6.789557367017107e-05 4.40553883184495e-05 4.959607484958099e-05
0.585 8.609001111224717e-05 1.866476012208749e-05 6.280364935448785e-05
0.61425 8.392632112407177e-05 6.854876583507502e-05 6.446335082760106e-05
0.6435 0.00010040441104847149 2.0495881447174703e-05 7.911246159726037e-05
0.67275 0.00012053808731629523 7.648166357753111e-05 8.968080347638045e-05
0.702 8.145351732953124e-05 2.7277580254201526e-05 6.489033023129276e-05
0.73125 0.00010558406284186734 5.930421584622917e-05 7.97751374788811e-05
0.7605 0.00010567258401514217 2.1599196451978408e-05 8.527312802639865e-05
0.78975 0.0001170017539929579 0.00010587757439783056 9.190405737176227e-05
0.819 0.0001247985641560832 2.811464215521918e-05 9.597408314988223e-05
0.84825 0.0001310244851005489 0.00012574494226899315 9.621494959674898e-05
0.8775 0.0001714315206787809 4.611163191661151e-05 0.00013156702992822596
0.90675 0.00014087991933767652 9.7557413138103e-05 0.00010437715090182089
0.936 0.00017300585698604647 4.0155036102115944e-05 0.0001319577383322786
0.96525 0.000162299314080432 0.00010806535522067192 0.00012536475190832042
0.9945 0.00022446254034434016 3.976290266004658e-05 0.00017420077580661335
1.02375 0.00020722593888257274 0.0001277477438454371 0.00015272486171659285
1.053 0.0001365719579728574 4.612092199097202e-05 0.00010685425210634566
1.08225 0.00018458974690944996 0.00012378125727618213 0.00013596664253735989
1.1115 0.0001945285503440718 4.959607484958099e-05 0.00014523419157561307
1.14075 0.00016754414459486038 0.00015328074033641242 0.0001227860631452732
1.17 0.00020153852407892524 6.280364935448785e-05 0.00016081057619263576
1.19925 0.000238298119449629 0.00016090840479009288 0.00018727916179878682
1.2285 0.00020253021861851164 6.446335082760106e-05 0.00015446997107113004
1.25775 0.00016354702958662552 0.0002014773267948911 0.00012890818261252754
1.287 0.00024006921258118603 7.911246159726037e-05 0.0001790578870698284
1.31625 0.00023080913252043942 0.0002943836628085845 0.00017595152045115283
1.3455 0.0001890408051956622 8.968080347638045e-05 0.00014000609656319893
1.37475 0.00025591042523783115 0.0002317394334746173 0.00018719573265309515
1.404 0.0002306765832546788 6.489033023129276e-05 0.00017345637195305893
1.43325 0.00019004680184833976 0.0002531038372216243 0.0001451372276469447
1.4625 0.00019277956252202247 7.97751374788811e-05 0.00015532704781064514
1.49175 0.0002250967366735249 0.0002804969033960789 0.00017025000703695836
1.521 0.00019193096745345663 8.527312802639865e-05 0.0001450627257001205
1.55025 0.00020500582806062557 0.0003032812832215448 0.0001570796441052992
1.5795 0.00024109826313336221 9.190405737176227e-05 0.00016955168939041803
1.60875 0.00018079898911177867 0.0002187480904179295 0.0001390311599961111
1.638 0.0001995023105557619 9.597408314988223e-05 0.0001569647689604765
1.66725 0.0001922592610663472 0.00023346636984428464 0.00014567368430256071
1.6965 0.0002395126149836698 9.621494959674898e-05 0.00017661353677537176
1.72575 0.00019265828606140995 0.0003037476332680548 0.0001501871571297985
1.755 0.0001487500276038801 0.00013156702992822596 0.00011128509520410819
1.78425 0.00016431698138459419 0.0002988818399214031 0.00011952662950467429
1.8135 0.000165400482736066 0.00010437715090182089 0.00011990492238542266
1.84275 0.0001502917456281847 0.00040028349938914606 0.00011346989658184455
1.872 0.00013631004017586928 0.0001319577383322786 0.0001024774090746241
1.90125 0.0001503418928294349 0.0003190131219786788 0.00011034613257396918
1.9305 0.00010991499760286252 0.00012536475190832042 8.32037420574297e-05
1.95975 0.00013467792094878255 0.0005521556734465063 0.00010317163456799999
1.989 0.00014166552656989873 0.00017420077580661335 0.0001024608609955683
2.01825 0.0001177485393244667 0.0004417158426370811 8.967771301865604e-05
2.0475 0.00013657818173031007 0.00015272486171659285 0.00010740956572736896
2.07675 0.00010361774084048994 0.0003937161694925354 7.507913530068601e-05
2.106 8.88139407613238e-05 0.00010685425210634566 6.758335425574536e-05
2.13525 9.123723604690081e-05 0.0003935188807095967 7.065287057193984e-05
2.1645 9.884996194380615e-05 0.00013596664253735989 7.69414646424108e-05
2.19375 9.319785841955353e-05 0.0003552564311535239 7.463440428766608e-05
2.223 7.837842656910504e-05 0.00014523419157561307 6.449473914728425e-05
2.25225 6.559944640545232e-05 0.00038444338462061047 5.0376741601149305e-05
2.2815 6.831693590106022e-05 0.0001227860631452732 5.391996386818405e-05
2.31075 6.144258799271317e-05 0.00040487283681974574 4.571115331030846e-05
2.34 6.480970477414625e-05 0.00016081057619263576 4.843497417540024e-05
