0.02925 1.2379103135523916e-06 2.900530715184142e-06 9.096654299172655e-07
0.0585 5.507044814717604e-06 1.2280689538008124e-05 4.229444767939244e-06
0.08775 1.076358106941942e-05 2.4290390943985886e-05 7.954713158225403e-06
0.117 2.328231729650118e-05 5.125174926243429e-05 1.7232630774411107e-05
0.14625 2.5416671868833692e-05 8.011016538244982e-05 1.9987604670519273e-05
0.1755 5.690064186038915e-05 0.00011449429760834471 4.404136526215517e-05
0.20475 5.7822243331369265e-05 0.00012499285375778928 4.394702509621635e-05
0.234 5.7814673946032146e-05 0.00011781627333004063 4.375016303325692e-05
0.26325 9.647899949038844e-05 0.00024301214444449317 7.330833934685937e-05
0.2925 0.00010923271102799818 0.00021155612559267982 8.443709007515036e-05
0.32175 0.00012060699726382654 0.0002898177857849212 9.323729462581442e-05
0.351 0.00015953357369898562 0.00046293330889145035 0.00012100838078330212
0.38025 0.00017010964040672604 0.0003567387844753115 0.00012395092439868822
0.4095 0.00021294021419784336 0.0004986223456669586 0.00015919445634943928
0.43875 0.00022939205735236223 0.0004694469562866749 0.00017338053253901714
0.468 0.00024694220436548883 0.0006206713797955898 0.00018495740033764433
0.49725 0.0002658821505940018 0.0006420548528878952 0.00020486430546893665
0.5265 0.00028179528682438265 0.0005897747177179524 0.00022857138956956517
0.55575 0.0002699986028230352 0.000541090052314066 0.0002113007303173515
0.585 0.000291167521396277 0.0005334531855241036 0.0002152296613929461
0.61425 0.0002916182548221092 0.0005770146801773418 0.00023205922377549917
0.6435 0.0003511423784605405 0.000697710622133168 0.0002653699580412623
0.67275 0.00034579315817981067 0.0006548617302747211 0.0002738690000361612
0.702 0.0003569763505984735 0.0006823940278342189 0.00026556085059260283
0.73125 0.0003028638352323951 0.0007057850789364846 0.00023039730205201165
0.7605 0.0004036697582539446 0.0006982094655919124 0.00030782882742089586
0.78975 0.0003348960138486089 0.0007308646150036971 0.00024924396048029487
0.819 0.0003656440036855259 0.000781350994081119 0.0002783167630557335
0.84825 0.000367955700771185 0.0010605021424603118 0.0002785528003724046
0.8775 0.00033503434613246964 0.000735445641578422 0.00024930652731182835
0.90675 0.00039802657893647645 0.0010883674713995405 0.0003071054804167601
0.936 0.0004363632425495971 0.0009880781977539951 0.0003349516535175953
0.96525 0.0003365816053042745 0.0007890698481020344 0.00025420909530653396
0.9945 0.00028562924144268553 0.0005998214202365333 0.0002223599226625703
1.02375 0.0002979712293498071 0.0005788250559197345 0.00022131069638316596
1.053 0.0003052416028411737 0.0006119546201736676 0.00023018005343768125
1.08225 0.0003721371335462674 0.0006194085464995516 0.0002793778517882207
1.1115 0.00031247099446971336 0.0006719672088763858 0.00023678873585605912
1.14075 0.00032648359878035193 0.0007527287725967763 0.00025103795975660624
1.17 0.000279072218562869 0.0005866830285768194 0.0002078447172157656
1.19925 0.00025659184840845994 0.0005274987848820865 0.00019407325599816658
1.2285 0.00025849798495038325 0.0005551825512470636 0.00019609280481914355
1.25775 0.00021923882267575992 0.0005558688007709472 0.00017806106609250785
1.287 0.00019966923504840771 0.0005015315707663391 0.0001450012484497006
1.31625 0.0001719069837221747 0.0003963940664816306 0.0001295404082506682
1.3455 0.00018893519145303273 0.00039019965427565355 0.000144098104539557
1.37475 0.0001411938014893856 0.0002879065211847748 0.0001097918905011523
1.404 0.00013179571741502282 0.00035595617687266223 9.704332299777208e-05
1.43325 0.00011819510882966167 0.00025905327196105196 9.023813331511021e-05
1.4625 0.00012585948347143075 0.0002694995849819695 9.616998669914258e-05
1.49175 0.00010115559414266659 0.0002464728796061871 8.206873430065881e-05
1.521 7.974427069261283e-05 0.0001670900063839079 6.052643571001775e-05
1.55025 6.432284988836803e-05 0.0001437379015654671 4.717455761735769e-05
1.5795 5.6747620268665325e-05 0.00014350741989627264 4.29842456005309e-05
1.60875 5.228011533269451e-05 0.00010670568696481815 4.1198643770982744e-05
1.638 4.431966812116205e-05 0.00010642805332952463 3.5173893612102294e-05
1.66725 3.576322498388685e-05 7.944608855943727e-05 2.8145508149511366e-05
1.6965 2.553741338319249e-05 5.993335302891975e-05 1.9194775424006004e-05
1.72575 1.7701662910362114e-05 3.231977455720396e-05 1.2766186995571955e-05
1.755 1.463871104362186e-05 2.9182790295193913e-05 1.0477412617010553e-05
1.78425 1.3647574677765387e-05 3.3917393868063856e-05 1.0194258297064123e-05
1.8135 8.124436498863754e-06 1.6231439403837095e-05 6.037923996919609e-06
1.84275 5.741101544350293e-06 1.4742588350298414e-05 4.330117461279329e-06
1.872 3.6821782830616455e-06 7.6247867183302214e-06 2.741488312489016e-06
1.90125 2.4646891949411e-06 7.488915702097345e-06 1.9028411235097461e-06
1.9305 8.394628093051263e-07 2.0561933259974628e-06 6.125278983857708e-07
1.95975 4.2146715601286646e-07 8.637472464683751e-07 3.225150943109343e-07
1.989 1.738241603072192e-07 4.934687419364191e-07 1.350235086839521e-07
2.01825 2.149102876727781e-07 8.837968941262088e-07 1.6424410211138626e-07
2.0475 4.2469810937273294e-07 1.0723634397878185e-06 3.1938398651886634e-07
2.07675 8.875567158842637e-07 1.9533711811022133e-06 6.546419025639185e-07
2.106 1.7042100603652808e-06 3.871108853049715e-06 1.21607663163666e-06
2.13525 1.7646751502919497e-06 3.815710348381431e-06 1.2585375736284594e-06
2.1645 2.2287411907487213e-06 5.195537507235212e-06 1.6059243595727496e-06
2.19375 3.1412658003075203e-06 6.383270089564868e-06 2.2677790817617265e-06
2.223 4.134785177556653e-06 8.261662466354228e-06 3.0756629220796304e-06
2.25225 4.4122868949687365e-06 8.944921584776443e-06 3.3957026528431496e-06
2.2815 4.453722394850225e-06 1.1659206271872433e-05 3.3500652041915683e-06
2.31075 5.28037028929624e-06 1.0935272545773298e-05 3.794225205672132e-06
2.34 5.392476820557471e-06 1.1597820706263214e-05 3.93066587464611e-06
