0.02925 1.1067195829196097e-09 2.762461826533598e-09 8.547821328199303e-10
0.0585 1.4895220705480356e-08 3.350380499642404e-08 1.109138301949553e-08
0.08775 6.821826230710508e-08 2.102675178583325e-07 5.24611272730603e-08
0.117 2.75654237305343e-07 6.783218448336051e-07 2.1445409614617658e-07
0.14625 6.145358907794101e-07 1.4544568487090085e-06 4.628286261394331e-07
0.1755 1.0920232711801647e-06 2.3281659467315666e-06 8.257993883001499e-07
0.20475 2.6196643671593706e-06 5.691504657710543e-06 2.0391074697692965e-06
0.234 3.4551500964087643e-06 7.065807431137548e-06 2.626911975861534e-06
0.26325 6.150751477251588e-06 1.4818699176057407e-05 4.7512953713170105e-06
0.2925 9.016653577834804e-06 1.8122118353445073e-05 6.888508270938708e-06
0.32175 1.4480876324191017e-05 3.3079695096722103e-05 1.099826545010882e-05
0.351 1.828534625420623e-05 4.41669753166709e-05 1.4439999653394014e-05
0.38025 2.2163958601780986e-05 4.488789975384768e-05 1.752559330124778e-05
0.4095 3.0959279073431844e-05 6.268792709261606e-05 2.2954392069415343e-05
0.43875 3.801383482748059e-05 7.230751230485736e-05 2.9794938939786276e-05
0.468 5.304635988296863e-05 0.00012612074256373144 3.969307219183723e-05
0.49725 7.94727834601675e-05 0.0001893802473824171 6.071941005638537e-05
0.5265 7.735652520561795e-05 0.00016027639932414444 5.734404859150687e-05
0.55575 7.424603538702399e-05 0.00017860354088470375 5.6629662970167726e-05
0.585 0.00011089738948592996 0.00021913491713407423 8.470682128106061e-05
0.61425 0.00013293331696665218 0.0003176816320915356 0.00010257916343410197
0.6435 0.0001090887410008295 0.00024989381567349506 8.409416204180223e-05
0.67275 0.00016265476864621724 0.00031174955777599363 0.0001235227219365497
0.702 0.00016645756328458798 0.0004277032363267604 0.0001237502972068632
0.73125 0.00019237008366147182 0.0003419424393394557 0.000146373335123596
0.7605 0.00018981073546859252 0.000448110528828187 0.00014199385587251222
0.78975 0.000228052280839676 0.00048108144155486484 0.00017524852380363623
0.819 0.00022942944191307145 0.0005285602346311698 0.00016787726611598364
0.84825 0.0002720951957884965 0.0005971381797371161 0.00020891693833136003
0.8775 0.0003329924297355653 0.0008131993991004172 0.0002537280652907839
0.90675 0.00029607484044542843 0.0007087134081926912 0.00023183457860769118
0.936 0.0003543834136239449 0.0007424083980334833 0.00026117094666738036
0.96525 0.000307136726252372 0.0006168778469893133 0.00023367471847744067
0.9945 0.00031697950909208956 0.0006204619026095099 0.0002507555139880702
1.02375 0.0003529173760969004 0.0006677750775048775 0.00027991602377350753
1.053 0.0003253623953779865 0.000829278378272858 0.00024408690135270758
1.08225 0.0003663341979465975 0.0009401486523601968 0.0002912186178575393
1.1115 0.0003519373920433215 0.000649116043537434 0.0002694899901906332
1.14075 0.0003685034260027836 0.0009161877468045082 0.0002839825926183174
1.17 0.0004420946323164376 0.0010077084450078777 0.00032968209173509064
1.19925 0.0003857291954618319 0.000961905341750947 0.0002995382066885373
1.2285 0.00032539710987329254 0.0006839561748144288 0.00022552622400119832
1.25775 0.0003231070247729199 0.0007011688143054659 0.0002476117836498518
1.287 0.0002996079241886128 0.0006049321562846741 0.0002352327732252337
1.31625 0.00032014439588708783 0.0008735219348635878 0.0002456473911654215
1.3455 0.0002995666670886245 0.0007874186618280049 0.00023913866740780108
1.37475 0.00029413154772204767 0.0005833566320398408 0.00022405252441782433
1.404 0.00030481871961995845 0.0007120263824051047 0.00023374900720095747
1.43325 0.00027415105793359004 0.0006818860570607677 0.00020841335575327326
1.4625 0.0002615012115037585 0.0005749693544248521 0.00019407401563834243
1.49175 0.00019122937933167854 0.0004260360745408909 0.0001455930486504752
1.521 0.00020684402134330378 0.0005165409831858117 0.00015771843662616998
1.55025 0.00014416861051860487 0.0004312544860248923 0.00011151350494203392
1.5795 0.0001406706542616653 0.0002937861895976902 0.00011069627934374929
1.60875 0.0001264075853024185 0.0003241159785145278 9.689892557462707e-05
1.638 0.0001120279024640763 0.0002061602282589738 8.653503801144809e-05
1.66725 9.91763399153784e-05 0.00022258362043320925 7.641053554765324e-05
1.6965 7.102615529990731e-05 0.00015000170601509136 5.303534781522148e-05
1.72575 6.386953656095292e-05 0.00015221942811722712 4.831975780389263e-05
1.755 4.3379761870038526e-05 0.00010717383113677625 3.312287401254652e-05
1.78425 5.344748601199099e-05 0.00010274375817853336 3.988569441072998e-05
1.8135 2.2755243562372424e-05 5.8244399754264684e-05 1.741656270632414e-05
1.84275 2.4018237001496037e-05 4.35787948677296e-05 1.8086882510425254e-05
1.872 1.2044388749831122e-05 2.6340504306477653e-05 9.387286998015053e-06
1.90125 7.0411800856996535e-06 1.6222388521016477e-05 5.238472435672947e-06
1.9305 3.5168438455826914e-06 8.094210003534291e-06 2.6672218922941994e-06
1.95975 1.1888867713468421e-06 2.761465625027932e-06 8.857335648333991e-07
1.989 3.1397879555171245e-07 8.904377654024086e-07 2.4735630574259575e-07
2.01825 3.971037538866595e-07 1.3487273828272457e-06 3.034952705921256e-07
2.0475 1.3240417776721102e-06 3.041064147913938e-06 9.654740952506183e-07
2.07675 3.346427921479913e-06 6.70451949411287e-06 2.6719679643208144e-06
2.106 5.602558015005407e-06 1.1119698159226132e-05 4.2573122494647904e-06
2.13525 8.611486704851103e-06 1.9670539333784992e-05 6.7429664895162365e-06
2.1645 1.020726984353577e-05 2.6723433450760657e-05 7.958161754422525e-06
2.19375 1.559959838476209e-05 3.066900438929516e-05 1.1805993007497432e-05
2.223 1.729567490750999e-05 3.914774474671566e-05 1.295690847330489e-05
2.25225 2.3506695578713634e-05 4.9042199123865606e-05 1.8101994191783808e-05
2.2815 2.1078285688774833e-05 4.6809596970148457e-05 1.613612242500726e-05
2.31075 2.6679985269925135e-05 6.108652971375718e-05 2.0145504323046335e-05
2.34 3.304032919984499e-05 7.573623809218366e-05 2.475158470271454e-05
