0.02925 0.9998134919910439 0.00010930510009790616 0.0002917546517046782
0.0585 0.9998292605114135 9.487398121200155e-05 0.0002826491550871207
0.08775 0.9997969544255508 0.00012891382593114802 0.00031486434068440754
0.117 0.9998233928429292 0.00010204185606059179 0.0002899026737396519
0.14625 0.9998339482198978 9.866340481048623e-05 0.00027432723728483516
0.1755 0.9998339275470665 9.178260528908305e-05 0.0002491491229401714
0.20475 0.9998115323954295 0.00011202202784373729 0.00034013654259592587
0.234 0.99980381807294 0.00011507406716353837 0.00033222586792526975
0.26325 0.9997843754503374 0.0001329682506024315 0.00041950069672478047
0.2925 0.9997931303876277 0.00012374296733807348 0.00035590732394410535
0.32175 0.9998171269297716 0.00010326777260903386 0.0002866151884714656
0.351 0.9998037183435159 0.00011436263322153123 0.0002461445663248194
0.38025 0.9997978904004312 0.00010671614806678736 0.0002861396004756604
0.4095 0.9997968094944131 0.000109466765507511 0.0002743158438396752
0.43875 0.9997874244963545 0.0001171890191561069 0.00029053440426237575
0.468 0.9997902614109639 0.00011648867321159013 0.0003060908376900558
0.49725 0.9998070226405976 0.00010185142060966462 0.0002598202583626493
0.5265 0.999809342118607 9.899533134018643e-05 0.00025122576467656344
0.55575 0.9998112119176716 9.662740764901972e-05 0.00022809736254981758
0.585 0.9998064607593037 9.68467879453035e-05 0.000254711677867564
0.61425 0.9997944490702798 0.00010778299407980473 0.00026137722398306514
0.6435 0.9997995507669603 0.00011204906186521211 0.00035502197368981504
0.67275 0.9997985973259742 0.00010403847933236184 0.000293858631122971
0.702 0.9998017763784361 0.00010177701007490385 0.00023343850669170792
0.73125 0.999797566797032 0.00010847792756991846 0.0002459214662542868
0.7605 0.999774136933818 0.00012135302661220333 0.00024179590695614617
0.78975 0.9998004924257156 0.00010975073674795446 0.0002130809959440566
0.819 0.9998002368806249 0.00010743793324191128 0.00024330304457414602
0.84825 0.9997946151369246 0.0001021615256476057 0.00026728312242535744
0.8775 0.9997843500709708 0.00011559619701941526 0.0002522486201638679
0.90675 0.9998046369148565 0.00010034189617357423 0.00025781006077021967
0.936 0.9997742621114597 0.00011908288828861365 0.00025025210236111835
0.96525 0.9997734509577363 0.0001257189342799642 0.00028102145867952113
0.9945 0.9998015179463475 0.00010335191215605473 0.00020912383400590847
1.02375 0.9997804168697315 0.00011949207962507337 0.0002805815978717207
1.053 0.9997819496710304 0.00011438749709044193 0.00022938067666109418
1.08225 0.999797181921252 0.00010836095782362984 0.00024109824729274184
1.1115 0.9997848312115858 0.00011937422437870661 0.0002442030167055907
1.14075 0.9997648411659412 0.00011651219539523938 0.00021815171579594157
1.17 0.9997798159589706 0.00011821266828319458 0.00028435808162658555
1.19925 0.9997973899958226 0.00010832676105701703 0.000266421025939598
1.2285 0.9997860135732695 0.00010607576472432911 0.00022780824871831284
1.25775 0.9997804889105751 0.00011831271493489682 0.0002406192059289552
1.287 0.9998052016679077 9.8823512094174e-05 0.0001729099722773277
1.31625 0.999785586074344 0.00011487706955188272 0.0002373112335576679
1.3455 0.9998078560951608 0.00010346985784392874 0.00023843585498800954
1.37475 0.9998078116407058 0.00010354380047826857 0.0002602243487096363
1.404 0.9998140660650321 9.178638308196523e-05 0.0001730258737188627
1.43325 0.9997962934024952 0.00010748766391514245 0.0003010622479178884
1.4625 0.9998131677459949 0.00010332394299209806 0.00019100933359047486
1.49175 0.9997912229064225 0.00010325510109128188 0.00024415488246643197
1.521 0.9998170864442354 9.308994051927966e-05 0.0002043676389966312
1.55025 0.9998096690085825 9.795534366594879e-05 0.0002263660038538073
1.5795 0.999819058537918 9.321785219000243e-05 0.0002026872634092387
1.60875 0.999824203390261 9.215079732095682e-05 0.0002614248059456174
1.638 0.999824778126213 9.100805025361698e-05 0.00023432548023453008
1.66725 0.9998372808824513 8.03106586432141e-05 0.0002400626120835976
1.6965 0.9998291396037305 8.585973187915567e-05 0.00018929521048129726
1.72575 0.999856193877342 6.994714637162994e-05 0.0001496577572126705
1.755 0.9998513904836597 7.197776660006008e-05 0.0001887066325531695
1.78425 0.9998325882466239 8.649079630996375e-05 0.0002337130105812444
1.8135 0.9998419051205352 7.719319392007167e-05 0.00023910103825699973
1.84275 0.9998575913790841 6.914420820439201e-05 0.00017019512582399008
1.872 0.9998577742468788 6.906778941903384e-05 0.00021229156363903676
1.90125 0.9998735277242748 5.80944433181686e-05 0.0001596154122508686
1.9305 0.9998792459766824 5.400947443920201e-05 0.00012035678325323135
1.95975 0.9998751685166033 5.512670516847251e-05 0.00013201860410003984
1.989 0.9998764629109335 5.564018355096307e-05 0.0001568238714781178
2.01825 0.9998811186564731 5.531987280039026e-05 0.00012549817854599468
2.0475 0.9998800976553085 5.372430900441469e-05 0.00014295720894721124
2.07675 0.9998813865554051 5.594609540981907e-05 0.00015872159683029627
2.106 0.9998901706352444 4.7896619009829855e-05 0.00014521809293459995
2.13525 0.999908796933151 3.5059453149374074e-05 8.728537912045594e-05
2.1645 0.9999113017446385 3.416478184136514e-05 8.425488317339201e-05
2.19375 0.9999012269387577 4.248856772028342e-05 0.0001087393742510124
2.223 0.9999088208164071 3.543604367330527e-05 9.621723532520507e-05
2.25225 0.9999214272600508 2.748930072903664e-05 6.587642161543697e-05
2.2815 0.9999190914821351 2.8204534296649204e-05 8.256153568523946e-05
2.31075 0.9999235701635146 2.5270255544191094e-05 6.670604737349996e-05
2.34 0.9999284148105815 2.179209332644266e-05 6.395693527250415e-05
