0.02925 1.4141645296303503e-07 3.5094284549325957e-07 1.0866421513121059e-07
0.0585 4.665336697971499e-07 1.1244158101681646e-06 3.551309498684749e-07
0.08775 1.0047515231560632e-06 2.3089294214243406e-06 7.429044407217983e-07
0.117 1.7236684108134874e-06 3.7739856021390014e-06 1.2973012454659838e-06
0.14625 3.003315723463805e-06 6.557556142611297e-06 2.175599117957365e-06
0.1755 3.881117915875664e-06 9.659278598936864e-06 2.9360609340305954e-06
0.20475 4.6392030143593526e-06 9.48733291855422e-06 3.388211013942461e-06
0.234 7.37769885561283e-06 1.7724378120336906e-05 5.652579953957883e-06
0.26325 8.632211811426593e-06 1.902463995403661e-05 7.10514907977161e-06
0.2925 1.179486354914286e-05 2.558543651005293e-05 8.86561446242766e-06
0.32175 1.3501930671962754e-05 2.250369467680566e-05 1.0029505718467208e-05
0.351 1.8129892824757253e-05 4.177652340067379e-05 1.3956691188380824e-05
0.38025 2.0622798313677466e-05 5.067665067959023e-05 1.6149482483232885e-05
0.4095 2.3311752352939464e-05 6.11566955939748e-05 1.7447197911079615e-05
0.43875 2.8330448923511762e-05 6.169356004811285e-05 2.1041738902932883e-05
0.468 2.712358479464827e-05 5.8266092557603896e-05 2.1191589468588654e-05
0.49725 3.1061819132630655e-05 7.022721043762459e-05 2.4239756244491443e-05
0.5265 3.299172934845463e-05 8.346092149647661e-05 2.5345312705862854e-05
0.55575 4.131242454993623e-05 9.418364552996293e-05 3.101880831466667e-05
0.585 4.642043433860822e-05 9.077042963696702e-05 3.353868889966415e-05
0.61425 4.6306639067314435e-05 9.917476855992842e-05 3.521472229394405e-05
0.6435 5.158405656721375e-05 0.00012032131692556103 4.10426045785946e-05
0.67275 4.698454286033538e-05 9.263698849645746e-05 3.492407887472749e-05
0.702 5.7971057543704866e-05 0.00011813000088565622 4.3318176820696554e-05
0.73125 6.797142518051012e-05 0.0001522834054447751 5.508237041614832e-05
0.7605 6.200370535857767e-05 0.00015375850035350802 4.7973826622811484e-05
0.78975 5.664005383981469e-05 0.0001297201092260622 4.467352221566241e-05
0.819 6.41996617951853e-05 0.00014294348442167327 4.9278521532308576e-05
0.84825 7.118583777206608e-05 0.0001393088820491885 5.558000563209296e-05
0.8775 7.876425069249925e-05 0.00017152903753690348 6.273112757810113e-05
0.90675 9.277667814169371e-05 0.00022055204821461088 6.903647792075066e-05
0.936 9.202124153553305e-05 0.00021462955666296535 7.173535984729289e-05
0.96525 6.900578716772232e-05 0.00016852729852685324 5.1769936088089725e-05
0.9945 8.507322332971514e-05 0.00016376377870812908 6.268522368232127e-05
1.02375 8.78652691671007e-05 0.00018565047137486933 7.193363661940473e-05
1.053 8.846411812058752e-05 0.00019039555724663991 6.828836405368548e-05
1.08225 9.347269174382048e-05 0.00019880619262572393 7.420297447613767e-05
1.1115 9.417090429201292e-05 0.00022393481989983364 7.541113702748014e-05
1.14075 8.698865884885322e-05 0.0001558562475757181 6.497773130607592e-05
1.17 0.00010172782653691374 0.00022285333686224962 7.71892673171981e-05
1.19925 9.227265978208929e-05 0.0001979236616516635 7.280432505583827e-05
1.2285 0.00010065594891910404 0.0002281413679986029 7.754669139407255e-05
1.25775 0.00011354892050284008 0.00027862168480993776 8.669208381580971e-05
1.287 0.00011218083909045937 0.0002744997430575916 8.791974566525751e-05
1.31625 0.00010390543440197465 0.0002825874473894237 8.025175671138896e-05
1.3455 0.0001056294426365388 0.0002008063024485705 8.057627826777239e-05
1.37475 9.767918598465876e-05 0.0002134618895326199 7.553054171168972e-05
1.404 9.031809162574615e-05 0.0001966675386698744 6.979709784918762e-05
1.43325 0.0001155355576160734 0.00026491144461820136 8.874339771774509e-05
1.4625 0.00010223513827714685 0.0002856881833502767 7.828683125322973e-05
1.49175 9.534301451418458e-05 0.00023317083318789394 7.085331568304776e-05
1.521 8.972013083911161e-05 0.00018502513667406406 6.778912453390102e-05
1.55025 9.241727738466925e-05 0.00018473017470916256 7.047326109065437e-05
1.5795 0.00010900620901176217 0.00023815755645537428 8.390856353962567e-05
1.60875 0.00010962806731982897 0.0002552640555876113 8.666719448129572e-05
1.638 0.00010771781335446186 0.0002550049423511526 8.258001158558226e-05
1.66725 0.00010012190826337332 0.00022927316094747697 7.88120005796045e-05
1.6965 9.829900181773084e-05 0.0002630266691842324 7.460856473534895e-05
1.72575 0.0001044794655067368 0.00022649324416380468 8.058275745054427e-05
1.755 8.666109083789886e-05 0.00016402759892935245 6.86845223192896e-05
1.78425 8.082889154245602e-05 0.00014852327104288474 6.32626053249642e-05
1.8135 8.762687281681243e-05 0.00016550467664413617 6.356552873681638e-05
1.84275 8.78429705537094e-05 0.00030670356010142815 6.755522169683595e-05
1.872 6.90673307188204e-05 0.0001389956426124095 5.239582107333362e-05
1.90125 6.444865732335948e-05 0.00014753064859504832 4.868564217042555e-05
1.9305 6.317406533211492e-05 0.00016038144783633786 4.693396989002833e-05
1.95975 6.317758153949722e-05 0.00012808491177038853 4.769111013362049e-05
1.989 6.056933042969941e-05 0.00010196084389355972 4.643609511665078e-05
2.01825 5.886931974381707e-05 0.00011386251637365965 4.727461944548128e-05
2.0475 6.255058916745044e-05 0.00014748764765016247 4.84483855503144e-05
2.07675 5.8691580972650045e-05 0.00012615402178953913 4.383100442113006e-05
2.106 5.805523146907045e-05 0.00013168571799002956 4.5081290404727234e-05
2.13525 5.6724468145116986e-05 0.00012038401158386218 4.215945961280208e-05
2.1645 4.5312791836319125e-05 8.562316142484601e-05 3.473067188024649e-05
2.19375 3.620655131871903e-05 6.762615440287821e-05 2.739027743836872e-05
2.223 3.604937975123915e-05 9.705231706255013e-05 2.784585804618266e-05
2.25225 3.8171794058193104e-05 6.462906161530771e-05 2.9530903683215112e-05
2.2815 2.8872122716594736e-05 7.509670149236684e-05 2.201094441826674e-05
2.31075 3.0798239806699155e-05 6.953897935018897e-05 2.2912554102366604e-05
2.34 2.6085714654328264e-05 4.175087602591111e-05 1.9425437726458393e-05
