0.02925 0.9998318033717806 9.843085009097624e-05 0.0002580658500780362
0.0585 0.9997925907339774 0.00012511144584709586 0.0003424065164783748
0.08775 0.9998312330205239 9.77307468929455e-05 0.0002916766062239085
0.117 0.9998185319725978 0.00011313298736432267 0.0003103129525484724
0.14625 0.9998216953729131 0.00010716850780129811 0.00029476171790030197
0.1755 0.9998345934527871 9.288066041804828e-05 0.0002807421725033929
0.20475 0.9998137432884966 0.0001102330935027207 0.0003958557736877913
0.234 0.9998287084190989 9.501704612643273e-05 0.000270935876718729
0.26325 0.9998207606832787 9.782688902177649e-05 0.0002808653435329908
0.2925 0.9998350346379559 8.825373017098904e-05 0.00026034277494094366
0.32175 0.9997994215188034 0.00011415352922863307 0.0002626746956113905
0.351 0.999843714473785 8.237985197298533e-05 0.0002511341894619179
0.38025 0.9998057085197982 0.00010577198674761419 0.0002945878165071858
0.4095 0.9998127926359726 9.948037380210593e-05 0.00029584851764551497
0.43875 0.9998141069577287 0.00010247463438738852 0.00031809142731536284
0.468 0.9997953612324827 0.00011502863318110176 0.0002817948578644494
0.49725 0.9998066121625349 9.964067358536758e-05 0.0002421001517580145
0.5265 0.9998096397217175 0.00010520551661806273 0.00021573117744066767
0.55575 0.9998100238700235 9.995153573942363e-05 0.0002929530304624962
0.585 0.9997909256988591 0.00011520771641688901 0.00039421344605682145
0.61425 0.9997905086448504 0.00011713754125543561 0.0002793294390149557
0.6435 0.9998118108935162 9.88551740788547e-05 0.00028265948305827534
0.67275 0.9998043420557414 0.00010301421594989948 0.0002479953326865259
0.702 0.9997929765438545 0.0001127538186447832 0.00023948327036215004
0.73125 0.9997966379187815 9.938973610421027e-05 0.00022662940787359135
0.7605 0.9997870264802678 0.0001112515743400566 0.00023954371191628395
0.78975 0.9997540314167144 0.00012827393183937748 0.000325173550270057
0.819 0.999762460305245 0.00013097557595123565 0.00033461666435407163
0.84825 0.9998076281464918 0.0001005434162402502 0.00020301874603720251
0.8775 0.999806427349593 0.00010611497153382054 0.00023782901026889625
0.90675 0.9997700297939102 0.00012084769409828352 0.000220024441074764
0.936 0.9997816106793106 0.00011762427851410259 0.00023345893462360808
0.96525 0.9997794524090335 0.00011067708340436733 0.0002619059090848686
0.9945 0.9997750567049818 0.00012079030933661245 0.00023999552608692157
1.02375 0.999785887147776 0.00010971824451049584 0.0002638626564515526
1.053 0.9997764741803868 0.00011713399377065587 0.00023219345645424035
1.08225 0.9997846264507549 0.00011713684931941564 0.0002497592087968618
1.1115 0.999783829389399 0.00011310623909035136 0.00021599332913365776
1.14075 0.9998036859987073 0.00010356337335054187 0.00024348597135498805
1.17 0.9998030000430549 9.774177536127257e-05 0.00018595130763237157
1.19925 0.9997800681394929 0.00011289889465084286 0.00022171135314147624
1.2285 0.9998007232757593 0.00010014535696048981 0.0002143353961084004
1.25775 0.999812630461203 9.777492805111033e-05 0.00018264095209519622
1.287 0.9998051522639833 0.00010809716023615971 0.00023760229863124517
1.31625 0.9998116109265177 9.514951750924654e-05 0.00018791910600527898
1.3455 0.9998059329207158 9.911007137517871e-05 0.00019502833817646332
1.37475 0.9997981339233292 0.00010171538522493143 0.00024250548761806809
1.404 0.9997927053781654 0.0001151450704536743 0.0002464157352455623
1.43325 0.9998149349731342 9.794834186658302e-05 0.0002545933398391826
1.4625 0.9998048249718272 0.00010108491666675872 0.00023691357914360983
1.49175 0.9998072653924629 0.00010210940824197818 0.00023841505128321697
1.521 0.9997999732945324 0.00010789792328152564 0.0002758380365945513
1.55025 0.9998295635290552 8.804838370727119e-05 0.00018360214015489238
1.5795 0.9998210834044156 8.82556184247752e-05 0.0002445410004052864
1.60875 0.999812866114643 0.00010318886605197779 0.0002543125267299169
1.638 0.9998264759063251 8.632996552171757e-05 0.0001928639595018519
1.66725 0.9998603048007473 6.882446581345927e-05 0.0001710122977413594
1.6965 0.9998459919138394 7.63590056087881e-05 0.00021918754864568411
1.72575 0.9998433598721956 7.645934361850355e-05 0.00020754343087205546
1.755 0.9998465808183351 7.626686384620735e-05 0.00021836798854876698
1.78425 0.9998573677769466 7.116831761325707e-05 0.00015210553305029648
1.8135 0.9998490956454154 7.255756703570472e-05 0.00017480530081024663
1.84275 0.9998500236996 7.527529614268427e-05 0.00019507896393039113
1.872 0.9998601438712186 6.716072057276816e-05 0.00018384322157357288
1.90125 0.9998741461174133 5.6421464540027756e-05 0.00012634834046738197
1.9305 0.9998639507465739 6.058534209417363e-05 0.00015548804329158664
1.95975 0.9998701939048855 5.7598375874606315e-05 0.00015343086883154794
1.989 0.9998924818045255 4.45503678406273e-05 0.00011702300895087038
2.01825 0.9998892355408258 4.7187888735987405e-05 0.00012843932036880678
2.0475 0.9998895223147213 4.833077584492144e-05 0.0001281423679975276
2.07675 0.9998898118572788 5.050999571269869e-05 0.00013915602033978122
2.106 0.9999123619087286 3.228913396544208e-05 7.324855290620728e-05
2.13525 0.9999070910730947 3.78740380253423e-05 9.883983014392847e-05
2.1645 0.9999070401795704 3.6603255088328046e-05 8.269491545762841e-05
2.19375 0.9999047712292637 3.812523386889538e-05 0.00010781744369969272
2.223 0.9999096497770427 3.509094135016291e-05 8.187741555119097e-05
2.25225 0.9999179384549471 2.9639469966008393e-05 7.666751982794783e-05
2.2815 0.9999218032148453 2.585984106622221e-05 6.574281761419111e-05
2.31075 0.9999251059134301 2.4184548254321212e-05 7.147510159633347e-05
2.34 0.9999231034040271 2.4932930923828083e-05 7.552770316876095e-05
