0.02925 1.2885191575533395e-06 2.624400968444807e-06 9.536925697938064e-07
0.0585 4.616271523897382e-06 1.0796795802029893e-05 3.62005327955483e-06
0.08775 1.080888403211739e-05 2.2811931589257822e-05 8.10226456376887e-06
0.117 1.9933664757855655e-05 4.8467467864067484e-05 1.4436370021571123e-05
0.14625 3.129847960626219e-05 5.9754453728071076e-05 2.3448536928055053e-05
0.1755 4.569310370336623e-05 0.00011075278670409104 3.3641112439244796e-05
0.20475 4.993628556033019e-05 0.00012353608703687124 3.9074376143520396e-05
0.234 6.569973644136603e-05 0.00012154263507429487 5.087352978822403e-05
0.26325 8.270663398040775e-05 0.00019130169061183522 6.56408130501438e-05
0.2925 0.00011118562929241879 0.00021618866717888112 8.406758947031351e-05
0.32175 0.00012721088507652712 0.000270295159455941 9.624547717062072e-05
0.351 0.0001420654584519923 0.0002970337569920953 0.00010637475860297672
0.38025 0.00016462722323470658 0.000455909825144895 0.00012452498719774325
0.4095 0.00020310048702334828 0.0006533582928056977 0.00015588114804730328
0.43875 0.0001887075351479038 0.0003828171864246175 0.00014641931213251068
0.468 0.00027813205998746335 0.0005794093621855127 0.0002085859414325132
0.49725 0.0002620188167277517 0.0006261212577870546 0.00019610622736759896
0.5265 0.0003060855739571989 0.000630200551294928 0.0002323149066065288
0.55575 0.0002926599322540961 0.0007860400031900786 0.0002282982580165902
0.585 0.0002879111531034902 0.0006172286215561384 0.00022363945698245538
0.61425 0.0002655407005608197 0.0006140516646057905 0.00020701724910368428
0.6435 0.00033721035017179304 0.0008634795706341407 0.00025217678388391606
0.67275 0.00038607474486271364 0.0008232141705614022 0.00030050515901829697
0.702 0.00035568824670931547 0.0006511589971721548 0.00027666487824655136
0.73125 0.0003644222198162618 0.0009004094835147126 0.00027605033084391613
0.7605 0.00035996514559971866 0.0007757702250027303 0.0002790699533651232
0.78975 0.0003627340869950948 0.0006740477120369725 0.00027113436261882816
0.819 0.0003959186281369133 0.0008902890259455786 0.0002869861746800463
0.84825 0.0003573195265673417 0.0007764402564398005 0.0002686345426620952
0.8775 0.0003447367875731728 0.0007869864373408814 0.00027417196756488474
0.90675 0.00037233425848462876 0.0009415288250931328 0.00027379690909402074
0.936 0.0003433455763556359 0.000810316061816076 0.0002519121654694168
0.96525 0.0003196277494930731 0.0006648482391616007 0.00025348877152634315
0.9945 0.00031890653678014484 0.0007497798841219833 0.000247409765582712
1.02375 0.00030005598730035955 0.000787001356026647 0.00023007051863789223
1.053 0.0002695221780434978 0.0005246048226349764 0.00019599587215810458
1.08225 0.0004116487124523759 0.0009695657418658829 0.00031895354863707926
1.1115 0.0002698580700105007 0.0006150066601390826 0.00019613855825616086
1.14075 0.0003073563374607667 0.0007084028535097142 0.00023548543997979442
1.17 0.0003313270205074963 0.0006883722085356764 0.0002563655545286204
1.19925 0.00023393905364127402 0.0005983907386427097 0.00018095717117672347
1.2285 0.00024546195593470074 0.0005817039461709337 0.0001836770439566576
1.25775 0.00020579026497547233 0.0004321478166538666 0.00015743342421515056
1.287 0.0002299193048425493 0.0004084656406004127 0.00017498275588811158
1.31625 0.00016600888763790156 0.000331961518483147 0.00012564621552498995
1.3455 0.000196073123774305 0.00042083947699611866 0.00014465799005375802
1.37475 0.00015242977116096027 0.00027293112593398624 0.00011666654300467524
1.404 0.00012784667374894583 0.0002696293036349784 9.835551595860377e-05
1.43325 0.0001295538187350106 0.0003020042751784417 9.743812053176019e-05
1.4625 0.0001005355746389632 0.00026989501939264296 7.602928136203518e-05
1.49175 8.461776280321655e-05 0.00016397048639392336 6.47960932968995e-05
1.521 0.00011034450769112116 0.00023886547186173333 8.238105044081739e-05
1.55025 6.420196930735888e-05 0.0001538249326067338 4.818834991871322e-05
1.5795 5.0208693557439816e-05 0.00010451572679114174 3.852883528889414e-05
1.60875 4.875564738814441e-05 0.00012194976905653386 3.7710331790535465e-05
1.638 3.547829752392563e-05 6.830101191327063e-05 2.7348773543175623e-05
1.66725 3.431060247208834e-05 9.04890231360707e-05 2.5874240835741046e-05
1.6965 2.6325688534210783e-05 5.395274773363141e-05 1.9485551989849822e-05
1.72575 2.1153632814522347e-05 5.365289816711502e-05 1.6147484087665532e-05
1.755 1.404947900671978e-05 4.053839663187701e-05 1.041055517735661e-05
1.78425 1.151736186255578e-05 2.8455974290767683e-05 8.70162040238724e-06
1.8135 8.503602454900039e-06 1.841968456776685e-05 6.420671262216513e-06
1.84275 6.200650066568496e-06 1.4232254972972198e-05 4.6791910965245894e-06
1.872 3.38856201985519e-06 8.869236504986937e-06 2.5577155427479186e-06
1.90125 1.6158195167516082e-06 4.033729600919152e-06 1.2237738025960741e-06
1.9305 1.157996347755611e-06 3.057616357030902e-06 8.827146578152061e-07
1.95975 4.803513716886025e-07 1.4031210709080822e-06 3.7909881227405426e-07
1.989 1.7577543764221858e-07 7.181101977481716e-07 1.3992415414638715e-07
2.01825 2.2881901942307908e-07 8.250150842771893e-07 1.7905675730002275e-07
2.0475 4.4840204790708936e-07 1.558231313674653e-06 3.263626716242348e-07
2.07675 8.002975603015847e-07 1.9592398771959576e-06 5.981601398154814e-07
2.106 1.3872401428883692e-06 2.9833134935716477e-06 1.052103476985473e-06
2.13525 1.988734762729708e-06 3.695048293612535e-06 1.4512131186254431e-06
2.1645 2.30900175290147e-06 4.9318351301485595e-06 1.7128813510486842e-06
2.19375 3.963922007293069e-06 8.529727238742043e-06 3.0377760764822108e-06
2.223 3.457130114729878e-06 7.4598065960676635e-06 2.583257463545982e-06
2.25225 4.085879937679704e-06 8.626833379971198e-06 3.0294178495334732e-06
2.2815 4.8575173611566895e-06 9.346043309898077e-06 3.6949238528695654e-06
2.31075 5.5211428297239826e-06 1.0176807442955737e-05 4.090444972402542e-06
2.34 5.0660839916454515e-06 9.95883003504713e-06 3.822501387445408e-06
