0.02925 7.63423602449043e-10 1.7153618002943707e-09 5.75344186824795e-10
0.0585 1.4338907599551058e-08 3.2910439774501105e-08 1.1207345424470755e-08
0.08775 7.25362518440218e-08 1.4939266682377398e-07 5.495158805996112e-08
0.117 2.3723506294112865e-07 4.839938832799931e-07 1.7699080935008962e-07
0.14625 6.749656941441639e-07 1.8811981550989149e-06 5.372100205820457e-07
0.1755 1.4651128694853356e-06 2.5917060461788584e-06 1.106049433858597e-06
0.20475 2.5914044454774494e-06 5.371385888076849e-06 1.975658924345338e-06
0.234 3.81748348738812e-06 8.62100888733443e-06 2.993092636332073e-06
0.26325 6.680978172808065e-06 1.3334429221390099e-05 5.0218817057046655e-06
0.2925 9.56017281730986e-06 2.171941803294997e-05 7.211452408289494e-06
0.32175 1.3379771663578353e-05 2.9589101799086865e-05 1.037404944413536e-05
0.351 1.4406392195375162e-05 3.081212086383561e-05 1.0729407517724186e-05
0.38025 2.343975895565803e-05 4.50643215772852e-05 1.8010699303672185e-05
0.4095 3.183714011953521e-05 6.47383602646905e-05 2.501513624461032e-05
0.43875 4.260157042291408e-05 9.373857131331422e-05 3.1640982976966936e-05
0.468 4.2375975982389e-05 0.00012525713137191886 3.344831877783173e-05
0.49725 5.892127382415853e-05 0.00013163038844479126 4.631990004007453e-05
0.5265 7.677608941145696e-05 0.0002031319053633584 6.036157224051432e-05
0.55575 8.234478080710807e-05 0.0001837109349026775 6.14774717503903e-05
0.585 8.307740431381351e-05 0.00018673460994607323 5.870390428331134e-05
0.61425 0.00010846224997636223 0.0002366780893968208 8.36446794731054e-05
0.6435 0.0001359289388775222 0.00031053662598544185 0.00010251709754187468
0.67275 0.00017891662058633622 0.0003534582952575348 0.00013301373067234557
0.702 0.000155994604882644 0.0005214091926579454 0.00011630569016168939
0.73125 0.00020208724865741578 0.00046505583337199774 0.00015209104796831357
0.7605 0.0002410104951683917 0.000555481050929629 0.0001973880110536212
0.78975 0.00023447195985425596 0.0004043121763110913 0.00018503495084512352
0.819 0.00020053749818291778 0.0004172215253897863 0.00015153944018941266
0.84825 0.0002467736347582622 0.00048175708014796083 0.0001948835472841259
0.8775 0.00024599474285586604 0.0005308490726735042 0.00018769290218874585
0.90675 0.00035109332058216994 0.0009181108427158312 0.0002712683764256498
0.936 0.00033233925069981076 0.0007094583517062767 0.00025491758343188436
0.96525 0.0004121981929866647 0.0009798022258521951 0.0003168887888708167
0.9945 0.00035251050113718215 0.0009346655461231119 0.0002784117784538714
1.02375 0.00036770172213093313 0.0006746478953316241 0.00028748408427157573
1.053 0.0002995306174893499 0.0006395925893999493 0.00022346681769074852
1.08225 0.0003224931174935616 0.0006371821942506322 0.0002504029155357081
1.1115 0.00039104453338901954 0.0007754665914350994 0.00030181344153458397
1.14075 0.00032187949252796043 0.0008253521193822382 0.00023713618633910733
1.17 0.0003158065479966191 0.0008079249746626048 0.00023374911091111853
1.19925 0.00037662403684775677 0.0008023671053280468 0.00028722568044597664
1.2285 0.0003486149386325599 0.000626850118012266 0.00027487337377078783
1.25775 0.00038389554124965906 0.0009513479994041194 0.0002877415034450429
1.287 0.00030075682786832647 0.0006011849555392792 0.00024235549034093466
1.31625 0.00037158079021464257 0.0007459831668616831 0.0002864878853151441
1.3455 0.0003010782113466289 0.0005425706137864604 0.00023530449113049848
1.37475 0.0002592719917018173 0.00045479201107251837 0.00020057618002007635
1.404 0.00026085623298802667 0.000545484289114318 0.00020417412312627174
1.43325 0.0002700169689998066 0.000647607326909421 0.00020602736132040422
1.4625 0.00022736615346741248 0.00048342358884743525 0.00017401520938725747
1.49175 0.0002069276889853881 0.0005310036895654441 0.00015445569855473962
1.521 0.0002109748796365141 0.0004104444920922432 0.00016029957225759765
1.55025 0.00017955590887244784 0.0003675480247246265 0.00013819703361031414
1.5795 0.00013480711029152849 0.0002875326887894195 0.00010123029456185365
1.60875 0.00011825879139015356 0.0002796671266387933 9.067867655371656e-05
1.638 0.00010966336961647685 0.00018378808001866994 8.576629050358162e-05
1.66725 9.564261506329606e-05 0.0002037696437804819 7.471314529525875e-05
1.6965 8.679678653543322e-05 0.00018434226809106307 6.227383634345211e-05
1.72575 5.802209814908428e-05 0.0001083519776662036 4.442106893024813e-05
1.755 5.1505389069963214e-05 9.849088432192022e-05 3.773297632082902e-05
1.78425 3.657465994895968e-05 7.007222814284719e-05 2.7779805434187596e-05
1.8135 2.3026981876909632e-05 4.432334094842077e-05 1.7102130139113515e-05
1.84275 1.8298050068394167e-05 4.2001315961351904e-05 1.389127173997159e-05
1.872 1.3197013462671381e-05 3.155601096375414e-05 9.649485857585772e-06
1.90125 6.79469083032487e-06 1.5933975846903055e-05 5.1442337774346616e-06
1.9305 3.7023673722362e-06 7.854090797067074e-06 2.7574300609374218e-06
1.95975 1.1510120750804649e-06 2.8109271841334085e-06 8.726110257605027e-07
1.989 2.6001625641347807e-07 1.2496004014620939e-06 2.0395943303245872e-07
2.01825 3.9883548115505114e-07 1.019034629016262e-06 2.976656863706907e-07
2.0475 1.5246702536025496e-06 3.5946078704664613e-06 1.1701990199490796e-06
2.07675 2.8403284507338374e-06 5.967693807806662e-06 2.1287405442886288e-06
2.106 6.010765931164449e-06 1.5580088062867643e-05 4.750785479800568e-06
2.13525 9.034363117463032e-06 1.87859080398092e-05 7.019976947708264e-06
2.1645 1.0671712983438743e-05 2.4613373037568012e-05 8.070655527961154e-06
2.19375 1.708521803471342e-05 3.3552727140568454e-05 1.2501892523148293e-05
2.223 2.0495069058648275e-05 4.586069892622653e-05 1.5561414335531917e-05
2.25225 1.928393627352673e-05 4.227639764835514e-05 1.4973780033935048e-05
2.2815 2.3574798326960038e-05 4.676664784986258e-05 1.8207479831775794e-05
2.31075 3.313018390549737e-05 7.082602646993738e-05 2.441086540044246e-05
2.34 2.9911147322100525e-05 6.244283335656749e-05 2.2734380137059877e-05
