0.25 0.0058323764747615255 0.004487713374495171 0.013842064154949717
0.3 0.008560055411607424 0.006533810033053621 0.019349496900155656
0.35 0.012649920061883244 0.00946505515624524 0.02774650134323448
0.4 0.014589456820728819 0.010894365759603425 0.0306185347619025
0.45 0.017719584051837833 0.013316156589202518 0.038318492992151135
0.5 0.023474403318018915 0.017829494380660862 0.057081930452524375
0.55 0.02564571224092463 0.019399489359340275 0.06481785941778012
0.6 0.02953769410961203 0.022339108054573634 0.0673393328997884
0.65 0.03489514491528571 0.02628188970636648 0.07775296346699397
0.7 0.0390424023442469 0.03020544581757348 0.08684152874884583
0.75 0.03992384755419656 0.030073385044459295 0.07833693446918101
0.8 0.04706963665925178 0.0358315267324301 0.09902706042281392
0.85 0.04857395528300946 0.03711719746775287 0.10443126075682804
0.9 0.048013576397001156 0.036234248298185896 0.10634766764533059
0.95 0.05379756470427503 0.03981348186159678 0.1064447274547078
1.0 0.05435088457747464 0.041181820619983614 0.11960132745186057
1.05 0.05529034825565402 0.042511266372175095 0.11638224279816897
1.1 0.060255092281970735 0.04494729438716701 0.12817534142519782
1.15 0.07054796865371561 0.05240865040583275 0.14049805826862338
1.2 0.06039422431670388 0.04562341106064912 0.1099320024121638
1.25 0.06227614895369927 0.046512880035294815 0.12019145023858671
1.3 0.06592119238619781 0.04924308952925717 0.13392302618963917
1.35 0.07074700103939802 0.05236287946421034 0.12471017271597117
1.4 0.06779181154121733 0.04995478560602801 0.14005679706644797
1.45 0.07668124842076121 0.05569511224396548 0.1577894061518599
1.5 0.0672009063347872 0.049018437797296456 0.12321616787258967
1.55 0.07162987139905837 0.053327110927298506 0.13411150236845432
1.6 0.06217910160248118 0.04586548980093681 0.11809471566425504
1.65 0.06228732961159178 0.04422929967223192 0.1267777250435054
1.7 0.059667373091737676 0.04324961949814509 0.12251457704750968
1.75 0.062012466130379466 0.04402803772672899 0.11944524466332712
1.8 0.06364177104788801 0.04610609850819399 0.11471500339830643
1.85 0.06507020116469832 0.04686097385373389 0.11933484133527172
1.9 0.05318468478594381 0.03796499164930109 0.10125764841229054
1.95 0.053078388754789804 0.037254908312333315 0.09572496259823497
2.0 0.04967027899910352 0.035934914271499745 0.09673226924535476
2.05 0.048556963304024085 0.03566920680165075 0.09363826200138811
2.1 0.042649891141055336 0.029819331573984646 0.07833405166051689
2.15 0.04121332833675515 0.029631474310285413 0.07365071516364899
2.2 0.03910878438091534 0.0287743417459662 0.07700452976854578
2.25 0.03503305716393679 0.02592879109073023 0.06263748259785909
2.3 0.030544813571324367 0.02201096075397171 0.06362514765740887
2.35 0.030290103640229594 0.022015565851415893 0.06474427892753076
2.4 0.027724692448372928 0.020088326838915743 0.05394708797282682
2.45 0.025544952666418874 0.018169980214409374 0.06568634031116909
2.5 0.02237469938427469 0.016467593624162315 0.050939882500175435
2.55 0.02366287151756645 0.017479118041053007 0.06194966057657843
2.6 0.019306898993588232 0.014199360160145084 0.04689575071955143
2.65 0.01904607163775142 0.014051394334218268 0.057120849662712164
2.7 0.018229574372256144 0.01369746564313107 0.06402704138314812
2.75 0.016840868925469904 0.012848694293023528 0.04997180779523336
2.8 0.015771591017584116 0.01242633045302335 0.0442540900273091
2.85 0.015036611673228215 0.011955955442145626 0.04428151916335672
2.9 0.015554738537523823 0.012494602457590757 0.05042001926358656
