0.02925 1.8791889769042633e-09 4.650265439412779e-09 1.4287100962131169e-09
0.0585 3.211051211389e-08 1.4287100962131169e-09 2.400111289384154e-08
0.08775 1.5876759765265697e-07 6.721944815979832e-08 1.2877352717554683e-07
0.117 4.6647756000578166e-07 2.400111289384154e-08 3.722789346455382e-07
0.14625 1.0315548825087714e-06 5.513796226521382e-07 8.015665234942955e-07
0.1755 2.864682501820535e-06 1.2877352717554683e-07 2.1077613677054595e-06
0.20475 3.51977007225377e-06 1.329516163659005e-06 2.6504672814057937e-06
0.234 6.714565100286567e-06 3.722789346455382e-07 5.332488947119484e-06
0.26325 1.0253792615010665e-05 1.9217504035795016e-06 7.449103396604017e-06
0.2925 2.3268131620641705e-05 8.015665234942955e-07 1.6841528528615927e-05
0.32175 3.1983699808209884e-05 4.7396895549835735e-06 2.4479214595483314e-05
0.351 2.4510955401022724e-05 2.1077613677054595e-06 1.8061392003990444e-05
0.38025 4.490230396497394e-05 9.411686731170092e-06 3.543946062846045e-05
0.4095 5.7612212289999114e-05 2.6504672814057937e-06 4.356038109253995e-05
0.43875 7.237427382743999e-05 2.41581916229302e-05 5.409826890584074e-05
0.468 8.78754845433051e-05 5.332488947119484e-06 6.512827463403851e-05
0.49725 0.00013713297619203607 2.077011302838017e-05 0.00010443329809732392
0.5265 0.00013279391245307696 7.449103396604017e-06 0.00010397620206064757
0.55575 0.00020746517151494194 4.446764683337516e-05 0.00015434808155705699
0.585 0.0002464472738758002 1.6841528528615927e-05 0.00018274519876808356
0.61425 0.0002523225889632447 6.198938731017928e-05 0.0001961372821192649
0.6435 0.00024411736593191494 2.4479214595483314e-05 0.00018585227842688495
0.67275 0.0002249231249070308 5.1138382320109454e-05 0.00016170607139549543
0.702 0.00039126243394333 1.8061392003990444e-05 0.0002870214107140111
0.73125 0.0004676877277994967 9.523858912230515e-05 0.0003352956277945997
0.7605 0.0004357204845599628 3.543946062846045e-05 0.0003176070097260857
0.78975 0.0004283415126029437 0.00015682799987304076 0.00031970994444745405
0.819 0.0005701167869494688 4.356038109253995e-05 0.00040174265732614107
0.84825 0.0005023318084657988 0.00013998181329523122 0.0003826903997125637
0.8775 0.000455080398026472 5.409826890584074e-05 0.0003468381038064916
0.90675 0.0005544379585011904 0.00015562929228674926 0.00040769414576894195
0.936 0.0006852429003975368 6.512827463403851e-05 0.000532026727290969
0.96525 0.0005641820789301251 0.0003001976537655598 0.00042821356643464776
0.9945 0.0008001406427140648 0.00010443329809732392 0.0006249981553239875
1.02375 0.0006861545910025528 0.00027250467370682494 0.0005401420167584223
1.053 0.0005592903110533109 0.00010397620206064757 0.0004200219607532191
1.08225 0.0009985544544731555 0.00041975655681172154 0.0007587563386942098
1.1115 0.0007924726628427056 0.00015434808155705699 0.0005470192688092995
1.14075 0.0005885409297645501 0.0006466443116919884 0.0004570169054400379
1.17 0.0007391099365880547 0.00018274519876808356 0.0005855857734425179
1.19925 0.0006766632134192991 0.0006813424566288958 0.0005081693596610323
1.2285 0.0008688603806271052 0.0001961372821192649 0.0006584571210509201
1.25775 0.0007151735286473411 0.00044485259886897544 0.000490081962142601
1.287 0.0006288642458940534 0.00018585227842688495 0.00048597839338084545
1.31625 0.0006520946910343894 0.00044408711156242815 0.0004586626808366502
1.3455 0.0005977454359003276 0.00016170607139549543 0.0004727956283067201
1.37475 0.0004625067027664786 0.0011013299952239738 0.00036037786123952587
1.404 0.0005948707276000846 0.0002870214107140111 0.0004554114137062107
1.43325 0.00048590201232249006 0.0012618261877600525 0.0003738644448144258
1.4625 0.0003521038697554581 0.0003352956277945997 0.0002604359025303971
1.49175 0.00038657623451317485 0.0009308809920150272 0.0002937177729723612
1.521 0.00042699110361690926 0.0003176070097260857 0.0002936654032091466
1.55025 0.00032171731942822054 0.00086909491816648 0.00024558389561256475
1.5795 0.00026421168027014044 0.00031970994444745405 0.00019047392706614564
1.60875 0.00022197027737323293 0.0008608205824434681 0.0001745268649357673
1.638 0.00024703839108721615 0.00040174265732614107 0.00018666226187742056
1.66725 0.00019784428035816274 0.0010841897736045523 0.00013818836161793647
1.6965 0.0001606405455519659 0.0003826903997125637 0.00011933251323610685
1.72575 0.00015322813729150763 0.0010038331708483584 0.00011449314340761638
1.755 8.300948294970414e-05 0.0003468381038064916 6.740537322309462e-05
1.78425 7.636072524973357e-05 0.0012923809928938347 5.6148055629049495e-05
1.8135 6.091995991221138e-05 0.00040769414576894195 4.754257637774181e-05
1.84275 4.137811391231577e-05 0.001613385773668933 3.096121090726529e-05
1.872 2.9810990087121603e-05 0.000532026727290969 2.2380336633392476e-05
1.90125 1.3717166603984992e-05 0.0014275801961122978 9.87466052770365e-06
1.9305 7.276313004636593e-06 0.00042821356643464776 5.56699412496579e-06
1.95975 2.7836567230536413e-06 0.0016852352574570455 2.126993177284362e-06
1.989 8.750319686924041e-07 0.0006249981553239875 6.894298451530052e-07
2.01825 1.4828782163317538e-06 0.0015908096869940351 1.0840977201143542e-06
2.0475 3.2643798032769613e-06 0.0005401420167584223 2.314452398577266e-06
2.07675 7.1552374393138914e-06 0.0012290689305481015 5.372051941548794e-06
2.106 1.1094050152758724e-05 0.0004200219607532191 8.452907841750888e-06
2.13525 1.2050066710196381e-05 0.002205421514456991 8.904163640175402e-06
2.1645 2.408211452665496e-05 0.0007587563386942098 1.8450813559962136e-05
2.19375 3.5480360471032465e-05 0.0014788191897353513 2.488636887752106e-05
2.223 3.91613597078142e-05 0.0005470192688092995 3.0267110804467876e-05
2.25225 3.2964574134497836e-05 0.001257567760263576 2.346631483215766e-05
2.2815 5.973349243113152e-05 0.0004570169054400379 4.612682820279306e-05
2.31075 4.847306299090272e-05 0.0021915250000418274 3.6496074472690314e-05
2.34 6.268971185802382e-05 0.0005855857734425179 4.5944917180932866e-05
