0.25 1.987634432199545e-09 1.5225777920722132e-09 4.534737720210461e-09
0.3 1.8839731397243305e-09 1.4286268530540328e-09 4.173751808637448e-09
0.35 1.7825008453184392e-09 1.3933799232578602e-09 4.147807691049575e-09
0.4 1.8749657769648663e-09 1.4177028132714208e-09 3.9341758672880554e-09
0.45 1.9328567597700205e-09 1.4686975395417979e-09 4.390349141306486e-09
0.5 1.908428028759102e-09 1.4350405722932984e-09 4.010441622913646e-09
0.55 1.6137013761936633e-09 1.202886402004687e-09 2.9395448269753204e-09
0.6 1.6765258498239988e-09 1.2872734940734855e-09 3.6534755335905146e-09
0.65 1.661540576198945e-09 1.2779558139855516e-09 3.828634744064417e-09
0.7 1.558954600456373e-09 1.1949233875389986e-09 3.527978400762581e-09
0.75 1.4893337505403971e-09 1.1727270688474943e-09 3.2700813465946318e-09
0.8 1.6137067770656698e-09 1.233188449167364e-09 3.5169053117397788e-09
0.85 1.4906983153097407e-09 1.1288918313782315e-09 3.443108965235124e-09
0.9 1.3737136846376519e-09 1.0516795058352487e-09 2.891371132227138e-09
0.95 1.2893397622333374e-09 9.756129798252882e-10 3.0482618643002924e-09
1.0 1.233452386316154e-09 9.59801147380519e-10 2.61672633274744e-09
1.05 1.2001250508775792e-09 9.124562837878792e-10 2.4656240452807e-09
1.1 1.1098034914177504e-09 8.585633873163905e-10 2.416738941433405e-09
1.15 1.1073271002845953e-09 8.606381956867577e-10 2.388314460669008e-09
1.2 1.0226809562973098e-09 7.938148382060274e-10 2.115727156690338e-09
1.25 9.805214125489774e-10 7.492569057614962e-10 1.887730669547052e-09
1.3 9.443029498443877e-10 7.379464190735019e-10 2.3519091088097636e-09
1.35 9.293181500188052e-10 6.971333884640094e-10 2.086304167851322e-09
1.4 7.805115925491239e-10 5.930601000094909e-10 1.696861362599902e-09
1.45 7.486967680601375e-10 5.704305492869649e-10 1.6738995982110785e-09
1.5 6.672861708504142e-10 5.023371160158234e-10 1.5587990282221042e-09
1.55 6.19622839786502e-10 4.711436800647037e-10 1.4486511780898785e-09
1.6 6.288399794716242e-10 4.850589104611097e-10 1.4475503937528085e-09
1.65 5.464742910419297e-10 4.059084089015368e-10 1.1608567097525432e-09
1.7 4.544995762519778e-10 3.5552744033508335e-10 9.833910893128418e-10
1.75 4.332550801814823e-10 3.3519704291922253e-10 1.1448432241961386e-09
1.8 3.6248558252937347e-10 2.78882230647748e-10 8.266780406280201e-10
1.85 3.7791734769706725e-10 2.8818510102512975e-10 8.634783650168688e-10
1.9 3.098665439910565e-10 2.3832859284215936e-10 7.475447311894957e-10
1.95 2.8158757024609315e-10 2.1436012947870352e-10 6.121472695342362e-10
2.0 2.578821697216658e-10 1.9933932119986994e-10 6.466919039548699e-10
2.05 2.2112125509605073e-10 1.7260704850775374e-10 4.98330468109766e-10
2.1 2.0123280727312613e-10 1.5147678473661644e-10 4.6091871330177645e-10
2.15 1.7790985061846424e-10 1.3495633424204717e-10 3.7449371940534223e-10
2.2 1.6262072535242635e-10 1.243313222046086e-10 3.7990314853133624e-10
2.25 1.158599087696301e-10 8.815745372975383e-11 2.4203560165437644e-10
2.3 1.1284343482502137e-10 8.541297104702392e-11 2.5413779219911523e-10
2.35 8.456420663972565e-11 6.543159115369364e-11 1.8370750559168866e-10
2.4 6.398099891030794e-11 4.990539522430754e-11 1.3961033340193358e-10
2.45 6.081638716183125e-11 4.6633827887324705e-11 1.327503727290044e-10
2.5 4.5638553648428176e-11 3.468536294342592e-11 1.0726262741159021e-10
2.55 3.8134319270713435e-11 2.942747644503443e-11 8.326686203104944e-11
2.6 3.016868315034438e-11 2.2923910822422284e-11 6.958764385888568e-11
2.65 1.999263554801811e-11 1.5482417198043812e-11 4.387241753755194e-11
2.7 1.374309486422036e-11 1.0487769146529962e-11 3.1547291647717404e-11
2.75 1.0256743992290356e-11 7.943625412465888e-12 2.121262826045323e-11
2.8 6.679939001312507e-12 4.972348644268373e-12 1.5019316402698027e-11
2.85 4.002892578865404e-12 2.992773166342152e-12 7.756780485124529e-12
2.9 2.2507816685961834e-12 1.689818214469457e-12 5.302123003544682e-12
