0.02925 0.0001507441772335772 0.00038676144393261496 0.00011839230060785012
0.0585 0.00013908949238406517 0.00025797155540224347 0.00010775132375040388
0.08775 0.00012492336065900723 0.00023314260350140286 9.251204010551429e-05
0.117 0.0001012463463310541 0.0002375482581007285 7.380890302673937e-05
0.14625 0.00014875463926822713 0.0004251396098475877 0.00011381476835673425
0.1755 0.00012404342111922096 0.000249034016674086 9.548032160950013e-05
0.20475 0.00013831974534943124 0.0003419324548735059 0.0001034890366261204
0.234 0.00013375102947569745 0.0003001240807003929 0.00010303354696612882
0.26325 0.00013604877008108632 0.0003141190918449887 0.00010355897708930767
0.2925 0.0001186811823357588 0.00030695977554804737 8.8908338697545e-05
0.32175 0.00011050032745720178 0.00022544902516332364 8.683599985631656e-05
0.351 0.0001345517670503507 0.0003051478650097827 0.0001065543823326908
0.38025 0.0001563659961800512 0.00032212510260217386 0.00011872377404566103
0.4095 0.0001369524126262297 0.00030653865562433105 0.00010311166244417507
0.43875 0.00011971588295851932 0.00024777527433374007 8.890746715272881e-05
0.468 0.00016329839639198353 0.00044173645178325336 0.00012303582526563606
0.49725 0.00012415502524876186 0.00024579614283832884 9.405728658966031e-05
0.5265 0.00013035545623559864 0.0002931321156063966 0.00010196824582995932
0.55575 0.00011156909509083808 0.00023635847703019943 8.641477749419147e-05
0.585 0.0001318350529936561 0.00029406840441077486 9.77466805318153e-05
0.61425 0.0001108696006595729 0.00024872530593286155 8.645731795902015e-05
0.6435 0.00012328262007615286 0.0002948494818534336 9.589102337353894e-05
0.67275 0.00013917960593363813 0.0003267916349958695 0.0001066225873403817
0.702 0.00011671130536786113 0.00024565618693034693 9.304703794371168e-05
0.73125 0.00010614087936337792 0.00022667194715170547 8.158807597289973e-05
0.7605 0.00012727483484992544 0.0002461744521362939 9.687706284457114e-05
0.78975 0.00010532863903787321 0.00020753621789773553 8.146133059851925e-05
0.819 9.927870485748617e-05 0.00017677111815708266 7.399813367872977e-05
0.84825 0.00010249269935373946 0.00023347412721514736 8.16861974031252e-05
0.8775 9.041378015263161e-05 0.00020133964978639912 7.002195409306134e-05
0.90675 0.00010193235699983993 0.00019187923869710372 7.481529851458493e-05
0.936 9.511074744363871e-05 0.00018010587538723637 7.238162404336254e-05
0.96525 9.981716769132085e-05 0.00022406805417165903 7.573682866521706e-05
0.9945 8.955393438937497e-05 0.0002618275185575837 6.925853267174527e-05
1.02375 8.093017743876118e-05 0.00018936453833629205 6.190096437699327e-05
1.053 8.40715743364934e-05 0.00018216794499798953 6.397955011737287e-05
1.08225 7.713730773368671e-05 0.00018038911893515224 5.8255210840468054e-05
1.1115 8.60310141815995e-05 0.0002044842319308117 6.602062615628423e-05
1.14075 7.897110030166313e-05 0.00017539775350865956 5.895395019503409e-05
1.17 7.340093714353397e-05 0.0001495869666536145 5.5775357945371525e-05
1.19925 6.797165627167045e-05 0.00018372417692154595 5.287464069269455e-05
1.2285 6.1722435440486e-05 0.00014766264658003423 4.779067543647324e-05
1.25775 6.74979763048457e-05 0.0001680603879900364 5.260094568374699e-05
1.287 7.00420327571793e-05 0.00013539139032085415 5.464971792093464e-05
1.31625 6.563889158662278e-05 0.00014863896573263555 4.914147281907426e-05
1.3455 5.84696026943671e-05 0.00012776998505643197 4.5482508512850605e-05
1.37475 5.2012779982410076e-05 0.00011679003298527267 3.951478483930938e-05
1.404 4.341984984598977e-05 9.00547714166608e-05 3.2816459282832745e-05
1.43325 5.4385017380465355e-05 0.00010945261711263193 3.995319556510451e-05
1.4625 4.8319568358855845e-05 0.00010233483872280413 3.797782251619078e-05
1.49175 4.9231974351767383e-05 7.213705302843885e-05 3.6042253208541264e-05
1.521 4.9576495560376705e-05 0.00010313293663556074 3.8194096562857286e-05
1.55025 3.917506347453411e-05 7.97722319265764e-05 3.096659789211506e-05
1.5795 3.076245103626632e-05 7.040670636403011e-05 2.3147520593009487e-05
1.60875 3.18747819132872e-05 7.493916501849115e-05 2.4488498651247806e-05
1.638 3.832944173130149e-05 8.108801014776939e-05 2.7748285186564423e-05
1.66725 3.118238974605185e-05 8.256580320278227e-05 2.2837351193600702e-05
1.6965 2.7955490209433097e-05 5.9704258056204616e-05 2.1276852413503743e-05
1.72575 2.6774677327668892e-05 5.733900122072298e-05 2.0163140778585075e-05
1.755 2.3969364836002602e-05 5.328948861606583e-05 1.8076874105829735e-05
1.78425 3.1841574424857285e-05 7.22136429859994e-05 2.3250973478061144e-05
1.8135 2.463660603596528e-05 4.988179229828576e-05 1.9041502992052638e-05
1.84275 2.4870660192863933e-05 5.5796637287990926e-05 1.84564290775613e-05
1.872 2.483620052373842e-05 5.493792100990447e-05 1.8814812280206526e-05
1.90125 2.1297928684478304e-05 4.4817066365388264e-05 1.6491005814699835e-05
1.9305 1.839737606315426e-05 4.369640641733865e-05 1.4117399396637084e-05
1.95975 1.7115931240956006e-05 3.7139654984799855e-05 1.32915606319139e-05
1.989 1.5240058766191894e-05 3.150301894580449e-05 1.1822732269886156e-05
2.01825 1.124886660276839e-05 2.589275450311697e-05 8.648940521953915e-06
2.0475 1.4005308197710819e-05 2.9688976393753854e-05 1.0524519296951768e-05
2.07675 1.1974651279063773e-05 2.1071634195109014e-05 8.993929044606395e-06
2.106 1.0403318839696265e-05 2.2289241441624316e-05 7.66390283231287e-06
2.13525 9.390900491001655e-06 1.8030726503711362e-05 7.239712281145462e-06
2.1645 8.45950252006316e-06 1.8618612900685753e-05 6.5782128355052815e-06
2.19375 9.119489332770413e-06 1.952504646281702e-05 7.069838644572427e-06
2.223 9.874663308285975e-06 2.8259028502023555e-05 7.647818043733515e-06
2.25225 7.390924282356009e-06 1.4093699582281369e-05 5.540511648514185e-06
2.2815 6.596487890889962e-06 1.3423944727808385e-05 4.9682064186751025e-06
2.31075 4.999984405349601e-06 9.383630478541684e-06 3.820546882738711e-06
2.34 6.131034246257139e-06 1.663058552416539e-05 4.840507288077501e-06
