0.02925 0.00013557811922048862 0.0002905837779008228 0.00010476663205491668
0.0585 0.00013570255278268445 0.00038086801146469055 0.00010352898114329751
0.08775 0.0001309972367472949 0.0003486320177900499 9.941694767997739e-05
0.117 0.0001284609685108236 0.00023975051886019512 9.573492037870615e-05
0.14625 0.0001272348849440363 0.0002513529490991672 9.676781645947612e-05
0.1755 0.00015364174882646559 0.00037852021302525984 0.00011236961502946873
0.20475 0.0001452288109479522 0.00035126844873364715 0.00010947678178270097
0.234 0.00015267391987476252 0.00038323699211274814 0.00011074819876164694
0.26325 0.00013481892254396563 0.00029228591278514346 0.00010647831350310873
0.2925 0.000147199603207428 0.00038453688416963024 0.00011359668303975616
0.32175 0.0001254959450892519 0.00022626097111925903 9.523901801435276e-05
0.351 0.0001285359967325802 0.0003050917258444617 9.692858359929669e-05
0.38025 0.00011767940589260301 0.00026680974695664233 8.942432024045854e-05
0.4095 0.00013875042528104637 0.00025690926808569437 0.00010539243270345672
0.43875 0.00014400809665968925 0.0002502898382539901 0.0001123631630563559
0.468 0.00011853875564682544 0.0002783979015382544 8.493632554427242e-05
0.49725 0.00013890262341673826 0.00037536762819589915 0.00010784451473886489
0.5265 0.00012930587320072865 0.00027526248263778685 9.990627420003003e-05
0.55575 0.00011386967178173716 0.0002215871957287583 8.530943709437138e-05
0.585 0.0001341062352225384 0.0003560402052088176 0.0001008309597791567
0.61425 0.00013684818449930382 0.00031564233562781177 0.00010383772285215536
0.6435 0.00011964121215550047 0.0002205403126108797 9.015605924315854e-05
0.67275 0.0001202486594781557 0.00025016338362017623 9.029398719184936e-05
0.702 0.00010318882321764077 0.0002187317847855518 7.838133326520656e-05
0.73125 0.00010896842660281586 0.0002386384257192101 7.883687026522771e-05
0.7605 0.00010235305542750681 0.00023445901481426105 7.7759967009502e-05
0.78975 0.00011756477489953442 0.0002200106687684763 8.598049203381635e-05
0.819 9.033324462693048e-05 0.00017410779346277918 6.760863235068071e-05
0.84825 0.00010719767665796281 0.00025271976986921 8.187888774190527e-05
0.8775 9.624779405444381e-05 0.0002196672938277693 7.393118895217982e-05
0.90675 8.347192822627248e-05 0.00017165354506102048 6.436918765846123e-05
0.936 8.684295880363464e-05 0.00016805518428019388 6.62606103372302e-05
0.96525 9.542248107217914e-05 0.00024120352632425434 7.18289532322232e-05
0.9945 9.658817420997828e-05 0.00016185839701701935 7.23416282515413e-05
1.02375 0.00010686937492247018 0.00027633819661170505 8.244486945930483e-05
1.053 6.510129233800688e-05 0.00014452653007614744 4.951107654738316e-05
1.08225 8.85624741900078e-05 0.0001757213346493316 6.714426238584526e-05
1.1115 8.012492933277437e-05 0.00016052533758207266 5.784758798554181e-05
1.14075 7.523083805661675e-05 0.00014752810402044798 5.990540058942569e-05
1.17 6.889568037111841e-05 0.0001644740275194225 5.152278755649536e-05
1.19925 7.927287203233805e-05 0.0001389573673620834 6.0092143266752404e-05
1.2285 7.52246023544449e-05 0.00016598645034333754 5.822284115360162e-05
1.25775 7.62412498681055e-05 0.00014396508349094207 5.723636360025661e-05
1.287 6.762642545250787e-05 0.00017942322082746125 5.49327647036239e-05
1.31625 5.970551573808075e-05 0.00016762270630277796 4.6075256676807564e-05
1.3455 5.598032707548042e-05 0.00015949364791871803 4.396703395990846e-05
1.37475 5.19403780568429e-05 0.00012169855889497506 3.936520183279368e-05
1.404 5.197218822163546e-05 0.00011931267176889123 4.036552115481803e-05
1.43325 4.958219463435808e-05 0.00011820351003154648 3.731571972066342e-05
1.4625 4.634406884353495e-05 0.00010432684912786603 3.604846106068372e-05
1.49175 5.67756244460503e-05 0.00010947102933673744 4.1418769040450776e-05
1.521 5.0475764335071194e-05 0.00011052216166096011 3.763624871522263e-05
1.55025 4.592926131539893e-05 8.676594297965703e-05 3.28900186706616e-05
1.5795 3.5836998003875085e-05 6.389287685209423e-05 2.697710365824641e-05
1.60875 3.3265779086143886e-05 6.613244532495917e-05 2.6056136826031285e-05
1.638 3.306341773123471e-05 9.399967049343384e-05 2.5257983133127902e-05
1.66725 4.096993273696472e-05 9.664752837129807e-05 3.0625347819262947e-05
1.6965 3.067988595553785e-05 6.628096468993264e-05 2.28507764544583e-05
1.72575 3.403866641279108e-05 8.27413468069287e-05 2.5923510932931762e-05
1.755 2.988401834245695e-05 6.284107992465479e-05 2.219605323655891e-05
1.78425 2.241635810680277e-05 4.775174840353901e-05 1.7281586407991643e-05
1.8135 3.176147168562868e-05 7.585610238993159e-05 2.439118699320902e-05
1.84275 2.251720086991942e-05 4.8812156439802816e-05 1.7443679445410703e-05
1.872 2.4165761987792017e-05 5.384845252213894e-05 1.8789427635035858e-05
1.90125 1.990923324377383e-05 4.082844778683593e-05 1.5383516765173786e-05
1.9305 1.8901823216488725e-05 3.6477460161978586e-05 1.4660014141172042e-05
1.95975 1.6833514125515736e-05 4.256802050774291e-05 1.3342964571619743e-05
1.989 1.561003998516442e-05 3.3082840863627485e-05 1.1874511304536525e-05
2.01825 1.7306032237902414e-05 3.227430490875561e-05 1.2950271042445405e-05
2.0475 1.5446852202715948e-05 3.6801386900465905e-05 1.1880608001700554e-05
2.07675 1.2976740063436557e-05 2.6038252659014845e-05 9.953155457084472e-06
2.106 1.1415220686512603e-05 2.4997327300846688e-05 8.810745939261457e-06
2.13525 1.1249409388342245e-05 2.5846842038155486e-05 8.663369190846146e-06
2.1645 1.0742859062891213e-05 2.6192752875024228e-05 8.246175496262669e-06
2.19375 7.4921956890334976e-06 1.7392517338382493e-05 5.668317216873682e-06
2.223 8.471334589807706e-06 1.53323387051117e-05 6.233913298720399e-06
2.25225 7.603458309482708e-06 1.5656082807698148e-05 5.698875122714538e-06
2.2815 5.534506068185036e-06 1.3127123800483355e-05 4.146457625113379e-06
2.31075 6.17846000838024e-06 1.3509945345537644e-05 4.568961642203334e-06
2.34 5.8141676229732585e-06 1.0087149338186923e-05 4.5218620634383345e-06
