200 0.0009588545450066192 0.0012911103124491079 0.0019245704034779787
400 0.001655494637093587 0.002510192890058236 0.00410613841850107
600 0.0024477042777866476 0.0025028528971116353 0.0034882256693036687
800 0.0026970078303574755 0.0030785045282712194 0.0040123940187900674
1000 0.005364793277859361 0.008223771011725995 0.015060050118741102
1200 0.004251513725629759 0.00590843093931784 0.010149197997708562
1400 0.00787345880609367 0.01064950378348162 0.017310755414167878
1600 0.0101775413584568 0.01133362061846659 0.015706370117570614
1800 0.008117412117824956 0.009682716468177237 0.015122659421277726
2000 0.005975429842311303 0.010147396867551006 0.01960710850725428
2200 0.011055016643253741 0.011962409668692305 0.019046388160412726
2400 0.010094937708386013 0.012600066705813498 0.020292833695711103
2600 0.012382056013316411 0.02114137309601873 0.04043111560345476
2800 0.011018666308281763 0.015388147962090164 0.022479451196053536
3000 0.01056987877787431 0.018891487662131314 0.03413264550037325
3200 0.018238075848595225 0.021284240068011266 0.030062841046630356
3400 0.01383725386784621 0.02377371912072205 0.04503037845427666
3600 0.013664945165791281 0.017733997762353952 0.02577715005359518
3800 0.01764679658479306 0.02235754001649228 0.0354492928226691
4000 0.018514938364831965 0.020797208086285428 0.028965623834558075
