3.039808295205426e-07 0.0013494215509980598 0.0033695997236776994 0.0009959181320562862
6.079616590410852e-07 0.0018953615722208802 0.003018670732080161 0.0015128845173756126
9.119424885616278e-07 0.003399933567549152 0.007148366757692284 0.002604190242095829
1.2159233180821704e-06 0.004348700298030848 0.009691355658679691 0.0031570772497289115
1.519904147602713e-06 0.004623243246984988 0.008337309865616736 0.003509789414740523
1.8238849771232556e-06 0.004921175737738178 0.012055429610400152 0.0038038680555908372
2.1278658066437987e-06 0.0070203253596676386 0.015010230612605842 0.005337889387886299
2.431846636164341e-06 0.008970140857809538 0.02035259725747387 0.006391990441523269
2.7358274656848834e-06 0.009034005272826023 0.017626092911309003 0.00697572626427139
3.039808295205426e-06 0.008210579550662744 0.017572806512960396 0.006322056388407151
3.3437891247259687e-06 0.011319122015573035 0.019983707648725473 0.008634579445310353
3.6477699542465113e-06 0.01160908426163334 0.0172909203114382 0.008770081923281126
3.951750783767054e-06 0.013411781289692924 0.02930081455658077 0.010076745490220645
4.255731613287597e-06 0.013417908296519225 0.040610619670303286 0.009367039137954032
4.5597124428081395e-06 0.016286473463698162 0.03359595185469715 0.012699703674501045
4.863693272328682e-06 0.015571397760975169 0.03662118419126959 0.011193550079197234
5.167674101849225e-06 0.01279828556004258 0.04296253732634011 0.009307607438302152
5.471654931369767e-06 0.019225289167432977 0.041169194973399464 0.014320905638491437
5.77563576089031e-06 0.0209728016805713 0.046597850175470024 0.015991340522932572
6.079616590410852e-06 0.016873994448591712 0.02431504498109402 0.012256145153946005
