3.039808295205426e-07 0.0005041024966011135 0.001784896876627156 0.00039493113654126094
6.079616590410852e-07 0.0010536950435670533 0.0024625904850029325 0.0007692048210779492
9.119424885616278e-07 0.0014878432187242735 0.003399732124610194 0.001066966074900812
1.2159233180821704e-06 0.0016466165201388674 0.002964715582684579 0.0011836768694721378
1.519904147602713e-06 0.0033559236875398 0.005197346494621034 0.0024099650515821656
1.8238849771232556e-06 0.0038550436975746632 0.008621178922954354 0.0027417162303729065
2.1278658066437987e-06 0.0029494472011166967 0.004970658119028175 0.002270628597859449
2.431846636164341e-06 0.0047539718226992074 0.01087608732361657 0.003594311811018737
2.7358274656848834e-06 0.0040736186059168785 0.008843295763420729 0.003352054584589315
3.039808295205426e-06 0.004172575089048151 0.00961589232961618 0.003005382350446625
3.3437891247259687e-06 0.005066754881232585 0.012528139370507951 0.003933219220845824
3.6477699542465113e-06 0.006142707598951113 0.011147321467706493 0.004748386823417297
3.951750783767054e-06 0.005812307880270017 0.013113897870925102 0.0046966459722118286
4.255731613287597e-06 0.006861620280724263 0.010925608254943245 0.005390131357174482
4.5597124428081395e-06 0.008113865669599193 0.017410328123265265 0.005608806251529109
4.863693272328682e-06 0.008535685786646742 0.021006397739146636 0.006541166233519392
5.167674101849225e-06 0.009911369912151207 0.018535489789386742 0.008110675595354477
5.471654931369767e-06 0.008331920878347783 0.02234338940712053 0.006411483839777052
5.77563576089031e-06 0.010133481518923569 0.019411250698623164 0.0076659478423748185
6.079616590410852e-06 0.0076355081686715846 0.011516507357463493 0.005504164801112297
