3.039808295205426e-07 1.399192106651633e-06 3.026086757449651e-06 1.106254213295914e-06
6.079616590410852e-07 2.3752419035094545e-06 5.887807258803697e-06 1.7580546606264535e-06
9.119424885616278e-07 5.0107531772078494e-06 9.311290254858666e-06 3.5872944751910215e-06
1.2159233180821704e-06 5.446850291262633e-06 8.472370348122593e-06 3.9015602887342175e-06
1.519904147602713e-06 5.683890790639098e-06 1.2165761605618762e-05 4.320677718775726e-06
1.8238849771232556e-06 8.75630776744704e-06 1.6452023750566256e-05 6.707272144839666e-06
2.1278658066437987e-06 1.2122764614577262e-05 3.126984799454775e-05 8.722188109359848e-06
2.431846636164341e-06 1.2825436485044863e-05 2.661752214520572e-05 9.910963898771316e-06
2.7358274656848834e-06 1.2173205589033609e-05 2.1817685361409367e-05 8.58217637975064e-06
3.039808295205426e-06 1.5962179893360297e-05 3.801564449452205e-05 1.1870113023358511e-05
3.3437891247259687e-06 1.5961869455921107e-05 3.6928005424777526e-05 1.1744906107922841e-05
3.6477699542465113e-06 2.1424208557860625e-05 4.632494919819266e-05 1.591612476613497e-05
3.951750783767054e-06 1.792807900493243e-05 3.886931724955195e-05 1.2305884693256206e-05
4.255731613287597e-06 2.094557821861805e-05 4.482853543343461e-05 1.504576868754391e-05
4.5597124428081395e-06 1.611078625522473e-05 2.634744660099083e-05 1.1957406076212194e-05
4.863693272328682e-06 1.9764110694883634e-05 3.153434118778679e-05 1.3302679149431526e-05
5.167674101849225e-06 2.592039903017407e-05 4.170062471295339e-05 1.8878990187177587e-05
5.471654931369767e-06 3.126219984084086e-05 5.9497923085183374e-05 2.0979993371634354e-05
5.77563576089031e-06 2.6305843461372364e-05 5.679031589651195e-05 1.9351604702613563e-05
6.079616590410852e-06 3.643692283904704e-05 5.725838443953059e-05 2.4772190757601412e-05
