3.039808295205426e-07 0.0006030382127584689 0.001330162749978727 0.0004693023602847723
6.079616590410852e-07 0.001448101810695597 0.00238595459484151 0.0010232527370464392
9.119424885616278e-07 0.0020571831002971983 0.0031135941338776905 0.0014476123394488354
1.2159233180821704e-06 0.0020490988140908464 0.004889586804505729 0.0016238114442238647
1.519904147602713e-06 0.0032160209397967686 0.006153813486058027 0.002429689504524432
1.8238849771232556e-06 0.0034743695235846424 0.007342753997502912 0.0025253901472108422
2.1278658066437987e-06 0.004226719097648345 0.008215946828440072 0.002952036586245576
2.431846636164341e-06 0.005387295231797822 0.01009092631867033 0.004120767719596016
2.7358274656848834e-06 0.00520714576232531 0.00955481749994163 0.0037223837770850154
3.039808295205426e-06 0.006307101253773278 0.015321643275623248 0.004726879997353703
3.3437891247259687e-06 0.005983492769972314 0.012844685678340654 0.004483801277421524
3.6477699542465113e-06 0.005992598041872263 0.011838942582728553 0.0042977338513177235
3.951750783767054e-06 0.008694459818282414 0.019886563016584938 0.00671525142699568
4.255731613287597e-06 0.00817032548877947 0.021527163422904633 0.006176532336093965
4.5597124428081395e-06 0.008022393437349468 0.019538902322136186 0.006378289827838602
4.863693272328682e-06 0.011389034236600804 0.020951990294715016 0.009021153905895219
5.167674101849225e-06 0.012544115108788351 0.030069246736803897 0.00966281737997896
5.471654931369767e-06 0.013039049135690341 0.026062296756555244 0.009088867256451687
5.77563576089031e-06 0.012991320440638044 0.03182868870359125 0.009979276085089347
6.079616590410852e-06 0.013224072882246021 0.0265479521160439 0.010021325587261846
