3.039808295205426e-07 0.00041129126605766954 0.0007494301433536299 0.00031691569968592744
6.079616590410852e-07 0.000713132921170597 0.0012507288885314518 0.0005223555428720331
9.119424885616278e-07 0.0008432715919718673 0.0016425449083829965 0.0006444302044155133
1.2159233180821704e-06 0.0015175503740823759 0.0028453135525441657 0.0011431655830892423
1.519904147602713e-06 0.001848316617067573 0.0035438218133872854 0.0012974986580286633
1.8238849771232556e-06 0.0021350142649854474 0.004843455838669017 0.0016471066134741397
2.1278658066437987e-06 0.0025158694201539078 0.004806874902629877 0.001955470618958077
2.431846636164341e-06 0.0028421826664860317 0.0062103351496843335 0.002181337426830689
2.7358274656848834e-06 0.0027151820326713726 0.006205903140017972 0.001972899526532304
3.039808295205426e-06 0.0038950079663637154 0.010556216944478254 0.002923251187324821
3.3437891247259687e-06 0.003474327919308184 0.006657996619791209 0.002605854787638058
3.6477699542465113e-06 0.004726764206680078 0.009741509949088312 0.0034147679493153568
3.951750783767054e-06 0.003644285948062461 0.00988175292448009 0.0027834961875994276
4.255731613287597e-06 0.004605513226398217 0.009570865569505083 0.0034123916946820587
4.5597124428081395e-06 0.005187095086202234 0.009450812497970806 0.004115780792347184
4.863693272328682e-06 0.0068161878649039675 0.010664047424118177 0.005056432390097917
5.167674101849225e-06 0.004996927075165838 0.011223877158717845 0.003853481109215079
5.471654931369767e-06 0.007367674051057847 0.014030172272275803 0.0056479552242163006
5.77563576089031e-06 0.007107766011778716 0.011387009186332998 0.0054821552874886985
6.079616590410852e-06 0.008424310741118357 0.01995851092061292 0.006569152468522754
