3.039808295205426e-07 3.251855765711945e-05 8.002198169666775e-05 2.4904394739911227e-05
6.079616590410852e-07 6.277470665007384e-05 0.00010642918112912298 4.633135711599918e-05
9.119424885616278e-07 0.0001415876774604841 0.0003418091353986215 0.00010540589018491245
1.2159233180821704e-06 0.00018825644307698987 0.00036697762231915334 0.0001368007978934589
1.519904147602713e-06 0.00021620544813011515 0.00045199514576934675 0.0001647444994425896
1.8238849771232556e-06 0.00033103754495587633 0.0007329938025688476 0.0002577477334917876
2.1278658066437987e-06 0.0002653492666929214 0.0006553523122332626 0.00020385260650102594
2.431846636164341e-06 0.0004432049280587917 0.0010883571997514752 0.00033427910795148205
2.7358274656848834e-06 0.00034874167889925 0.0008126704691478477 0.00025801845020252445
3.039808295205426e-06 0.0004824489238140499 0.0009259540606602813 0.00035085299604075337
3.3437891247259687e-06 0.0005193673881834142 0.0012101833896430605 0.00041185546754369786
3.6477699542465113e-06 0.000508662451372736 0.0009588012706339937 0.00039453576865325097
3.951750783767054e-06 0.00041407643506252446 0.0008916699086714981 0.00029789297047013303
4.255731613287597e-06 0.0006015631297892919 0.001101605440083726 0.000441855003819844
4.5597124428081395e-06 0.0005349707735435604 0.0011098470729550072 0.00041300543408365003
4.863693272328682e-06 0.0007627140174329368 0.001315309240867439 0.0005932967132404853
5.167674101849225e-06 0.0007507565173682714 0.002192851219486904 0.0005738564134453438
5.471654931369767e-06 0.0006573162336955893 0.0015088332338766021 0.0005043884801390403
5.77563576089031e-06 0.0008101416062838307 0.0016168365086044931 0.0006374445622739978
6.079616590410852e-06 0.0006989932488231966 0.001377301534384981 0.0005094423677338196
