0.01 0.0010066915449025552 0.0007610937970774792 0.0009209945527805129
0.02 0.002781198328176423 0.0029480221750718683 0.004772560249556176
0.03 0.005413436354547505 0.005707704298319587 0.008099828007209058
0.04 0.010736322679103233 0.011647761276423104 0.0181254716048628
0.05 0.01697511612107059 0.020717159037325666 0.03028787675394832
0.06 0.018624107980288268 0.01694939869593893 0.02043678225251389
0.07 0.031153280182639864 0.031223528383109538 0.03770244490050257
0.08 0.05742419997586203 0.06418226775050004 0.09518717633646422
2224
38062 0.0007348542162538297
0.18 0.00039517940359445685 0.00036530735371218816 0.0005179394880336214
0.2 0.00047972069114783573 0.0005934443721639881 0.0007705498064027394
0.22 0.0006961850836379431 0.0006314421730702344 0.0007964775034468771
0.24 0.0006156094139211432 0.000973322887100916 0.0015021734532363034
0.26 0.0008416837899711428 0.0010059227273044918 0.001563561021791108
0.28 0.0009173892337318535 0.0013794694719703796 0.0021914591372517323
0.3 0.0009338716834233996 0.0012008848139111064 0.001919019146935592
0.32 0.0011245493866093956 0.001956377423718562 0.0036336810486918363
0.34 0.0015745155760910818 0.0013891831769387028 0.0017999721366882178
0.36 0.001721943761615896 0.0016821107149085645 0.0023423224257588344
0.38 0.0020532548080164424 0.0019089992550692697 0.0026326025018015117
0.4 0.002303123883958928 0.0027364779258281387 0.004383258818206532
