10000.0 0.011535033211104648 0.026539329024990482 0.008868405860365278
20000.0 0.012902011507080991 0.026456374242247466 0.009773811461972967
30000.0 0.01214466167798838 0.024667676879462953 0.009798531039128611
40000.0 0.012529369284278063 0.024732773652114237 0.009618298240535924
50000.0 0.013108721151977625 0.0322518034518282 0.009944169864242864
60000.0 0.011057128982390607 0.03438362768391372 0.008484685064078653
70000.0 0.012304867933615968 0.027849654963462426 0.009198987562639026
80000.0 0.011662743893912867 0.027801967685263353 0.009122780101167023
90000.0 0.011464659660645556 0.022268206606214563 0.008716695952808466
100000.0 0.011856319717415936 0.02791327651639211 0.009053980631045193
110000.0 0.012813085896974746 0.025988329811437578 0.009641734605171304
120000.0 0.013154231753960353 0.031051571132872026 0.010264756518115467
130000.0 0.011005155421397121 0.022136579502949835 0.008409867887553
140000.0 0.011557476575537556 0.023119104267075506 0.008891626630099306
150000.0 0.01272083057483471 0.029400211401363844 0.01004735636307003
160000.0 0.012064759873752792 0.028382557161795594 0.009010054162636786
170000.0 0.01115931801719821 0.02611365100840259 0.008358090106962255
180000.0 0.010492692592327045 0.02518955891448507 0.007801991795209416
190000.0 0.013133213209754937 0.03050230011427373 0.010168896735839303
200000.0 0.010775756389988232 0.023565809665278985 0.008205304547038144
210000.0 0.010523934644277491 0.023903210838202713 0.008385265314703929
220000.0 0.011715913982541846 0.0199604539716393 0.00899893756381182
230000.0 0.011858063725760194 0.026748409014498906 0.008858607187356204
240000.0 0.011431265869853071 0.025723058854255212 0.008756653643368932
250000.0 0.011975620661863603 0.02543354215854973 0.00913425177977741
260000.0 0.011486517429023084 0.02473805476408097 0.008682162174123374
270000.0 0.010355203077518523 0.024054962289907122 0.008119489257683351
280000.0 0.012187953694879032 0.025222429060996577 0.009337905004272453
290000.0 0.011403370084449083 0.025043626972248084 0.008331445132147577
300000.0 0.011781564421966234 0.027505383749418275 0.008916214590733012
310000.0 0.011200711879027393 0.02865395724626954 0.00836435371332247
320000.0 0.011062891952869474 0.022091272522573407 0.008430104928299218
330000.0 0.011581234566982186 0.026222407822005103 0.008760074952371941
340000.0 0.0110484711673336 0.02181999655479793 0.008262489443543925
350000.0 0.01077628558081053 0.028082401352321717 0.00797412029166889
360000.0 0.011360024895220778 0.024009416659727154 0.008731960720784214
370000.0 0.010574277288896544 0.020717861133578496 0.008005910525470547
380000.0 0.010772498094152427 0.024486553744109952 0.008165809942666719
390000.0 0.011209246696641346 0.027334506620680606 0.008356673988110063
400000.0 0.011351265959969626 0.024589380577373716 0.008405279899471853
410000.0 0.010549514294879174 0.02486750214788078 0.008172259156842412
420000.0 0.011012105289382396 0.020286303743145905 0.008649800782207492
430000.0 0.009891441702684713 0.019480219201488812 0.007459854511793329
440000.0 0.01009936676977055 0.024160320390055997 0.007702530506190229
450000.0 0.01003959867403723 0.02323084651160901 0.007603020806133388
460000.0 0.009950630721293159 0.02253191648888756 0.007598609626594704
470000.0 0.009332133259137372 0.020173014751126237 0.007237605530518496
480000.0 0.00992659929592354 0.02152505470755073 0.007586293930593137
490000.0 0.010095420043365473 0.021758558245904475 0.007903341973351624
500000.0 0.0099614640187553 0.024161892731912386 0.007450637848285304
510000.0 0.00980896282220478 0.024930052449675805 0.007636490676109263
520000.0 0.008555378245002273 0.021553483789867368 0.006448878723953556
530000.0 0.008126094485885013 0.021312935246827078 0.0062737541373428934
540000.0 0.00892432984693535 0.022406425169622816 0.006863756575286708
550000.0 0.009258820571471494 0.019911732487004893 0.007024816043026767
560000.0 0.009851886853059655 0.025414987166372992 0.007535657724426174
570000.0 0.008690517401903849 0.01858193146037649 0.006394394591710096
580000.0 0.008791233743494619 0.01946815193733877 0.006706804522588723
590000.0 0.009355667114978754 0.021954546351807096 0.007175074728376859
600000.0 0.008577668161821312 0.018481953626444884 0.00642438041381144
610000.0 0.00901056273576887 0.02177091225031219 0.006923090051348936
620000.0 0.00788133756215303 0.018033842710769684 0.006035393013641521
630000.0 0.008044293927316527 0.016168927167534337 0.006121659005619656
640000.0 0.008507261955548358 0.022051820748290294 0.00633445828158693
650000.0 0.007085420231573524 0.018894773992235814 0.005363676850728229
660000.0 0.008945046241615419 0.020268402456336054 0.007021582871531279
670000.0 0.007353200519773946 0.015348120535004051 0.005447351935841153
680000.0 0.008445518968973099 0.017116861907612437 0.006329465305550981
690000.0 0.007668900217081317 0.013459573649657039 0.005965259427258165
700000.0 0.007346352009088079 0.017389319366666822 0.005303609737809683
710000.0 0.008266463309105545 0.01844791420484139 0.006252333114024278
720000.0 0.008037624729450714 0.016299708904794073 0.005911737190000846
730000.0 0.006599286461455513 0.014806272061391944 0.005098123860963164
740000.0 0.007388319932392478 0.017458391199835232 0.005553125581451073
750000.0 0.007673614201969099 0.01424443712065169 0.006068173258761346
760000.0 0.006586232907579251 0.01490539173880366 0.004933339936080024
770000.0 0.007956557780577427 0.017479222980944918 0.005885308024536488
780000.0 0.007113859686901039 0.015137525349622753 0.00548773814093007
790000.0 0.006837037416895265 0.017583036142561622 0.005040401832966235
800000.0 0.006342806080822299 0.013819100571396417 0.0046027471268011025
810000.0 0.006323263204359932 0.014110171951748239 0.005021171278647492
820000.0 0.008216522751263321 0.014390777263498147 0.006127472016420035
830000.0 0.005294983739609109 0.010624609287109213 0.004122341346053635
840000.0 0.00656252194723859 0.014180579362795974 0.005011556269881595
850000.0 0.006704723569281512 0.01222708991669397 0.005253597043340615
860000.0 0.006466773254219717 0.013851509812329457 0.005010458060080219
870000.0 0.0056246716032614065 0.012513857038909977 0.004054262947005307
880000.0 0.0064892439376907935 0.012663741510129336 0.005063848465820837
890000.0 0.0063559473714990015 0.016622637646447346 0.004792877678926833
900000.0 0.006554048561968848 0.01745192583512624 0.004970239899728018
910000.0 0.006211003708745033 0.014168503670938313 0.004862413269719138
920000.0 0.006657141806932259 0.015984928450851366 0.005026469326952781
930000.0 0.0060444965712114955 0.014152224232397618 0.004664585119400784
940000.0 0.006113023419866592 0.012213306677391704 0.004540935355022708
950000.0 0.00639815716100702 0.013946682454594798 0.00492579337450335
960000.0 0.005716009062872544 0.013770804804698344 0.004309038241366217
970000.0 0.005567074194187322 0.0118496066564959 0.004307406436917406
980000.0 0.005818577704566443 0.01236467112871651 0.004543693293468437
990000.0 0.0053960314587737646 0.012039936694818683 0.004067264648446939
1000000.0 0.005300630843985723 0.011952576377369023 0.004133130087755927
1010000.0 0.005051687328601079 0.011326313120206459 0.004028170269817489
1020000.0 0.004416049722902823 0.009856347645902859 0.0033296442720484602
1030000.0 0.005696852797305103 0.011437327556570339 0.0042626734712206075
1040000.0 0.005960744674487787 0.01491461723270616 0.004444828305102082
1050000.0 0.006255591860051926 0.01542211429628987 0.004606968350973921
1060000.0 0.005204808382858798 0.012914840743702504 0.003981187445669117
1070000.0 0.004704146015738311 0.010632284842528811 0.0036444608075600032
1080000.0 0.005552464084283559 0.012906820834515907 0.00419620442464523
1090000.0 0.0056652426745536465 0.012406436735736022 0.004372351078358392
1100000.0 0.004464755851436078 0.009926191042951657 0.0033455939378602344
1110000.0 0.0053751979292668796 0.01616539777254804 0.0040525428205386545
1120000.0 0.005238980446306776 0.0108026392597081 0.003972000247914683
1130000.0 0.004995945525766252 0.009213597349396562 0.003670486144308598
1140000.0 0.004430421197656165 0.0097087259965586 0.00340278847271424
1150000.0 0.0053828061469587815 0.011029975099476622 0.004192083627308822
1160000.0 0.004700770949445821 0.00943913766991528 0.0035331122906561967
1170000.0 0.004705032178033694 0.010540004318205565 0.0034879144238596973
1180000.0 0.0054413285605387695 0.011605333444516691 0.004205218375266261
1190000.0 0.00427538935186158 0.010852388095117564 0.003136524588108759
1200000.0 0.004354461803653001 0.009499217768387646 0.0033552718847531526
1210000.0 0.004261869211088113 0.011659951624881796 0.003237190034020893
1220000.0 0.004505623540693238 0.010436310396207273 0.0033805741047219268
1230000.0 0.004427919001369098 0.00974430992322543 0.0032654366673827437
1240000.0 0.004622746110463877 0.009319143141563372 0.0035867935034506106
1250000.0 0.005007874090413862 0.010864708851589513 0.003889209148755805
1260000.0 0.004295742280531848 0.00945312866540302 0.0033077593943863486
1270000.0 0.004775601601138533 0.01202786414994209 0.0036752473291290825
1280000.0 0.0037570629134859733 0.007228707854419127 0.0028528973498711694
1290000.0 0.004260593434888686 0.010753130405690163 0.0031236342433022244
1300000.0 0.004591387136737813 0.010119208786905106 0.0035825684473448725
1310000.0 0.003959345831811016 0.007059245428483907 0.0029546042824947607
1320000.0 0.004355208702820452 0.010641429857468862 0.003269555020085999
1330000.0 0.004096960905319828 0.01004729652319529 0.003183088553955898
1340000.0 0.004402261908884879 0.00975946528765247 0.0034558793704749366
1350000.0 0.004500033102973543 0.010851512480964777 0.0034254275247383114
1360000.0 0.0042642532510478994 0.008637729030899068 0.0032526482004977555
1370000.0 0.0036365202477260895 0.006707107911700528 0.0027793440641237814
1380000.0 0.003783368604333702 0.008248388647898383 0.0029134724266548667
1390000.0 0.0034692642384876187 0.009266160153520874 0.0026439043440181324
1400000.0 0.003831762662150019 0.006467062801563733 0.0028424141645321966
1410000.0 0.0037695357010223566 0.008063588159355201 0.002941032545832683
1420000.0 0.0040811180119726615 0.007854285801273507 0.00303969232621131
1430000.0 0.004528132337877323 0.01042858643147332 0.0034575431015418656
1440000.0 0.0038326446271046296 0.00813033033885646 0.0029099835997060276
1450000.0 0.003983626928651218 0.008496345960688576 0.0029670774728994234
1460000.0 0.004392576645487447 0.010863979912547951 0.0033149419978062
1470000.0 0.0035739605900616416 0.008689572806495736 0.0026940370601348292
1480000.0 0.00363453064908107 0.008344387327505164 0.002676236649824974
1490000.0 0.004204485611604478 0.010174101757283166 0.0031441906826207983
1500000.0 0.003916882698014364 0.010496148894713998 0.0030239571357578076
1510000.0 0.004237059705769524 0.010142302258682245 0.003295423689062231
1520000.0 0.0036853975250220584 0.009442978299965007 0.0028310087744456043
1530000.0 0.003694110057113934 0.007106172231526613 0.0027973037083423944
1540000.0 0.0035298314310870603 0.0078099091784266965 0.002692904420613846
1550000.0 0.003862160518694239 0.008183421850049504 0.002904001797946555
1560000.0 0.003685102940165506 0.00903401362165291 0.0028023301294551233
1570000.0 0.004108768716761659 0.009424425249477578 0.003116735693022875
1580000.0 0.0037332364483277 0.0077927028977159245 0.0028926204993568305
1590000.0 0.003690692641706564 0.009077793686230837 0.0027866119568453166
1600000.0 0.0036319283432353785 0.008006679216862947 0.00279033146828509
1610000.0 0.0032207643581777206 0.006141680723541113 0.002478492295736912
1620000.0 0.003066952373988312 0.008330743773806458 0.002442564814712447
1630000.0 0.004137985997726236 0.007769217748009086 0.0031300686964099863
1640000.0 0.0035734024100432973 0.0075162496201876365 0.0027144818206525866
1650000.0 0.003217204993783997 0.006045000684859876 0.0024284253325615457
1660000.0 0.0032288609646529344 0.0068313033638861065 0.0024222874585845527
1670000.0 0.003314059087929828 0.008058273266071763 0.0025533936473952743
1680000.0 0.0034354463123272196 0.00694583210463683 0.0025729498153655096
1690000.0 0.0030588639266868264 0.007518779755293929 0.0022480513188694114
1700000.0 0.0035818153707811605 0.008216448364348474 0.0026838880723756386
1710000.0 0.0036614150217948167 0.006749985249050973 0.00269471848802661
1720000.0 0.0033467920828520042 0.008541537718203238 0.0025555524072209132
1730000.0 0.0035619348321512894 0.007889567132790846 0.002755315490870827
1740000.0 0.0034819125495605943 0.006998965264722699 0.0025349816937661872
1750000.0 0.0031172197003808714 0.005885655445376321 0.0024102835696487353
1760000.0 0.0032449083891371374 0.0076283957051219665 0.002568605111561735
1770000.0 0.0034788525971777545 0.006801651756994967 0.0025541832050912008
1780000.0 0.0028131606937657878 0.006697055906882833 0.0021661170711526115
1790000.0 0.0032635769007252225 0.005919003245805595 0.0024391071317380287
1800000.0 0.0035825723931154968 0.008657419416627296 0.0027148973478485655
1810000.0 0.003633137637419032 0.006518595292701504 0.0028479302578634466
1820000.0 0.003494714245530279 0.0073472149974039835 0.002651740130079053
1830000.0 0.0028282827604478628 0.005778440629109552 0.0021426903357501395
1840000.0 0.0029920856885977927 0.006944800185965234 0.002267488752942081
1850000.0 0.0032965874508348765 0.007403537323250163 0.0025233742494764786
1860000.0 0.0031007317250546307 0.007938196893952162 0.00241623143095655
1870000.0 0.0036509358505133777 0.009245794826841914 0.0028485279933774454
1880000.0 0.0027737029329700773 0.006122238153966211 0.002122050982874999
1890000.0 0.002880713020062681 0.007082398793216493 0.002233760270971246
1900000.0 0.0037256584271091932 0.008377763548618768 0.0028864282131952266
1910000.0 0.0031951559225865166 0.007426910557320363 0.0024080946255514695
1920000.0 0.0029695060301920396 0.005431748872555149 0.0022281263297106477
1930000.0 0.0032659046313722796 0.006768065712523888 0.002461566445328943
1940000.0 0.0026565800457297086 0.005618640385740736 0.0019441428298193578
1950000.0 0.0030456919620793607 0.007052810247928616 0.002368507755675219
1960000.0 0.0030316905688901412 0.006839398897037923 0.002428620484503592
1970000.0 0.0024853648250039704 0.005958777156224071 0.0018956870967318069
1980000.0 0.0028773303673519067 0.005312187955183477 0.0021624852107121045
1990000.0 0.0029992496620080754 0.007070366166581084 0.002237754652684403
2000000.0 0.003033447244787191 0.007477486918228377 0.002316111719592469
