0.01 0.0002208396889208259 0.00048350996967681743 0.00016235042563768183
0.02 0.0011307977791322587 0.002186168469485785 0.0008319278372883643
0.03 0.001990866410871509 0.0045249611962477326 0.0015959563243141033
0.04 0.0037199697069705906 0.0084613104912819 0.002846936632653128
0.05 0.0059269435001352445 0.011901287451688666 0.004581431868046526
0.06 0.007821121359046326 0.016484448737609497 0.006051525710597548
0.07 0.012554883610896215 0.028101312108311616 0.009591084807748566
0.08 0.016249370443834118 0.03652059866280162 0.012018789245513294
0.09 0.02347850519633067 0.0517776375961458 0.01823246766653937
0.1 0.0242151087436158 0.05260239439165889 0.01769571733372072
0.11 0.031054826552372482 0.06994517569706397 0.02394472610562669
0.12 0.03191457058560879 0.06813447748285162 0.024520704577788214
