100000.0 0.0031605898436754703 0.007524172460369654 0.0022638934541676396
200000.0 0.002773002171824702 0.004932949566833188 0.002060713314250545
300000.0 0.0027874092730710374 0.0062667206857985195 0.00208813407635056
400000.0 0.002694854353362029 0.005426127991180924 0.0019415366166900174
500000.0 0.0024806451490652216 0.005289587719018893 0.0018625359701035225
600000.0 0.0026848769278391537 0.006255177865901063 0.002036796142254861
700000.0 0.0024963286516525756 0.007021877622157613 0.0018618027255262579
800000.0 0.0027178009051122202 0.005644132420716254 0.0020448733320555215
900000.0 0.0028775349140270534 0.006632320321763877 0.002218447258083429
1000000.0 0.002661128825058176 0.005132501974927889 0.002028092679682311
1100000.0 0.001907446194172195 0.004669835483486274 0.0014531823826890108
1200000.0 0.0019898457128140375 0.004887710786670582 0.0014932793360434961
1300000.0 0.0017311770084605757 0.004106688299367139 0.0013515535400803794
1400000.0 0.0018251568641123367 0.004217262993491657 0.0014426179746871277
1500000.0 0.002081998133337017 0.004405608954122866 0.0015972413251836182
1600000.0 0.0018623240798549211 0.0037545555159337464 0.00139272954931143
1700000.0 0.0015879765897718967 0.00371771710090676 0.001234439855014485
1800000.0 0.0014983582528826029 0.003858507051348887 0.0011686546003726486
1900000.0 0.0015813978441267156 0.003205759310895852 0.0012365996216917702
2000000.0 0.0009601173047199133 0.002065634577264266 0.0007210326370865482
