0.01 2.5815751871357193e-05 5.1190703255834185e-05 2.005058686635081e-05
0.02 0.00010311744356335358 0.0002410700721098863 8.05455937726753e-05
0.03 0.00023140922854591586 0.00046532093716848076 0.00017161091015843388
0.04 0.0004084390718259604 0.0009597323676824567 0.00031251226098520624
0.05 0.0005384717060294635 0.000908098644919469 0.00040916904647109864
0.06 0.0008535554442299485 0.0018536661704184661 0.0006661195557680371
0.07 0.0011735198415659366 0.0028527881074924717 0.0009449525982732157
0.08 0.0016348158962279482 0.0041854573073402575 0.0012661005719668656
0.09 0.0025211431953079374 0.0066956230226211015 0.0018893873510491214
0.1 0.0025950833172952103 0.0061339719578002916 0.00187806399410761
0.11 0.0028210844962582005 0.006717189967146881 0.002058671127879155
0.12 0.004002806371388858 0.011874254558814284 0.003105789459327828
