10000.0 0.002694290741199906 0.005935245282245144 0.0020941619672629366
20000.0 0.0032956293076036327 0.006731341157027659 0.0025259585135819023
30000.0 0.003149333422144159 0.005614676655281756 0.002450429099036171
40000.0 0.003416077254677632 0.0076316583613445866 0.0025219530123318954
50000.0 0.002909383343531362 0.006330263803553511 0.002311218692457188
60000.0 0.0029613977309165774 0.006945852262648008 0.0022864550876036923
70000.0 0.003160961084589172 0.007448021627515484 0.00240726743843297
80000.0 0.0032854286584717523 0.006251238073965995 0.0024822308940563942
90000.0 0.0027625382115325637 0.006852828587719295 0.0021005436227629387
100000.0 0.0029872178290252667 0.005547342164563306 0.0022481393401277074
110000.0 0.0033255634052467274 0.0074030487442193595 0.002465328744225982
120000.0 0.0030396203796673824 0.0059414610788741775 0.002288228092185263
130000.0 0.002817825957150972 0.005823369167724523 0.0021845591151854397
140000.0 0.003085399426370815 0.006059700830404907 0.0023544387206103487
150000.0 0.0028997615599009484 0.006040797841295753 0.0022635740545715608
160000.0 0.002900771318247768 0.006183891524154137 0.002250765047892225
170000.0 0.0030726223578226705 0.008388692300974087 0.0023153125189532163
180000.0 0.0027222367246793455 0.005946960731451524 0.0021074896962735767
190000.0 0.002663337437246589 0.005435216045735699 0.00199533175402866
200000.0 0.002761400018239547 0.006678771544510037 0.002128796684537804
210000.0 0.0033675937156925073 0.00730895434632791 0.002650840313279534
220000.0 0.0034569463935181484 0.009903261297805579 0.0026582962862382966
230000.0 0.0028518027433398424 0.006387577869927863 0.0021721966153990745
240000.0 0.0033023525387706975 0.00767734340823405 0.0025495194030860984
250000.0 0.003506504647385368 0.007606574451504787 0.002630512416090768
260000.0 0.0029978677839505564 0.007674657919634114 0.0022897837594755225
270000.0 0.002887233760814497 0.005706440009201152 0.0021522016002167173
280000.0 0.0026696619399985476 0.005850622933492413 0.002053693778120456
290000.0 0.0030764669023577097 0.0077669107545458894 0.0022744410475848626
300000.0 0.0029800596610640843 0.005722949565718436 0.0023061175073772412
310000.0 0.003103701257793628 0.006465769666702583 0.002296760680381265
320000.0 0.0027831511081271585 0.005597910396292091 0.0020473970612311463
330000.0 0.00346888928922021 0.008524275758825667 0.0026209726733593523
340000.0 0.0030420007622094705 0.006969452516653856 0.0023599033321027242
350000.0 0.002924821845890734 0.0085338020704566 0.002306449079087297
360000.0 0.0025080310892407133 0.004869407830423555 0.0018782883841594537
370000.0 0.0028601013267933635 0.00580299366075591 0.002190379347571063
380000.0 0.0030022284885597404 0.006880612296071272 0.002236417031845313
390000.0 0.002619535452054188 0.00682129750930711 0.0020161782061987833
400000.0 0.0030728662268299555 0.0065367064478403115 0.0024006043935985585
410000.0 0.002913981645256633 0.007719094168406286 0.002203390785641386
420000.0 0.002876248499473964 0.007197836446648614 0.002179865046245837
430000.0 0.002907251095894387 0.006192443201602088 0.0022511120736519383
440000.0 0.0026006183017842567 0.0053494671208720165 0.0019486544251054638
450000.0 0.00296861053988623 0.006292954806025041 0.0022645696337267856
460000.0 0.0026346953551366903 0.0054478172230285485 0.002013659709050703
470000.0 0.0028311028627239945 0.006925445315535675 0.0020958907837838135
480000.0 0.002702997002140722 0.005836457465970712 0.0021018820365226844
490000.0 0.0023047747104571656 0.004737540811238029 0.00173645453359416
500000.0 0.002820929859172604 0.007059620635375684 0.0022318491699861204
510000.0 0.0029151974336698292 0.00576726664604665 0.0021981961877133444
520000.0 0.0029904298321451637 0.00661978974017629 0.002234264795832791
530000.0 0.003012780822590596 0.0060472354498681945 0.0021747444405444336
540000.0 0.0026397424984731088 0.005272793713881204 0.00202506765067477
550000.0 0.002730923824853562 0.005505502978816953 0.0020594140808063515
560000.0 0.00276286387923908 0.006947322386634445 0.0021191202698759392
570000.0 0.0028110100279317095 0.004744739303234739 0.0020690720113304382
580000.0 0.0032273867246638203 0.007273744802074509 0.0023552294998352985
590000.0 0.003023972314622297 0.006586821173036903 0.002276235105088729
600000.0 0.00272257948939804 0.006371939486171617 0.0020449156900964327
610000.0 0.002716155503053119 0.005352660665036195 0.0020671549255311295
620000.0 0.0027724189107708424 0.005459434567515601 0.0020735346972624883
630000.0 0.003061371035193533 0.008314454671067227 0.0023496083733079314
640000.0 0.0027404230771914985 0.005592689933028438 0.0020644415428010964
650000.0 0.0026959135946764425 0.006173076661600678 0.002040364039140762
660000.0 0.0025358559405123603 0.005526143487061005 0.0019109021782324753
670000.0 0.0028438074689181732 0.005743410256528784 0.002171154286692065
680000.0 0.0024122500702776052 0.005834511533660132 0.0018871678177990613
690000.0 0.0030245054313744303 0.007810414286052102 0.0022531342281603343
700000.0 0.0026776112594620784 0.006139231014378086 0.002021336778441161
710000.0 0.0022904811151618527 0.005402304075266007 0.0017648428765121404
720000.0 0.0030960321450290893 0.007055819516540301 0.002313387268791513
730000.0 0.002452875155819941 0.005483475337006909 0.0019103943767636127
740000.0 0.0030046214439376708 0.00740952423394064 0.0023345912410549867
750000.0 0.0027562944735729194 0.006088938552557816 0.0021365509005737667
760000.0 0.002952593668741738 0.005664921259510669 0.002314177130898728
770000.0 0.0029157871085351557 0.0054764837344812994 0.0021905870631439184
780000.0 0.0030169986723305128 0.007090212839434356 0.0022919499088842393
790000.0 0.0024813983100558166 0.006838014354681347 0.0019010247355779975
800000.0 0.0028915135171896818 0.006196227823349666 0.00223846092949768
810000.0 0.002368051721905082 0.0058388755008983734 0.0017708897621344776
820000.0 0.0025095848159947276 0.004991255079486748 0.0019103749384378778
830000.0 0.002338062026337087 0.006710253451020409 0.0018514927137457404
840000.0 0.0025085903246795664 0.0048052108199417845 0.001909176194730769
850000.0 0.002570286855172941 0.00599424921149359 0.0018842406013778903
860000.0 0.002540689757411728 0.006695184725353372 0.002004240962359607
870000.0 0.002418158866194814 0.006246724626583797 0.001810444464819602
880000.0 0.002383130855784645 0.006601644099552638 0.0018331484338291965
890000.0 0.0026067225949964715 0.006393990764999027 0.002011614643095412
900000.0 0.0024395257054712883 0.005042671347156759 0.0018555506329210123
910000.0 0.0026242435900787177 0.004789405522686246 0.001981823419293501
920000.0 0.0023503054533186543 0.005123740525268535 0.0018253019766871488
930000.0 0.0022363955357652767 0.005240770140879262 0.0016855409696087415
940000.0 0.002327033552563202 0.004977416543801469 0.0017330150388593592
950000.0 0.0024785209227221627 0.006277429798344945 0.0018756540761300704
960000.0 0.0023547777587616795 0.007666628751953624 0.0018439849465307701
970000.0 0.002714937083773702 0.0049013303022684696 0.0020916410618528466
980000.0 0.0024745595001087455 0.005251141037901596 0.0018433935142470252
990000.0 0.0025641515628003213 0.005515824324674298 0.001973435928863792
1000000.0 0.0022205895190270356 0.0050418202346266296 0.0016884976397923599
1010000.0 0.0022829497805590343 0.006166333032256956 0.0017881703756570115
1020000.0 0.0020412380466114503 0.005700308543057699 0.0016255157599643487
1030000.0 0.00229967661469286 0.005136200445664435 0.001733830802982549
1040000.0 0.00237639389218587 0.006334967354075508 0.00184550777403546
1050000.0 0.0023566052929053813 0.005422661899450834 0.001793769513862333
1060000.0 0.0026330345143575082 0.006229829625225467 0.001977925412603248
1070000.0 0.002303186145744582 0.005628573327672438 0.0017644413669781105
1080000.0 0.0022597980736199794 0.00515039407674065 0.0016998638531661814
1090000.0 0.0023527123930335756 0.005365817725820646 0.0018135005091626695
1100000.0 0.002473662247282184 0.005363035127263485 0.001842808547757755
1110000.0 0.0021555946133254202 0.0059254369292780825 0.0016652586267213198
1120000.0 0.0022919750863297315 0.0048648491529225514 0.0017314593734391358
1130000.0 0.002040087065348936 0.00450878622205478 0.0015701867345429192
1140000.0 0.0023092356839542966 0.004660797902307609 0.0017381439320070626
1150000.0 0.0024637105080046852 0.005670922345898164 0.0018766850960240742
1160000.0 0.002284537267967987 0.004945393054087928 0.0018085268300990465
1170000.0 0.002261115795761374 0.005720966112193182 0.0017398987678930481
1180000.0 0.0025430895455102872 0.0050566034934258815 0.0019137247208266504
1190000.0 0.001983790422018417 0.004925416427635064 0.0015245071010195888
1200000.0 0.002126178801174288 0.0045043987515559014 0.0016161684967780465
1210000.0 0.0022836981085554192 0.005603428468265968 0.0017501672769918047
1220000.0 0.0020228597378118317 0.004335624154342698 0.001538663335813707
1230000.0 0.0019854193913010467 0.004409636840549403 0.0015014137947618393
1240000.0 0.0022881800625288327 0.005055542423921457 0.0016807196955021882
1250000.0 0.001961040345861782 0.0041653111249373605 0.0015114025803969389
1260000.0 0.002048455454409615 0.005201288516507993 0.0015589412787707225
1270000.0 0.002198525746611006 0.005274694254314957 0.001659589235218656
1280000.0 0.0020466725275553777 0.004543323956927855 0.0016036161736566318
1290000.0 0.0020154339300939563 0.003952517083275245 0.0015089636464237183
1300000.0 0.002051329107752352 0.005653167858162385 0.0016344208518558891
1310000.0 0.001991839435957596 0.004943963471365971 0.0015589917588749648
1320000.0 0.002091595396710865 0.003952795160789454 0.0016290288294147977
1330000.0 0.002042075187804318 0.00405153814310378 0.0015420932312201262
1340000.0 0.002064801953661186 0.004323250542829979 0.0016156657462586858
1350000.0 0.0017246920240640909 0.0036802991413689957 0.0012898651060570233
1360000.0 0.0019226499651072626 0.005411778187779596 0.0014502283004408246
1370000.0 0.0017634953550625797 0.0038952870038662605 0.0013224513245960157
1380000.0 0.002072367812729687 0.004281398990652612 0.0016049615218120764
1390000.0 0.0018022274643702623 0.004937021645989449 0.0013882177494288668
1400000.0 0.001991810030968594 0.004178746020648397 0.0014957447764151679
1410000.0 0.002022444466606368 0.004686935408174347 0.0015251919298005833
1420000.0 0.0019390459470495813 0.004369086792506471 0.001484818199449238
1430000.0 0.001574055476429952 0.0034666264255376355 0.0011582683611796438
1440000.0 0.0015971093753107718 0.004065117681779113 0.0012034743567862628
1450000.0 0.001734552233902735 0.003825358117014773 0.001310350880696806
1460000.0 0.0020143499442071985 0.004409748868360798 0.001500834465426521
1470000.0 0.0019989679885814913 0.004968274718828071 0.0015421308492392857
1480000.0 0.001754483331998303 0.003981219883250573 0.0013482172776158412
1490000.0 0.0015360782270748582 0.003924006123219044 0.0012171294886477765
1500000.0 0.0022483042341901217 0.005583060253554986 0.00171120713915789
1510000.0 0.001660040094104175 0.004213367681262656 0.0012961545793689286
1520000.0 0.0017961955794248093 0.004164195260741616 0.0013916121040254599
1530000.0 0.0018364329237273477 0.0037528141050059464 0.001375060692882071
1540000.0 0.0018774494843659187 0.004720136045190487 0.0013859479540405438
1550000.0 0.0016171733749911967 0.003923509940393214 0.0012181206189077287
1560000.0 0.001736447347772349 0.003873392948653798 0.0013290257458625579
1570000.0 0.0016290087947025552 0.003556416665617946 0.0012261907990351179
1580000.0 0.00183733626338064 0.004392517775870048 0.0014132279373488068
1590000.0 0.0015800198993587119 0.0031042046803103646 0.0011735738322057544
1600000.0 0.001692584028740198 0.003829417658198592 0.0013256494483362196
1610000.0 0.0016121075131231713 0.0034147386723610393 0.001205899671832303
1620000.0 0.0017221617665249226 0.0035453164487028585 0.0013471081344985773
1630000.0 0.0015837438588199753 0.003720385178562495 0.0011957857908745943
1640000.0 0.0019156827185560121 0.0044153389836292375 0.0014373987362075991
1650000.0 0.0017235776264420892 0.003318615951852543 0.0013292861649249906
1660000.0 0.0017657866770217907 0.0034832466547094834 0.0012889503745467878
1670000.0 0.002065358479666161 0.004536553461470944 0.0015443944436084297
1680000.0 0.00164141851553001 0.003622315881454982 0.0012319266525175905
1690000.0 0.0016015681642301562 0.0037475228705096497 0.0012052315843452414
1700000.0 0.001352708106883948 0.0029356903215154565 0.001009488643932978
1710000.0 0.0016218726309014412 0.0034558141424194245 0.0012273311629269167
1720000.0 0.001618286537487111 0.0036209061268532954 0.0012675966034525505
1730000.0 0.0018235633532079905 0.00437561245404753 0.0014165158453470904
1740000.0 0.0016550127940089291 0.003512245886040687 0.0012477060059985208
1750000.0 0.0013973522888727288 0.003056968439604794 0.0010125235968100393
1760000.0 0.0016973731231262501 0.00393212338802124 0.0012785460414273544
1770000.0 0.001823067146445326 0.00359301217181708 0.0014180169175179408
1780000.0 0.0014768831630633048 0.0036484092434501316 0.0011481194535794118
1790000.0 0.0016651765280566832 0.0035563156956229074 0.0012566499542101053
1800000.0 0.0017433044686639865 0.0048278418679860114 0.0012870811834666564
1810000.0 0.0015794493897661375 0.0034562596186593574 0.0012223259055061466
1820000.0 0.0014676184752583296 0.0030646922746297737 0.0010571546783409436
1830000.0 0.0014250236905706559 0.0028805582398672208 0.0011029223320025154
1840000.0 0.0015149353238154777 0.003339543717436501 0.0011385643947998188
1850000.0 0.0015027393308124125 0.00378973557994623 0.0011104691758294673
1860000.0 0.0013841220377565045 0.0030283163931589187 0.0010894708799911777
1870000.0 0.0012094371161118008 0.0024668472534200045 0.0009018793010723838
1880000.0 0.0017256641552848718 0.0041175383917064585 0.0013153413307543617
1890000.0 0.0015242573013388428 0.0033851055901243966 0.0011629896347568286
1900000.0 0.0014262816104733344 0.002753087268525902 0.0010637439100479658
1910000.0 0.001623419821779079 0.0036286788745511435 0.0012624628646518653
1920000.0 0.0016512696944681682 0.0035908822286179836 0.0012681397993039786
1930000.0 0.0013976916604019143 0.0028601347265410125 0.001076366271364451
1940000.0 0.0016142553549027645 0.004136544067751302 0.0012508100363257842
1950000.0 0.00140044196102461 0.0027210013036311816 0.001066972117481746
1960000.0 0.001576889322638238 0.0034682613918941233 0.0012124210674068334
1970000.0 0.0013032506181902491 0.003078426855536424 0.0009863074328959906
1980000.0 0.0013808809611771456 0.0028460107436503327 0.0010384236398924356
1990000.0 0.0015952351723918046 0.0035454054071849244 0.00126912586622383
2000000.0 0.001508458639716201 0.0035795212391651586 0.0011485283888596177
