999.9999999999999 0.002997034948530623 0.006882007336281874 0.002331791317777775
1999.9999999999998 0.002990448764453554 0.006618619717682328 0.002248225056719074
2999.9999999999995 0.003499407470615081 0.009673953978998217 0.0026762956767446607
3999.9999999999995 0.0033567684900268264 0.008063460770211162 0.0024944601423630107
4999.999999999999 0.003072457637247069 0.0066759954192643816 0.0023205624091213787
5999.999999999999 0.0032695161868776844 0.0062534224828079245 0.0024431758509842237
6999.999999999999 0.0029148363565616895 0.00616156073522222 0.002237899047700418
7999.999999999999 0.0025116761576899284 0.00606029562641652 0.0019230776482122547
8999.999999999998 0.002650489237881225 0.0062306114121144975 0.0020720029831035173
9999.999999999998 0.0031471754345939883 0.006986543525868903 0.0023851123100196462
10999.999999999998 0.0030446405703721956 0.0057674237968800305 0.002344143557780671
11999.999999999998 0.003232087994851128 0.006620178563488227 0.0024497653714347766
12999.999999999998 0.002919796892163486 0.005872981325380771 0.00222431773862528
13999.999999999998 0.0028506313977451343 0.007504201480073463 0.002168107443453865
14999.999999999998 0.002851255066032814 0.006655111194649405 0.0021728902180254825
15999.999999999998 0.0032457806207289285 0.006248540883193298 0.002471695392428514
16999.999999999996 0.003430481770850472 0.007637695949957989 0.002640542890869277
17999.999999999996 0.00314824757287737 0.0073870055970530245 0.0023511532529122865
18999.999999999996 0.0027344895911292732 0.0064439629193760875 0.0021016767574256684
19999.999999999996 0.0031678487265296065 0.0077697599290252215 0.0023967710079673
20999.999999999996 0.002583682335169442 0.006062456900945218 0.0019619661659758055
21999.999999999996 0.0033662156831567635 0.006671455860357265 0.0024786536927095927
22999.999999999996 0.002928927347498001 0.006712242283014158 0.0022618149102335565
23999.999999999996 0.0031902168470510322 0.00609634205987749 0.002390144674262412
24999.999999999996 0.003254693464176351 0.007211759467805905 0.002471586943377876
25999.999999999996 0.0025926493843289305 0.005747168507119478 0.0019520590201505333
26999.999999999996 0.0031336988904617138 0.007293585129509984 0.0023117008640697505
27999.999999999996 0.0028039706569283375 0.0059940561113343655 0.002107722397017075
28999.999999999996 0.0030912856240581533 0.008247887499795731 0.0023596762510071545
29999.999999999996 0.002987329094325537 0.006181589162262984 0.002253489740132717
30999.999999999996 0.0030072521579944996 0.00623867054027925 0.002290158310363599
31999.999999999996 0.003446982195876842 0.008085882295683357 0.002643741495016996
32999.99999999999 0.0028594512649191394 0.006641087924113788 0.002175416717623692
33999.99999999999 0.0030746195332330257 0.006275852383900824 0.0023393639027796424
34999.99999999999 0.002970536718062248 0.005740472354720445 0.002265328199092138
35999.99999999999 0.003217285079898443 0.006979203073746066 0.0024525378571914453
36999.99999999999 0.0029590246826622646 0.0065939014280327925 0.002313342554939312
37999.99999999999 0.0032235803407067187 0.007064777339543733 0.002385166049611884
38999.99999999999 0.00286138386733865 0.005822832182343511 0.0022449367191658496
39999.99999999999 0.0032300663013326947 0.006242840513691489 0.0024190304424576686
