0.01 0.0007554831373727814 0.0020724873167851762 0.0005583103811734687
0.02 0.004231750995782834 0.00746062363143171 0.0031998335408749473
0.03 0.009551217198167405 0.02199924341092662 0.007189662350385156
0.04 0.01610896642938099 0.03475147705445426 0.011966824823011509
0.05 0.02201203070887693 0.054848343479005884 0.017102896212878346
0.06 0.03938761370897885 0.08675850933131919 0.029798869234919666
0.07 0.04247115853043562 0.08636663498377944 0.03100340877673998
0.08 0.05683904036075168 0.1121470115778558 0.04305059567873365
0.09 0.09156554719702577 0.1890455513721321 0.07024085811142458
0.1 0.09806057126162727 0.21361876089516202 0.07551070662170403
0.11 0.12336142858883353 0.2477497482674172 0.09029782085490015
0.12 0.12125329905674026 0.21718018279708753 0.09221832076370615
