0.01 4.5491332146682834e-05 9.16629898794483e-05 3.34256100802113e-05
0.02 0.00020135888456967871 0.0006834769139038923 0.0001560972730465376
0.03 0.0005039504904586024 0.0012146730593060315 0.00039114003707459686
0.04 0.0006368030039714603 0.0013228981384018463 0.0004818099807689823
0.05 0.0016317266735406026 0.003283285640623409 0.0012507581756046177
0.06 0.0017290701995435042 0.003527217339952115 0.0012980899243411118
0.07 0.002192415351788415 0.004765011679528712 0.001697131742136845
0.08 0.0033233632822273606 0.007152133679304231 0.0024936228066039317
0.09 0.004267527179164349 0.011243467313335757 0.0032987266160204934
0.1 0.005150854816562651 0.01121557430026885 0.003953127640918944
0.11 0.005814679422590405 0.014463661013813836 0.004298787919370884
0.12 0.011369879963837292 0.11635634364618713 0.00895634705132246
