100000.0 0.011846863585507357 0.024925888988926507 0.009358063747144015
200000.0 0.013165395655920287 0.03030278541560245 0.009927001973526046
300000.0 0.01122315274512989 0.02210299575433795 0.008768706172033163
400000.0 0.010851344152725519 0.030092643993598497 0.008162915916214026
500000.0 0.009419655077564247 0.025970284356841063 0.007098215939245401
600000.0 0.008756419585607831 0.019652320332564435 0.006883096545770268
700000.0 0.008225527488855912 0.01981893392598007 0.006138322145354455
800000.0 0.007876337718879798 0.01811262036251578 0.006152995763348805
900000.0 0.005937514590119961 0.015887403924943748 0.004641538157495772
1000000.0 0.005778677654423434 0.015180241032287678 0.004336426851017128
1100000.0 0.004565420786746394 0.010602481669123174 0.003650519041721134
1200000.0 0.005349988760222707 0.013906588050414781 0.003945950593779338
1300000.0 0.004096122533980738 0.009057141960295424 0.0030425337254620074
1400000.0 0.0031999074838276837 0.007627422026108351 0.0023152859843449045
1500000.0 0.004401192787810312 0.008350306408192768 0.0032862770241531072
1600000.0 0.003048008578406376 0.007047404339637279 0.0023765414953735766
1700000.0 0.003525283982404591 0.007203421670088653 0.0025982261790422614
1800000.0 0.003433633850504867 0.007230859998355981 0.0026893743327557782
1900000.0 0.0029573514134233346 0.005859635559788204 0.002157163922261934
2000000.0 0.0030524972766161084 0.007246712802378803 0.002289296775605519
