999.9999999999999 0.012366415299039929 0.024921137534606033 0.00937827117296408
1999.9999999999998 0.012599476383973483 0.028043607850950374 0.009313219245476933
2999.9999999999995 0.011706882415548679 0.028211268572387278 0.008875537682073992
3999.9999999999995 0.011214394203225146 0.023534897069410275 0.008699542922235376
4999.999999999999 0.011118261336484843 0.024026059234447804 0.008536665716413207
5999.999999999999 0.011951118513172588 0.027670066394413967 0.00915293999369388
6999.999999999999 0.011515805985275223 0.026467742022280947 0.008725678424672778
7999.999999999999 0.012593019319865015 0.026385368047698147 0.00995372312201961
8999.999999999998 0.01283553507674787 0.027314478034540755 0.009622066654107524
9999.999999999998 0.012561337646574442 0.029002737605868197 0.009531885077020552
10999.999999999998 0.011300585014993557 0.02291765176647058 0.00841211410547279
11999.999999999998 0.011300049141515394 0.026376963457597907 0.008568117757170046
12999.999999999998 0.012470389287202574 0.030043817510428696 0.009448975970504233
13999.999999999998 0.011502666258712354 0.026225596890033908 0.00854308014793179
14999.999999999998 0.012099154606690811 0.024715336879247787 0.009077305470859814
15999.999999999998 0.011353506999093054 0.025806774094881666 0.008835031475264725
16999.999999999996 0.013558480444528915 0.03429997861687487 0.010219490405711563
17999.999999999996 0.012217967482307992 0.029909985075938297 0.00930093413888721
18999.999999999996 0.011220112013552726 0.022146213409976776 0.008413756099985676
19999.999999999996 0.012286690152618301 0.027118286898605865 0.009380906382366085
20999.999999999996 0.011125844771949429 0.024580470775200845 0.008667507856448944
21999.999999999996 0.012726165218007677 0.024987784053671438 0.00957789138566408
22999.999999999996 0.012173534043356965 0.027983049168547786 0.009341690949579472
23999.999999999996 0.01356913485222865 0.029013782098749236 0.010689242776563265
24999.999999999996 0.011894039492353858 0.030870805438743487 0.009063322827692155
25999.999999999996 0.012358072441724675 0.02772654173540134 0.009578507975982288
26999.999999999996 0.011677104956437973 0.024690647972391313 0.008921078158768327
27999.999999999996 0.012472462395886954 0.024922489354208068 0.009457551784575153
28999.999999999996 0.011089830802246545 0.02148704246447076 0.008532830634412372
29999.999999999996 0.011250827797332361 0.0264810873323292 0.008603447973883292
30999.999999999996 0.011520246035639501 0.023934549976613075 0.008869846525385444
31999.999999999996 0.012121578332542508 0.02435464290693675 0.00894987104763977
32999.99999999999 0.012588043949437801 0.026132198967308336 0.009692032277952475
33999.99999999999 0.01311401819608954 0.027505180926716638 0.010124658210273012
34999.99999999999 0.012951964917239094 0.02788042467000364 0.010032755622759796
35999.99999999999 0.012229283095656882 0.024142247376714623 0.00949123734538151
36999.99999999999 0.012774814025193877 0.024666254603422467 0.009509153657403775
37999.99999999999 0.012381732947072255 0.02609962040372165 0.009201365240945338
38999.99999999999 0.012438815001014616 0.026587387841752234 0.009764789551573332
39999.99999999999 0.011493053324281317 0.027558406285996387 0.008700145606706493
