δ=10000.0
ΩR=1.0000000000000002
Ωprime=1.0000000000000002
62831853071.79586
628318530.7179587
628318530.7179587
99.99999999999999
4.999999999999999e-07
0
3.0398082952054257e-18
0.9992072895320308
0.0010569358756810498
0.0004818980541127966
-------
1
1.2159233180821703e-17
0.9975217056316013
0.002906637118190315
0.0018007835922411995
-------
2
2.7358274656848833e-17
0.9937567677738074
0.015021703258181312
0.004368222341773137
-------
3
4.863693272328681e-17
0.9875446070198107
0.016948779172855036
0.00888496294507834
-------
4
7.599520738013566e-17
0.9839056577094235
0.02633358228462519
0.010200290702414542
-------
5
1.0943309862739533e-16
0.9798463899859413
0.030309342142769823
0.012706766888029783
-------
