δ=10000.0
ΩR=1.0000000000000002
Ωprime=1.0000000000000002
62831853071.79586
628318530.7179587
628318530.7179587
99.99999999999999
4.999999999999999e-07
0
3.0398082952054257e-18
0.9983143646656456
0.002889385769713276
0.0012490574128066507
-------
1
1.2159233180821703e-17
0.9909453982046186
0.022920699482012377
0.006732158660046669
-------
2
2.7358274656848833e-17
0.984377222214205
0.038649416416243
0.012307171637547454
-------
3
4.863693272328681e-17
0.9574468758647613
0.09907119255798492
0.032686517788730926
-------
4
7.599520738013566e-17
0.9381879785948104
0.09067983559584222
0.04834287230249818
-------
5
1.0943309862739533e-16
0.9424052868216375
0.12443909818185037
0.04121038294841814
-------
