δ=10000.0
ΩR=1.0000000000000002
Ωprime=1.0000000000000002
62831853071.79586
628318530.7179587
628318530.7179587
99.99999999999999
4.999999999999999e-07
0
3.0398082952054255e-20
0.9999340315114029
0.0001187444671372612
4.132720591505456e-05
-------
1
1.2159233180821702e-19
0.9996779733619476
0.00044458226925628497
0.00020750887035264753
-------
2
2.735827465684882e-19
0.9994639957675098
0.0008094956639524964
0.0003404327974933326
-------
3
4.863693272328681e-19
0.9986124954760559
0.001321656759185972
0.0008685947047418813
-------
4
7.599520738013564e-19
0.9978352975818982
0.003103669200282427
0.001521226390705663
-------
5
1.0943309862739529e-18
0.9971230188367072
0.00521637302044953
0.0017292733252295062
-------
