f3swp1_1212.txt
δ=1999.9999999999998
ΩR=0.9999391999999999
Ωprime=0.9999391999999999
12566370614.35917
280984046.9370711
280984046.9370711
5.000304018484324e-07
nl is 117
0
4.452808039507425e-05
0.9999970941217622
-------
1
4.452808039507425e-05
0.9999964947899485
-------
2
4.4528080395074256e-05
0.9999950859015645
-------
3
4.452808039507425e-05
0.9999942753437834
-------
4
4.452808039507425e-05
0.9999912712063357
-------
5
4.4528080395074256e-05
0.9999905003373796
-------
6
4.452808039507425e-05
0.9999889107903823
-------
7
4.452808039507425e-05
0.9999798835995134
-------
8
4.452808039507424e-05
0.9999821409276741
-------
9
4.452808039507425e-05
0.9999742771726041
-------
10
4.452808039507425e-05
0.999973185712627
-------
11
4.4528080395074256e-05
0.9999684712114516
-------
12
4.4528080395074256e-05
0.9999554233882711
-------
13
4.452808039507425e-05
0.9999613138269183
-------
14
4.452808039507425e-05
0.9999402091582095
-------
15
4.452808039507425e-05
0.9999446808526444
-------
16
4.4528080395074256e-05
0.9999373923093521
-------
17
4.452808039507424e-05
0.9999266131725703
-------
18
4.452808039507425e-05
0.99991977555095
-------
19
4.452808039507425e-05
0.9999178906781799
-------
20
4.452808039507425e-05
0.9999252898173445
-------
21
4.452808039507425e-05
0.9999027614679581
-------
22
4.452808039507425e-05
0.9998910453526221
-------
23
4.4528080395074256e-05
0.99989463681467
-------
24
4.4528080395074256e-05
0.9999167937752232
-------
25
4.4528080395074256e-05
0.9998794021727907
-------
26
4.452808039507425e-05
0.999867049577521
-------
27
4.452808039507425e-05
0.9998723732279935
-------
28
4.452808039507425e-05
0.9998578483122134
-------
29
4.452808039507425e-05
0.9998678414731441
-------
30
4.4528080395074256e-05
0.9998131758208396
-------
31
4.452808039507425e-05
0.9998387609793975
-------
32
4.452808039507425e-05
0.9998499425078742
-------
33
4.4528080395074256e-05
0.999798620963935
-------
34
4.452808039507424e-05
0.9998284670689118
-------
35
4.452808039507424e-05
0.9998471232798762
-------
36
4.452808039507425e-05
0.9998161382736431
-------
37
4.452808039507425e-05
0.9997946787933363
-------
38
4.4528080395074256e-05
0.9997975796162835
-------
39
4.452808039507425e-05
0.9997773183880982
-------
40
4.452808039507425e-05
0.9998015036766607
-------
41
4.452808039507425e-05
0.9997736255626051
-------
42
4.4528080395074256e-05
0.9998040403621594
-------
43
4.452808039507425e-05
0.9998153906287542
-------
44
4.452808039507425e-05
0.9998546556884911
-------
45
4.452808039507425e-05
0.9998168708767531
-------
46
4.452808039507425e-05
0.9997506964903705
-------
47
4.4528080395074256e-05
0.9997701495301656
-------
48
4.452808039507425e-05
0.9998037517146593
-------
49
4.4528080395074256e-05
0.9997985800363801
-------
50
4.452808039507425e-05
0.9997631051263253
-------
51
4.4528080395074256e-05
0.9998289230705592
-------
52
4.4528080395074256e-05
0.9998076859065584
-------
53
4.452808039507425e-05
0.9997900355865178
-------
54
4.4528080395074256e-05
0.9998119423557099
-------
55
4.452808039507425e-05
0.9997860174788834
-------
56
4.452808039507425e-05
0.9998373676307107
-------
57
4.452808039507425e-05
0.9997891126339673
-------
58
4.452808039507425e-05
0.9998297650408252
-------
59
4.452808039507425e-05
0.9998499490243365
-------
60
4.452808039507425e-05
0.9998212662354777
-------
61
4.4528080395074256e-05
0.9998265570422562
-------
62
4.452808039507425e-05
0.9998397410813296
-------
63
4.452808039507425e-05
0.9998335511513194
-------
64
4.452808039507425e-05
0.9998500622028595
-------
65
4.452808039507425e-05
0.9998495675976666
-------
66
4.452808039507425e-05
0.999862284976858
-------
67
4.4528080395074256e-05
0.9998526460058917
-------
68
4.452808039507425e-05
0.9998569553994224
-------
69
4.452808039507424e-05
0.9998974795827288
-------
70
4.4528080395074256e-05
0.9998973337448203
-------
71
4.452808039507424e-05
0.9999001348145407
-------
72
4.4528080395074256e-05
0.9998903785741913
-------
73
4.452808039507425e-05
0.9999220844149607
-------
74
4.452808039507425e-05
0.9998933491065037
-------
75
4.452808039507425e-05
0.9999348438477306
-------
76
4.4528080395074256e-05
0.9999207938025554
-------
77
4.4528080395074256e-05
0.9999382419398742
-------
78
4.452808039507425e-05
0.9999392160986984
-------
79
4.452808039507425e-05
0.999946522402042
-------
