f3swp2_1212.txt
δ=1999.9999999999998
ΩR=0.9999391999999999
Ωprime=0.9999391999999999
12566370614.35917
280984046.9370711
280984046.9370711
5.000304018484324e-07
nl is 117
0
4.452808039507425e-05
0.9999894395941502
-------
1
4.452808039507425e-05
0.9999894231373129
-------
2
4.4528080395074256e-05
0.9999893194566613
-------
3
4.452808039507425e-05
0.9999890236123439
-------
4
4.452808039507425e-05
0.9999881586984163
-------
5
4.4528080395074256e-05
0.9999865344605847
-------
6
4.452808039507425e-05
0.9999848950362734
-------
7
4.452808039507425e-05
0.999981864519224
-------
8
4.452808039507424e-05
0.9999754365989066
-------
9
4.452808039507425e-05
0.9999703595763475
-------
10
4.452808039507425e-05
0.9999633569164222
-------
11
4.4528080395074256e-05
0.9999588622849719
-------
12
4.4528080395074256e-05
0.9999483857917383
-------
13
4.452808039507425e-05
0.999941584986923
-------
14
4.452808039507425e-05
0.9999105881414855
-------
15
4.452808039507425e-05
0.9998869257290622
-------
16
4.4528080395074256e-05
0.9998626330149337
-------
17
4.452808039507424e-05
0.9998294698116532
-------
18
4.452808039507425e-05
0.9997759376687331
-------
19
4.452808039507425e-05
0.9998003660511947
-------
20
4.452808039507425e-05
0.9997753459588774
-------
21
4.452808039507425e-05
0.9996686408122799
-------
22
4.452808039507425e-05
0.9996322566272438
-------
23
4.4528080395074256e-05
0.9996037978824704
-------
24
4.4528080395074256e-05
0.9996768392047846
-------
25
4.4528080395074256e-05
0.9995493833128692
-------
26
4.452808039507425e-05
0.9995839320945981
-------
27
4.452808039507425e-05
0.9993984879035774
-------
28
4.452808039507425e-05
0.9994048701011783
-------
29
4.452808039507425e-05
0.9994032606181573
-------
30
4.4528080395074256e-05
0.9994021378091676
-------
31
4.452808039507425e-05
0.9992360231369305
-------
32
4.452808039507425e-05
0.9994103613240989
-------
33
4.4528080395074256e-05
0.9993440106463081
-------
34
4.452808039507424e-05
0.9991169520809396
-------
35
4.452808039507424e-05
0.999271413126881
-------
36
4.452808039507425e-05
0.9992302157319207
-------
37
4.452808039507425e-05
0.9992053524627517
-------
38
4.4528080395074256e-05
0.999299166362499
-------
39
4.452808039507425e-05
0.9992152775288632
-------
40
4.452808039507425e-05
0.9993470572755279
-------
41
4.452808039507425e-05
0.9992807495143673
-------
42
4.4528080395074256e-05
0.9994028585742051
-------
43
4.452808039507425e-05
0.9994724395978947
-------
44
4.452808039507425e-05
0.9992591248812347
-------
45
4.452808039507425e-05
0.9993148685719189
-------
46
4.452808039507425e-05
0.9993514944077819
-------
47
4.4528080395074256e-05
0.9993215168320564
-------
48
4.452808039507425e-05
0.9995075840107507
-------
49
4.4528080395074256e-05
0.9994725045552241
-------
50
4.452808039507425e-05
0.9994753736758767
-------
51
4.4528080395074256e-05
0.999577521321991
-------
52
4.4528080395074256e-05
0.9996078734100726
-------
53
4.452808039507425e-05
0.9996837730322383
-------
54
4.4528080395074256e-05
0.999740292701952
-------
55
4.452808039507425e-05
0.9997292603690605
-------
56
4.452808039507425e-05
0.9998135232202735
-------
57
4.452808039507425e-05
0.9998347449902686
-------
58
4.452808039507425e-05
0.9998335426095895
-------
59
4.452808039507425e-05
0.9998811795602464
-------
60
4.452808039507425e-05
0.9999056800322864
-------
61
4.4528080395074256e-05
0.9999210561470872
-------
62
4.452808039507425e-05
0.9999528226092553
-------
63
4.452808039507425e-05
0.9999625541438578
-------
64
4.452808039507425e-05
0.9999698692826433
-------
65
4.452808039507425e-05
0.9999794375156782
-------
66
4.452808039507425e-05
0.9999838068671523
-------
67
4.4528080395074256e-05
0.9999844795891576
-------
68
4.452808039507425e-05
0.9999846095846692
-------
69
4.452808039507424e-05
0.9999831250081596
-------
70
4.4528080395074256e-05
0.9999779641708857
-------
71
4.452808039507424e-05
0.9999743634555416
-------
72
4.4528080395074256e-05
0.9999720593377641
-------
73
4.452808039507425e-05
0.9999644208698348
-------
74
4.452808039507425e-05
0.9999558442704121
-------
75
4.452808039507425e-05
0.999942089110418
-------
76
4.4528080395074256e-05
0.9999443105816591
-------
77
4.4528080395074256e-05
0.9999309537753986
-------
78
4.452808039507425e-05
0.9999163008519771
-------
79
4.452808039507425e-05
0.9999169620926153
-------
