0.02925 0.00013247272054338235 0.00032098652059249754 0.00010057344847939394
0.0585 0.0001646476280857621 0.0003645029400228955 0.0001267726029937126
0.08775 0.00016385313403250638 0.00037297200734923744 0.00011832790456855172
0.117 0.0001288520875277098 0.00024756738406150354 9.571254459416053e-05
0.14625 0.00015324612758617953 0.00036253849813741416 0.00011500202144527198
0.1755 0.00014937403698774937 0.0003318718184958598 0.00011450643372757744
0.20475 0.00014232630886273668 0.00032061954649019914 0.0001078064272507075
0.234 0.0001300377574062063 0.0003006853126348639 0.00010060715174273981
0.26325 0.00011029927601665567 0.0003120103395521845 8.491758159629806e-05
0.2925 0.0001239021401466601 0.00024248148081570212 9.251010373966147e-05
0.32175 0.00013435371196436456 0.00028130700291039703 9.98255438463024e-05
0.351 0.00013213288956442595 0.0002674935185391462 9.931836578813088e-05
0.38025 0.00015291822044539074 0.00034182990413708533 0.00011842556894023159
0.4095 0.00011827957060567267 0.0002502188462158957 8.742966369105226e-05
0.43875 0.00012359590548009777 0.0002786999543597674 9.147919517553311e-05
0.468 0.0001248998169964484 0.00026810855545966435 8.992126932323501e-05
0.49725 0.0001296744335743877 0.0002540554874639448 0.00010007798814919361
0.5265 0.0001082065057185258 0.0002973120496318882 8.031612836478185e-05
0.55575 0.00011882585805558923 0.00028464454554848515 8.930380103970693e-05
0.585 0.00013433742704542785 0.0002749043806324675 0.00010286075403380955
0.61425 0.00013273968367319116 0.00025222205357984165 0.00010227031914563126
0.6435 0.00011141339907849742 0.000269630357248159 8.225746921321591e-05
0.67275 0.00011449114910581291 0.00025113548144739236 8.33560165758128e-05
0.702 0.00011838085399079841 0.0003794647830463696 8.978666794473125e-05
0.73125 0.0001176336781060652 0.0002644288076663116 9.19484423106209e-05
0.7605 0.00012350037846324468 0.00026374284749337715 9.340563337242271e-05
0.78975 0.00010383245842249347 0.00023848563307850602 7.83307996904329e-05
0.819 0.00010879438980323411 0.00022438959952996614 8.537614688453385e-05
0.84825 8.806247388913652e-05 0.00016339316416782515 6.73424720788699e-05
0.8775 9.23617757867399e-05 0.00018039121714508234 6.809284961613562e-05
0.90675 9.930189918543049e-05 0.00022607765205466266 7.838054110803199e-05
0.936 9.600050764835548e-05 0.00022544953349962175 7.04255881129586e-05
0.96525 8.984792050858419e-05 0.00022603139586194784 7.09078801289361e-05
0.9945 8.861968725603249e-05 0.0001548667311862676 6.467474905808502e-05
1.02375 7.237769749436709e-05 0.00016170126786531878 5.600040081087475e-05
1.053 8.222403682113818e-05 0.0002037779463067295 6.474012127656788e-05
1.08225 7.617867233553771e-05 0.0002219377867682684 5.793946254895565e-05
1.1115 7.607819644683573e-05 0.00017748288768868755 5.8539667835552724e-05
1.14075 8.200240590378533e-05 0.00018015467282234525 6.473429358975385e-05
1.17 7.602159337622723e-05 0.00017596695949237672 5.756721340053607e-05
1.19925 6.252747799463861e-05 0.0001421302663876965 4.809927785102038e-05
1.2285 6.126306473249939e-05 0.00012108469494133311 4.648231971981301e-05
1.25775 7.045523606718602e-05 0.0001225932023754898 5.3878969910800005e-05
1.287 5.032940548527858e-05 0.00011899929049565542 3.8802553534524795e-05
1.31625 6.274209475583709e-05 0.00012927072626108433 4.785441817733112e-05
1.3455 5.948514036694512e-05 0.00010231424200484117 4.517427492566564e-05
1.37475 5.389486789019874e-05 0.00016361960660566513 4.226723758169377e-05
1.404 4.6242632393136584e-05 0.0001021520358281836 3.581265108627769e-05
1.43325 5.097228404714557e-05 0.00010001925531630959 3.793144296173978e-05
1.4625 5.1246855052625285e-05 0.0001115250923181852 3.727077370720842e-05
1.49175 5.496001704408806e-05 0.00012097726486876599 4.3418751031586595e-05
1.521 3.965614727809409e-05 9.092890075916724e-05 3.0102418758571544e-05
1.55025 4.31262440108741e-05 0.00011570714754386385 3.3929394294023484e-05
1.5795 4.152290685804571e-05 0.00011237962503216108 3.358394609376836e-05
1.60875 3.511713603707163e-05 7.814415888701641e-05 2.699408986125746e-05
1.638 3.439717390723784e-05 8.262535240668844e-05 2.6441410014624293e-05
1.66725 3.389482279132712e-05 7.273408989609497e-05 2.5876479340675297e-05
1.6965 3.7455877259796435e-05 6.929392808143831e-05 2.8400027964167056e-05
1.72575 3.282530752605742e-05 6.728782172945154e-05 2.4731243496336258e-05
1.755 3.453403826891601e-05 0.00011435731160647506 2.6296754425987804e-05
1.78425 2.3786745220104693e-05 5.011196670587853e-05 1.8605520650024645e-05
1.8135 2.6136724033193502e-05 4.745226522041004e-05 1.9358466622296155e-05
1.84275 2.4367142911183283e-05 5.975432755397831e-05 1.8742605901339722e-05
1.872 2.3680511648011912e-05 5.320249195169243e-05 1.7614638317009517e-05
1.90125 2.305343077430906e-05 6.036530850248244e-05 1.6859481462207744e-05
1.9305 1.7461734725607534e-05 4.106884643533893e-05 1.3133150352367134e-05
1.95975 1.9257965754889663e-05 4.251564555562534e-05 1.4924331992189685e-05
1.989 1.7749015099006144e-05 4.368940910942174e-05 1.3316882086345445e-05
2.01825 1.5370157066836564e-05 3.82466705234855e-05 1.2021646668290831e-05
2.0475 1.6604824699544453e-05 4.270937391706067e-05 1.2979156756382355e-05
2.07675 1.0917598634116728e-05 2.4852233625910876e-05 8.414810404082072e-06
2.106 1.4103163214740228e-05 3.2823471474049594e-05 1.0527519706890535e-05
2.13525 1.189872663263525e-05 2.5793736386955816e-05 8.781539480723983e-06
2.1645 1.2342125248516123e-05 4.923887494632383e-05 9.254694040141564e-06
2.19375 1.0216084245785607e-05 1.953164624408937e-05 7.710873688759763e-06
2.223 8.803538286782862e-06 2.1239888478941675e-05 6.71573093769202e-06
2.25225 8.988468871098403e-06 2.444067161446767e-05 7.004232068834189e-06
2.2815 7.2279886747135095e-06 1.724000116729369e-05 5.680876203492642e-06
2.31075 6.537302041953771e-06 1.689571611082644e-05 5.049517000839293e-06
2.34 5.391523500279656e-06 1.2749957389527038e-05 4.089018107467494e-06
