0.02925 1.164456282080138e-07 2.779697542623329e-07 8.869438413472834e-08
0.0585 4.811265413350791e-07 1.0035842179736841e-06 3.7420894647811516e-07
0.08775 1.0195297862702734e-06 2.3284744685601814e-06 7.590570224681212e-07
0.117 1.8476101621413276e-06 4.263725582357631e-06 1.5029478915410205e-06
0.14625 3.097524818364377e-06 7.359652892867627e-06 2.380409678686563e-06
0.1755 4.56251950468518e-06 1.178028988677186e-05 3.5996744161549397e-06
0.20475 6.5864035387426345e-06 1.708070757036252e-05 5.114055015259671e-06
0.234 7.400480953961969e-06 1.468738023311552e-05 5.684376981905804e-06
0.26325 1.0192932874390071e-05 2.5208736524885138e-05 7.751177683814845e-06
0.2925 1.1796608179676122e-05 2.494274085390479e-05 8.64055525208286e-06
0.32175 1.4774824761965342e-05 3.844071768278382e-05 1.1322108820276526e-05
0.351 1.5934361484009315e-05 3.0781433966340045e-05 1.1467020943051691e-05
0.38025 1.4243828430029428e-05 3.1552270607195965e-05 1.1090259177702853e-05
0.4095 1.877621657017436e-05 4.159767905348745e-05 1.446184886659364e-05
0.43875 2.3991923962989656e-05 6.445502396469194e-05 1.8231739703738998e-05
0.468 3.0068934043147864e-05 6.046049284849444e-05 2.372003933716011e-05
0.49725 2.9788790693681123e-05 6.858686058403639e-05 2.3913347739173475e-05
0.5265 4.070722374543303e-05 0.00012833080647538665 3.177286683424142e-05
0.55575 3.4434016637487736e-05 6.971970023491904e-05 2.6170798175611378e-05
0.585 3.553913831972068e-05 7.218204110449892e-05 2.6842519240894572e-05
0.61425 4.261869157726138e-05 8.896526007964407e-05 3.332408523060877e-05
0.6435 4.7270455284086574e-05 9.392087333570349e-05 3.698413361970571e-05
0.67275 5.2257445104170967e-05 0.0001010146229735125 3.943500341393515e-05
0.702 5.2600846850854975e-05 0.00012541950399317666 3.99298665237988e-05
0.73125 5.9245458004140974e-05 0.00011559302889292748 4.3901692068906535e-05
0.7605 6.955175314083333e-05 0.00015812351973146013 5.4104013138545796e-05
0.78975 6.842514285363858e-05 0.00015361655202269058 5.102897008998521e-05
0.819 7.027561906038718e-05 0.0001403237028842335 5.322664017202346e-05
0.84825 7.25064988971808e-05 0.00014211326661182344 5.6704563472073963e-05
0.8775 6.0546051721561834e-05 0.00013376276155354527 4.496071752359495e-05
0.90675 8.265298779323929e-05 0.00026785402073921827 6.24673729317193e-05
0.936 7.346367649029047e-05 0.00013490699096845274 5.6368870654832626e-05
0.96525 8.62434613942842e-05 0.0002165612252147089 6.60365237701618e-05
0.9945 7.672949177823892e-05 0.00017306917241166275 5.769761073288167e-05
1.02375 7.590234626075479e-05 0.00017092340797981735 5.9531211232474264e-05
1.053 9.58414217740428e-05 0.00019305832164181897 7.36049548400312e-05
1.08225 9.477957428924053e-05 0.0001961736456838446 7.031687486281152e-05
1.1115 8.88578823553878e-05 0.00021380017887635025 6.836350676472347e-05
1.14075 0.00010035944839316734 0.00023454648759336613 7.481228586246342e-05
1.17 9.388215778801182e-05 0.00017901244397514095 7.060735549062597e-05
1.19925 0.00010910874404376135 0.00023561402081511055 8.165548467397563e-05
1.2285 9.784880891066774e-05 0.00022930687816778678 7.291348630341408e-05
1.25775 0.00011238485799188608 0.0002689627050519186 8.166585770104449e-05
1.287 0.00010502477135420682 0.00026977635326664277 8.063169716173582e-05
1.31625 0.00010063849637026997 0.00021433083882115768 7.751381960640537e-05
1.3455 0.00011181372786751873 0.0002729475903220556 8.452435204328865e-05
1.37475 0.0001265187177089875 0.0002860772794240865 9.732266320433153e-05
1.404 0.00010867186819639721 0.00023192595063017954 8.232052753015656e-05
1.43325 9.668239599117733e-05 0.00020354751291621568 7.286808856358794e-05
1.4625 0.00011282872710152002 0.00020730796843656325 8.572385633567174e-05
1.49175 9.096784551957959e-05 0.00017176161534300307 6.527116624718258e-05
1.521 9.569611374110733e-05 0.00027817320685213356 7.456849277794121e-05
1.55025 9.757399518442676e-05 0.00023666818672365286 7.572362598440371e-05
1.5795 0.00010083420333106626 0.00022779719025137104 7.360270608997473e-05
1.60875 0.00010251158149274565 0.00025747377508866733 8.184757208396145e-05
1.638 0.00012022732874152711 0.0003215965749514032 9.179575479587467e-05
1.66725 8.85265453633911e-05 0.00016171115411508973 6.873522610600009e-05
1.6965 9.06030578754315e-05 0.00017932699322133935 6.886693903229288e-05
1.72575 8.357275295816781e-05 0.00018484321199461136 6.430663266325789e-05
1.755 9.133800484905353e-05 0.00018195341460314944 7.000317147687056e-05
1.78425 9.620421907367168e-05 0.00017584055826883632 7.092387653393045e-05
1.8135 7.155119693219319e-05 0.0001638781698115454 5.466666804855639e-05
1.84275 7.042768315162932e-05 0.00014108532485057073 5.184873273577504e-05
1.872 7.90369179987852e-05 0.00017110574987440238 6.114082826298335e-05
1.90125 8.095653151966859e-05 0.00016849550057308646 6.120036279952954e-05
1.9305 7.739405420038092e-05 0.0002637205166862179 5.931611375384825e-05
1.95975 6.131425557256825e-05 0.0001548547996713037 4.7277197830322214e-05
1.989 5.975987626186373e-05 0.0001390858369702742 4.383081180379454e-05
2.01825 6.633880469327481e-05 0.00016326927806372072 5.0154524271499506e-05
2.0475 5.871960021800694e-05 0.00012988802593584677 4.489047024098637e-05
2.07675 4.7116977269133105e-05 0.0001275382250369121 3.551359379295064e-05
2.106 6.117774247967788e-05 0.00015202207558766577 4.7113020835982815e-05
2.13525 5.8203689615767396e-05 0.0001231645835360265 4.4319391818387726e-05
2.1645 4.443587706228451e-05 9.629897160339238e-05 3.3823272887509286e-05
2.19375 4.6561605590821e-05 8.244694479210579e-05 3.49287058386168e-05
2.223 4.780940836241699e-05 0.00010142578094673204 3.4866170416088116e-05
2.25225 3.41903583209106e-05 8.973809454644968e-05 2.6742946543157835e-05
2.2815 3.684807167830678e-05 7.070728429219418e-05 2.7937020707719878e-05
2.31075 3.5242268799577824e-05 8.5237198733959e-05 2.6408168492463822e-05
2.34 3.631796617500524e-05 7.617301344844249e-05 2.8174296143742323e-05
