0.02925 1.1561631459862954e-06 2.5559593440353967e-06 8.752837806661635e-07
0.0585 4.0101685185466764e-06 1.0035145120070267e-05 3.2239607228473336e-06
0.08775 1.0568153622221382e-05 1.8229787009534312e-05 8.057821511766107e-06
0.117 2.168033354454227e-05 5.465759215818729e-05 1.6243640110619038e-05
0.14625 2.836807045438393e-05 8.125090488975544e-05 2.1024298227115797e-05
0.1755 3.9733641115217834e-05 7.842170591945355e-05 2.9883373171615528e-05
0.20475 5.787578979948169e-05 0.0001382480057474923 4.267189017098192e-05
0.234 6.682676921748492e-05 0.00012848461231719076 5.229558115683184e-05
0.26325 7.832548389736831e-05 0.0001659564629099801 6.086798789615346e-05
0.2925 0.00010636960999184695 0.00019515435798523633 8.257424385419527e-05
0.32175 0.00013673531063242782 0.00027458004645877055 0.0001023264856545682
0.351 0.0001328068823892749 0.0003146839556043173 0.00010053086255095762
0.38025 0.0001616329118061858 0.0004964794655679569 0.0001257651715021528
0.4095 0.0001915347865787482 0.0003424070462615775 0.00014526015396253212
0.43875 0.00019678558224892133 0.0005253378248323794 0.00015613201160943226
0.468 0.00025045044496343376 0.0005352246920203719 0.00019153982901718003
0.49725 0.00024342669493681551 0.0005241944912222189 0.00018745579994993737
0.5265 0.0002322341489354332 0.0005040123933073522 0.0001759313011883712
0.55575 0.0003016750058522765 0.000702185056451366 0.00023394143479416176
0.585 0.0002905999472734065 0.0005427095335863682 0.00021310750301007042
0.61425 0.0002873950870973976 0.0006386792486773811 0.00022091421470158939
0.6435 0.0003263098645331315 0.0005902359824690651 0.00023990167923162352
0.67275 0.00039313131012627597 0.0008335598038982647 0.0003019157941864152
0.702 0.00044691524537511214 0.000981195582889693 0.0003489789896537925
0.73125 0.000412279318458891 0.0011972853906452752 0.00030639699037468055
0.7605 0.00034542285380732737 0.0007697937723190059 0.00026995426744458106
0.78975 0.0003553830550715786 0.0006882952583487843 0.0002712968463890085
0.819 0.00035852151483262227 0.0008286436404105649 0.0002759244433910686
0.84825 0.0003438198657655921 0.0009369962440976784 0.0002676509381621
0.8775 0.00036547009823936224 0.0007641135420734825 0.00028047656968527464
0.90675 0.0003567482534106349 0.0008498734475077238 0.00027976827081441235
0.936 0.0004047098898052444 0.0009449243562787694 0.0003117276572798873
0.96525 0.0003480450047861394 0.0007647039986352025 0.00026085290067122586
0.9945 0.00035215812294578803 0.0007054439404164814 0.0002671755777647128
1.02375 0.00035962853891387237 0.00082169343587342 0.000278384900678552
1.053 0.0003239637357522576 0.0006382428635678262 0.0002446065338285954
1.08225 0.00030251467943401896 0.0006742578010837225 0.0002239281106939577
1.1115 0.0002793198832643966 0.000666103489865706 0.0002150927944046668
1.14075 0.0002483185496629762 0.0005267829828191366 0.00018853920715640563
1.17 0.00021706332238654002 0.00047644955831811564 0.0001674112221617198
1.19925 0.00028368070331871985 0.0005566756147226553 0.00021030596104971966
1.2285 0.00020290238490182382 0.00044047634020025894 0.00015180196889147944
1.25775 0.00021318806076927073 0.0004130098227849018 0.0001623013176326419
1.287 0.00018745794490011435 0.0004528245119439827 0.00014931964497064368
1.31625 0.0001958928639335778 0.00040688545067594524 0.00015309631955137887
1.3455 0.00017831392634472368 0.0004636500119226601 0.0001306330660441516
1.37475 0.00014652322611865895 0.00036708299211889644 0.00010984539993148198
1.404 0.00014503374703082742 0.0002633197074817174 0.0001091834104801896
1.43325 0.00012529216149624793 0.0002622141777252153 9.724858604865851e-05
1.4625 0.00010915272086602584 0.0002495051015712651 8.633604911629367e-05
1.49175 9.95808218604757e-05 0.00022787808138012209 7.682301631883029e-05
1.521 9.073406225435188e-05 0.0001763449189790875 6.905532319671495e-05
1.55025 7.065478720612551e-05 0.00014233242932148562 5.367797200012037e-05
1.5795 6.712044986431834e-05 0.00013965905426130163 4.9474622369347676e-05
1.60875 4.9328924056205156e-05 0.00010500980250680374 3.637514165498183e-05
1.638 4.918295835485379e-05 0.00010987877903911771 3.922176017642608e-05
1.66725 3.9204006715985636e-05 9.274446574338172e-05 3.0990631117014795e-05
1.6965 3.151977435093958e-05 7.537978931160132e-05 2.4726986493186642e-05
1.72575 2.998809391214912e-05 5.967463727040281e-05 2.44105916252638e-05
1.755 1.9113473971418667e-05 4.940400249449667e-05 1.4764152148625306e-05
1.78425 1.6084338319552807e-05 3.548638653252139e-05 1.2179878963135631e-05
1.8135 9.356074488445041e-06 2.315010829237459e-05 7.145375355596298e-06
1.84275 9.141798723134992e-06 2.0076304050009984e-05 6.861739139723417e-06
1.872 6.680889145373078e-06 1.4784078403532359e-05 5.023512605642454e-06
1.90125 6.175562377287182e-06 1.3206980426216585e-05 4.672542809982439e-06
1.9305 3.4821562295076512e-06 8.458002799623095e-06 2.6739897041845495e-06
1.95975 2.8530378784620603e-06 6.05201918423601e-06 2.070342946371531e-06
1.989 2.12758427465747e-06 5.064667264197117e-06 1.5178982853401379e-06
2.01825 1.7938198110033725e-06 2.973662599177738e-06 1.3305091593786353e-06
2.0475 1.7169062673561208e-06 2.8830874948005043e-06 1.2599152694681204e-06
2.07675 1.7252787808809872e-06 3.356097491374125e-06 1.2343311723055957e-06
2.106 2.353014464031542e-06 5.171264922864329e-06 1.7732649097622923e-06
2.13525 2.0713955840263303e-06 4.022112893921944e-06 1.4301298102735573e-06
2.1645 2.8672894365250773e-06 7.00030797219484e-06 2.1249000873003894e-06
2.19375 2.53547986198482e-06 5.446017548382826e-06 1.8417524877489783e-06
2.223 3.6852824875118986e-06 8.842122288188777e-06 2.8729304227671595e-06
2.25225 3.818523758679349e-06 1.0704206587267168e-05 2.896776325599474e-06
2.2815 4.307586907516855e-06 8.900053178225322e-06 3.195952731665922e-06
2.31075 4.023617561165212e-06 9.012271662829792e-06 3.032212530896198e-06
2.34 4.3024962786695695e-06 9.069978353411432e-06 3.2994270448607858e-06
