0.02925 0.00015062216493296973 0.0003158184209757583 0.0001122401224460202
0.0585 0.00014367440920370962 0.0002754458456966808 0.00010956106602856454
0.08775 0.00013344681943506354 0.000310065276661597 9.90555947161808e-05
0.117 0.00013513691088772931 0.00028179921583369516 0.00010010274989284403
0.14625 0.00013229759576438612 0.0002497107035657627 0.00010151170163912681
0.1755 0.00013044159467267842 0.00025117119900646025 0.00010123118832277286
0.20475 0.00014604787304617266 0.00031737150835888867 0.00011143001987263412
0.234 0.00013861850819175665 0.00022014286093440536 0.0001098282449663518
0.26325 0.00014009998511683912 0.00033990123798657856 0.00010951181632311784
0.2925 0.00012648669063653674 0.0003366055106891114 9.528662347252257e-05
0.32175 0.00016922563091712001 0.0004174714440850073 0.00013253898812004496
0.351 0.00014208128129702298 0.000336770982903575 0.000111188023494736
0.38025 0.00012912679616127305 0.0002821864680957469 9.928666327932029e-05
0.4095 0.0001396323769829741 0.0002635864930827974 0.00010711892776509436
0.43875 0.00012444917982504865 0.00026164307271336955 9.433528493662513e-05
0.468 0.00011409564900466092 0.00024925604290854586 8.79924543194055e-05
0.49725 0.0001296932813445623 0.00028752695786107884 9.799877640853136e-05
0.5265 0.00012029629130542615 0.0002540784500189656 9.353554278922633e-05
0.55575 0.00010807296859249544 0.00024916325130505657 8.249607276072295e-05
0.585 0.00012255084306107575 0.00027049891738016845 9.360396069363352e-05
0.61425 0.00010009835213687133 0.0002460487667843232 7.35719555595219e-05
0.6435 0.0001182575487522447 0.0002858920435446894 9.073346139880039e-05
0.67275 0.00010534319395276833 0.00022026785275456112 7.429469760506322e-05
0.702 0.00011914790012675307 0.0002469602148650519 9.274675935959103e-05
0.73125 0.00010592140337157309 0.0002588762369868136 8.35388581554801e-05
0.7605 0.0001265520232291384 0.00032064932461505863 9.645920133628928e-05
0.78975 0.00011196868579979777 0.0002871749615009566 8.605033813574543e-05
0.819 0.00010665179806541085 0.00020653698239401277 8.315664975285145e-05
0.84825 0.00010105863530802 0.00022825242137886967 7.606919957498172e-05
0.8775 9.12608937722912e-05 0.00023470085463157703 7.15578539724383e-05
0.90675 0.00010832512060753792 0.0002692226299959811 8.638860240490916e-05
0.936 0.00010030789922565363 0.00019347467484464854 7.514334423813785e-05
0.96525 8.762519873362952e-05 0.00018225422682696112 6.569024256910394e-05
0.9945 8.23629142418153e-05 0.00020440982684136392 6.489299932099094e-05
1.02375 8.957440929644779e-05 0.0002059471851259525 6.920099749843212e-05
1.053 9.17583027960233e-05 0.00021843464108217155 7.213109359137811e-05
1.08225 8.816176920275719e-05 0.00016717861707761942 6.336722835881049e-05
1.1115 7.152658353744949e-05 0.00017335311699415412 5.324930996963876e-05
1.14075 8.093435213054927e-05 0.0001925954735513026 6.330981091452646e-05
1.17 6.962958098767078e-05 0.00016718657439547988 5.154477262672293e-05
1.19925 7.02656708938579e-05 0.00013609994703644635 5.360302370975653e-05
1.2285 6.631760834540566e-05 0.00015429516741945727 4.983763838524816e-05
1.25775 6.723432281229392e-05 0.00014215646415784874 5.092028046585291e-05
1.287 5.284274777995139e-05 0.00011994733624738624 4.098240286840363e-05
1.31625 5.7879269460328704e-05 0.0001111114353621196 4.4143728462649185e-05
1.3455 6.166426703942726e-05 0.00014756402323818702 4.9047619230379693e-05
1.37475 4.6411343894242225e-05 0.0001220740218929063 3.3520501625503164e-05
1.404 5.030706247573117e-05 0.000125203886273072 3.932674158974938e-05
1.43325 5.2476449394657484e-05 0.00010978644984987333 3.888123422924752e-05
1.4625 5.268463336686202e-05 0.00011933965049112829 3.910706820357616e-05
1.49175 5.1291943323402905e-05 8.802446093153774e-05 4.008112589437124e-05
1.521 4.0745682578866066e-05 9.334939927607168e-05 3.080726010326514e-05
1.55025 4.283971815241126e-05 8.746099895470385e-05 3.1990135865590375e-05
1.5795 3.903261011292872e-05 9.44760214591463e-05 2.9988892906926994e-05
1.60875 3.3302171399137505e-05 8.196911492531608e-05 2.5207095124947478e-05
1.638 3.6838450349187564e-05 7.616885406662999e-05 2.7349859129687966e-05
1.66725 3.631101829299497e-05 0.00010316990991104766 2.6678236762183987e-05
1.6965 3.921210837394117e-05 9.590528722036225e-05 2.878561668948649e-05
1.72575 2.9981308284135493e-05 5.882389913239886e-05 2.2940775433360163e-05
1.755 3.0704146533589424e-05 5.999115698146403e-05 2.2804265477509148e-05
1.78425 2.541230589536328e-05 5.4202637706781946e-05 1.9917429260184255e-05
1.8135 2.512080168493953e-05 5.8672856970408566e-05 1.9743724721554226e-05
1.84275 2.4136071898377437e-05 5.5731632005044475e-05 1.816643435836143e-05
1.872 2.2968188602073186e-05 4.0112420131736494e-05 1.77310097899919e-05
1.90125 2.3027510850453063e-05 6.0703405699037676e-05 1.7714528658134823e-05
1.9305 2.0776587596872752e-05 4.6844942639079146e-05 1.5846072562091004e-05
1.95975 1.923023442038241e-05 3.755172449157117e-05 1.3648332767767167e-05
1.989 1.985438966752795e-05 4.091894511225388e-05 1.5195912353581394e-05
2.01825 1.3478702794249624e-05 2.8112414844672755e-05 9.971319356311676e-06
2.0475 1.3533785035212526e-05 2.7758862238904415e-05 1.0486592145834749e-05
2.07675 1.1366574849754902e-05 2.5276290166385375e-05 8.639181423855971e-06
2.106 1.4841946868277847e-05 3.937894621025084e-05 1.1005392059410704e-05
2.13525 1.0514813025956783e-05 2.0027110517054573e-05 8.11815168367931e-06
2.1645 9.764392187912522e-06 2.024170630538377e-05 7.749170710658396e-06
2.19375 1.0482104177753837e-05 2.0786661277390936e-05 8.105195895316313e-06
2.223 8.936539407301414e-06 1.81516419539602e-05 6.693165287428216e-06
2.25225 8.105849650001444e-06 1.778725821873225e-05 5.939729595638358e-06
2.2815 7.4544896743113735e-06 1.7433378515588675e-05 5.834258239654248e-06
2.31075 7.2479053524891366e-06 1.7152773576556112e-05 5.531748043183848e-06
2.34 6.326504355729204e-06 1.5346585340345792e-05 5.01592422194591e-06
