0.02925 1.2782502640017252e-07 2.775680270858734e-07 9.532525015319997e-08
0.0585 4.284142538805279e-07 8.72848328369227e-07 3.3263962329529194e-07
0.08775 1.1252971594120887e-06 2.4267400716790263e-06 8.354378522692644e-07
0.117 1.753784393054449e-06 3.4121106677334274e-06 1.3454299215897849e-06
0.14625 2.8105374591263198e-06 6.404951887830814e-06 2.2107401754089763e-06
0.1755 4.578402737285021e-06 1.2517595631986769e-05 3.5150988856557006e-06
0.20475 5.103538262689162e-06 1.1692298336045625e-05 3.824795284722835e-06
0.234 6.888254395805438e-06 1.4953070468596067e-05 5.394955457083641e-06
0.26325 8.313885896203072e-06 1.9611086968304566e-05 6.163760410032877e-06
0.2925 9.603541975603898e-06 2.183785485819748e-05 7.2632181112757375e-06
0.32175 1.3790657332187891e-05 3.457851157708494e-05 1.0943638406164626e-05
0.351 1.5626171100767454e-05 2.7213280676306834e-05 1.1786982467909999e-05
0.38025 1.5520463685908812e-05 4.5200578243401276e-05 1.1589038622232715e-05
0.4095 2.1691597042881256e-05 5.090161304952243e-05 1.5876813676212547e-05
0.43875 2.3584325413433423e-05 4.9807672982998355e-05 1.8379593544489123e-05
0.468 3.107360359796809e-05 8.056546966616785e-05 2.331946971080758e-05
0.49725 3.129907428665463e-05 6.413689981592987e-05 2.3762656533283712e-05
0.5265 3.2491374458838595e-05 9.844923146019994e-05 2.4481705184957813e-05
0.55575 4.404895366013427e-05 0.00011534064283345647 3.3782268917858965e-05
0.585 3.564865464774761e-05 8.25833884744591e-05 2.6291082415860323e-05
0.61425 4.729454392490326e-05 0.00010831220626263194 3.66593524365236e-05
0.6435 4.68241588496295e-05 9.948253467127627e-05 3.430820063865915e-05
0.67275 5.362997103387065e-05 0.00012157889810131491 3.9583193258205544e-05
0.702 6.153535180682717e-05 0.000180734367814985 4.476912495261418e-05
0.73125 4.894774917962658e-05 0.00010733277077678129 3.59821903372808e-05
0.7605 5.9326370399992525e-05 0.00012767411626394136 4.440743421470893e-05
0.78975 8.643482250534383e-05 0.00017060969734365163 6.705405025811183e-05
0.819 6.0185931819168756e-05 0.00015450490044634097 4.773569982599599e-05
0.84825 7.22503920901693e-05 0.00015285845312314813 5.4849841556155054e-05
0.8775 9.072334589312535e-05 0.00023752174671682968 7.200652372479826e-05
0.90675 8.855558932834365e-05 0.00021321767253751553 6.887686170874167e-05
0.936 7.727489430809056e-05 0.00016919305373027716 5.8785218989219845e-05
0.96525 7.629261856663289e-05 0.00017928052049907508 5.6846104612698316e-05
0.9945 7.498107176983028e-05 0.00020662429904702852 5.756402743256793e-05
1.02375 9.044595386623912e-05 0.00019919625593462983 6.670551808408027e-05
1.053 7.974845048066585e-05 0.00019406082483656517 6.022170152642304e-05
1.08225 0.00010931645105619932 0.00022052478890693575 8.344841272096444e-05
1.1115 9.875111033248573e-05 0.0002463171693685074 7.312296933955508e-05
1.14075 0.00010622901856689335 0.00021707593523499386 7.700329840830487e-05
1.17 9.527233988038189e-05 0.0002113187591437258 7.178703248275303e-05
1.19925 9.695259230719472e-05 0.00024656043567563657 7.53851117416918e-05
1.2285 0.00010008629867979315 0.00024137809312266292 7.291959158110657e-05
1.25775 0.00010229425064302635 0.0002470064959462557 7.933712152226894e-05
1.287 0.00011195883902998659 0.0002673409036030317 8.750561174845025e-05
1.31625 9.580302240087044e-05 0.00020625232338822888 7.516392001229702e-05
1.3455 9.924213427561334e-05 0.0002011489751412799 7.332172958956666e-05
1.37475 9.337771923310298e-05 0.0002014250273948866 7.426596820579894e-05
1.404 0.00011135512584687785 0.00028441024164336756 8.307672241865838e-05
1.43325 0.00010240917921021351 0.0002488168347051499 7.85807402636574e-05
1.4625 0.00011219221986176199 0.00023481090649668757 8.450149305767227e-05
1.49175 9.628458613963844e-05 0.0002175650031322436 7.023874329603605e-05
1.521 0.00010031660260526352 0.0002415623618988527 7.615073711966138e-05
1.55025 9.434459891379607e-05 0.00020669710084308764 7.336618547859241e-05
1.5795 9.596159177712718e-05 0.00019462908648003408 7.680726808843845e-05
1.60875 8.77497974024052e-05 0.00017602706129552512 6.595619742771472e-05
1.638 9.144642661278433e-05 0.00017201248348503015 6.938041165168247e-05
1.66725 7.129261115376813e-05 0.00015089749230553416 5.5629592241155564e-05
1.6965 9.833120466728012e-05 0.0002151371624722784 7.557405484390647e-05
1.72575 7.324691657037434e-05 0.00016885821505053353 5.740633914888183e-05
1.755 8.642057215347086e-05 0.00018974981123068597 6.582417841485384e-05
1.78425 9.720775065359007e-05 0.00016345023792788366 7.433226028817782e-05
1.8135 9.835383385130178e-05 0.00017807216111975373 7.589443662745579e-05
1.84275 7.475124990481273e-05 0.00019116930416459597 5.927026115952551e-05
1.872 8.55696696863233e-05 0.00016330793587964617 6.339879200975142e-05
1.90125 7.874393937792004e-05 0.00020265169980398582 6.0948360928919794e-05
1.9305 7.227908266582859e-05 0.00016600775962516775 5.698346939300656e-05
1.95975 6.214872106924829e-05 0.00014261074162159158 4.771650764909722e-05
1.989 5.1209606729346835e-05 0.00011625160624521409 3.959935210342911e-05
2.01825 6.663321072931275e-05 0.00012392894920231872 5.0741259290332594e-05
2.0475 6.34839172200941e-05 0.00014223373835909762 4.862442773811362e-05
2.07675 5.465819209175717e-05 0.00016578811848127199 4.226349784833671e-05
2.106 5.093884426971942e-05 0.00010508839891091323 3.928144524339461e-05
2.13525 4.552290174396978e-05 0.00010088531139982409 3.187695107059251e-05
2.1645 4.623044478678465e-05 8.14878227007724e-05 3.4597805557884755e-05
2.19375 3.65324999878646e-05 7.550378059145723e-05 2.8182015662764714e-05
2.223 4.668472265172958e-05 9.495553525217022e-05 3.808085479193036e-05
2.25225 3.904062776066248e-05 8.109612216333805e-05 2.934238257502973e-05
2.2815 3.608765888495902e-05 0.00010878759169363703 2.7344963869390157e-05
2.31075 3.3128517826110725e-05 6.004828595951766e-05 2.422479217141602e-05
2.34 3.194875921179397e-05 7.389078978057027e-05 2.352514025978509e-05
