0.02925 0.9998211453683115 9.978341481648084e-05 0.0002701187300440099
0.0585 0.9998434306556373 9.254458027595196e-05 0.00023280991560832286
0.08775 0.9998052851049998 0.00012007641799899672 0.00032448063979667596
0.117 0.9998140005957029 0.0001074762694491823 0.0002639410271000871
0.14625 0.9998007628428709 0.0001171415604192894 0.00031995423195376767
0.1755 0.9998344584937342 9.154809301372863e-05 0.00026379428170912074
0.20475 0.999815296822224 0.00011104750416797796 0.00033180817853584865
0.234 0.9997987116109602 0.00011831063693378527 0.0003352020329616959
0.26325 0.9998430335131918 8.379326233697443e-05 0.00020406942711833538
0.2925 0.999838997555133 9.021339874023214e-05 0.0003196942621296454
0.32175 0.9997930108310699 0.00011670206970428945 0.0003203047300252356
0.351 0.9998076627778917 0.00010552984768043572 0.0003622157636063334
0.38025 0.9998209300220181 0.00010163064139816012 0.0001971778780438904
0.4095 0.9998206039702129 9.788019637310521e-05 0.0002654425965209186
0.43875 0.99982816086803 8.89634525505076e-05 0.0002364710719441139
0.468 0.9998438834701077 7.856106676637532e-05 0.0002140936583995379
0.49725 0.9997925425197357 0.0001145478107340637 0.0002812111790258914
0.5265 0.9998132825051894 0.00010082899621747915 0.0003277191098282932
0.55575 0.99982178628156 9.52292162950224e-05 0.00022796799632075564
0.585 0.9997921601977615 0.00011767440662130684 0.00029785481201727553
0.61425 0.9998105311751178 9.946834136548967e-05 0.00022298093793053498
0.6435 0.9998119954160789 9.915305377545069e-05 0.00019662720064337504
0.67275 0.999788995509246 0.00011588340123128129 0.00027379964428690657
0.702 0.9998110812972595 0.00010292904058445006 0.00024818626077925855
0.73125 0.9997758647225957 0.000122382497075375 0.00027794080605991116
0.7605 0.9998021358586752 9.936448078152475e-05 0.00023050340315413888
0.78975 0.999805412961279 0.00010253372273986937 0.00020259778288255612
0.819 0.9997829399364419 0.00011991524148124634 0.0002890798205101376
0.84825 0.9997772059562028 0.00011435719894887353 0.00024962385734061645
0.8775 0.9998048724567846 9.83165204485058e-05 0.00020945392532757665
0.90675 0.9997792027529164 0.00011864552209418795 0.00025948045603063516
0.936 0.9997825461337131 0.00011665535618971997 0.0002104251265001856
0.96525 0.9997834222138064 0.00011338000528304581 0.0002778194012766866
0.9945 0.9997665491113904 0.0001233122222266748 0.00022461113939093295
1.02375 0.9997889603799862 0.00011333155621290285 0.00023126103494502376
1.053 0.9997924053670607 0.00011474840063906381 0.000254220263075657
1.08225 0.9997973707273673 9.926051890091095e-05 0.0002419470142907374
1.1115 0.9998013927424213 0.00010167150583378757 0.0002217348939618262
1.14075 0.999804522613173 0.0001072189315312109 0.0002345605049708993
1.17 0.9997934781131335 0.0001107153847270309 0.00020566875556261445
1.19925 0.999785414652603 0.00011732309185899545 0.00021918611141203418
1.2285 0.9997592037444261 0.00012527200134995888 0.0002721157873531077
1.25775 0.9997905392470685 0.00011063098648486438 0.00022859617398063737
1.287 0.9997735463066989 0.0001220734108168825 0.0002876479451090993
1.31625 0.999784833329346 0.00011679689190799583 0.0003500036078377005
1.3455 0.9997913880378442 0.00010965989669165653 0.00026689241214023033
1.37475 0.9998104878332075 0.00010283642549738829 0.0002453972473136533
1.404 0.9998032077942249 0.00010592178747504291 0.0002212710180181828
1.43325 0.9997864938693545 0.00011740013421746204 0.00027967197768391706
1.4625 0.9998251572928976 8.801322117506361e-05 0.00021468067329424707
1.49175 0.9998296380025377 8.546745756774755e-05 0.00018980377311075955
1.521 0.9998174279281095 9.892715633282509e-05 0.00023044793326344702
1.55025 0.9998052900526493 0.0001032529505958876 0.0003210572131426127
1.5795 0.9998159192698646 9.158423868160316e-05 0.00019551175678280384
1.60875 0.9998347923859409 8.324970559975667e-05 0.00022044766852543257
1.638 0.999832935194194 7.667130806307009e-05 0.0002502075548129877
1.66725 0.99983807086129 8.176188356074172e-05 0.0002146954097695739
1.6965 0.9998322072162411 8.165451658209965e-05 0.00022132152672650024
1.72575 0.9998552881190321 6.670834681935892e-05 0.00020778279385018274
1.755 0.9998480765899879 7.657318308704348e-05 0.0001822120626344367
1.78425 0.9998392914351164 8.393185202796323e-05 0.00022780124291578565
1.8135 0.9998489765288006 7.141627768719959e-05 0.00016341600341730414
1.84275 0.9998403162822177 7.997421385046815e-05 0.0002194315387647726
1.872 0.9998748955533128 5.7550328565373994e-05 0.0001723077319271907
1.90125 0.9998638949314895 6.346189908796007e-05 0.00018932842385819559
1.9305 0.9998774090711933 5.57259553245881e-05 0.00015661123516912663
1.95975 0.9998808192169277 5.4369566065563856e-05 0.00012826320088885434
1.989 0.9998866179975556 4.838169300267157e-05 0.00011415901266855601
2.01825 0.9998954120364698 4.394057091088752e-05 0.0001160621104075631
2.0475 0.9998891562243408 4.866391531620589e-05 0.00017308395939304307
2.07675 0.9998909720533214 4.8580012570936465e-05 0.00011173141867535019
2.106 0.9998889018328289 4.748288310174591e-05 0.00018138437087279112
2.13525 0.9998977053826695 4.031683755883433e-05 0.00011811166831857989
2.1645 0.9999043984331405 3.8208803709695975e-05 0.0001193436963463152
2.19375 0.9999105775813976 3.4350458441294124e-05 0.00010599267376085194
2.223 0.9999095941168147 3.460340222567148e-05 8.875275278476574e-05
2.25225 0.9999147459093325 3.110536031107975e-05 8.266227339025134e-05
2.2815 0.9999159038850237 3.186585355589581e-05 6.893808676056292e-05
2.31075 0.9999203043903231 2.78974674503107e-05 8.191931789381574e-05
2.34 0.999925905827044 2.3557220857140568e-05 6.565919656621463e-05
