0.02925 1.109070103047556e-06 2.168838446657719e-06 8.465452531853604e-07
0.0585 4.095398754313541e-06 7.3392981796214795e-06 3.070029380682365e-06
0.08775 1.107979309385975e-05 2.6930718838515447e-05 8.244073980312637e-06
0.117 1.948825672846695e-05 5.002730451964927e-05 1.4233792335192278e-05
0.14625 3.482417876180824e-05 7.356880050559378e-05 2.546253838779592e-05
0.1755 4.198400217999001e-05 9.014606476212614e-05 3.0799735761922655e-05
0.20475 6.33552588654465e-05 0.00015001047622249835 4.6107389844989573e-05
0.234 6.696370596991644e-05 0.0001812207541184796 4.670792945650656e-05
0.26325 0.00011017225141439027 0.00017298195061054078 8.22869398950632e-05
0.2925 0.00010711756287094629 0.00024614975975671883 7.970349870515778e-05
0.32175 0.00013343654196849644 0.000257535536405052 9.102987090299864e-05
0.351 0.00014127814511516955 0.00026589237035390504 9.774454435902879e-05
0.38025 0.00017683926820386583 0.0003416030838422378 0.00011761614497393659
0.4095 0.0001930713022527061 0.00035985096871352947 0.00013877930828462212
0.43875 0.0002241785674756156 0.0004298166359145105 0.00014743248860650223
0.468 0.00026714618970767145 0.00048060359287959337 0.00017991634592069372
0.49725 0.00030019822574896884 0.0004788339435071424 0.00020423687263263445
0.5265 0.0003596953406487066 0.0005618108734492702 0.00023322910507448004
0.55575 0.00036653417922006485 0.0006699140031524301 0.000251651750493342
0.585 0.0003390482831532393 0.0006004712093195978 0.00023164340932404318
0.61425 0.00040801877309357213 0.0008108304300204372 0.0002665627056426854
0.6435 0.0004381355898903684 0.0007485142804929597 0.00028434267386651444
0.67275 0.0004900450008943076 0.000737884526107668 0.00031438368723166725
0.702 0.0005588794021527513 0.0009884295765622034 0.0003897202718470756
0.73125 0.0006052476187234096 0.000894003553649701 0.00041342925460544034
0.7605 0.0005982271966124259 0.0009949418934961066 0.0003990111853381389
0.78975 0.0005919731258398676 0.000909945123567531 0.0003942547079127254
0.819 0.000630293606018055 0.0006531754523859447 0.000389182157219106
0.84825 0.0006250069520479448 0.000952419970335878 0.0003864784212491555
0.8775 0.0006724931325501984 0.000990777999664082 0.00042887872585795555
0.90675 0.0006339648940365009 0.0007957792538365216 0.00039513953874544477
0.936 0.000676800675832979 0.0009080274652318144 0.0004552561659096261
0.96525 0.0006669971273921321 0.000956726369265269 0.0004353141819670912
0.9945 0.0007499619445559457 0.0010746697345711891 0.00048817116938157596
1.02375 0.0007166552808828214 0.000904746196328784 0.0004577734538094674
1.053 0.0006371015715398662 0.000739308094100329 0.0004198170950573219
1.08225 0.0006421581201336052 0.000992913247054382 0.00039958767842616406
1.1115 0.0006582203076856504 0.0007919806314074169 0.0004153347285839921
1.14075 0.0006261981882659867 0.0007855904828206106 0.00042573699632937037
1.17 0.0005884699504284402 0.0007490709790656393 0.00037192902025953055
1.19925 0.0006282298626454114 0.0009586542227798367 0.0003954311897110186
1.2285 0.0005726440935356465 0.000975915951297872 0.00039052418634169295
1.25775 0.0004965376548149086 0.000648369458814743 0.0003210187101981877
1.287 0.0006291378101912338 0.001005778502676929 0.0004069733688431946
1.31625 0.00046264269145414387 0.0005399560792561882 0.00029452089428856523
1.3455 0.0004583613957852485 0.0006363105900761451 0.0002782048402409654
1.37475 0.00043373930061249094 0.0005770755038711926 0.00027487738227875626
1.404 0.0004564819014725882 0.0006341753347975133 0.00028984927605139074
1.43325 0.0004046678958303973 0.0005694524752829278 0.00026972173231266917
1.4625 0.0003138337392858364 0.0005339219840505275 0.00021845191586097564
1.49175 0.0003424849597776533 0.0006483785845101239 0.00021671835525848772
1.521 0.00029984874622443844 0.000423925415968576 0.00019637873653380086
1.55025 0.0002559356829322771 0.0003048640620250327 0.00015783496485620316
1.5795 0.00020556466010227944 0.0003039101676427364 0.00013625580916442449
1.60875 0.00018547713052691604 0.0003072033686534064 0.000125035216752808
1.638 0.00015166995261714681 0.00022539104574629672 0.0001037176855617534
1.66725 0.00014035492813470874 0.00022677553178749473 9.30400727161555e-05
1.6965 0.00013100412811157413 0.0002048250628090823 8.870333231135311e-05
1.72575 0.00010320192472927349 0.00016083999245029983 7.015602809485351e-05
1.755 8.110668993813019e-05 0.0001250925560295742 5.2225460128516766e-05
1.78425 6.329664734843779e-05 0.00010435664210682442 4.1284063142414406e-05
1.8135 4.879198266987641e-05 8.59953871378486e-05 3.313699522413509e-05
1.84275 3.6271564427315574e-05 5.471807013933295e-05 2.2452853919433164e-05
1.872 2.8771144520330473e-05 5.108047329640326e-05 1.9049584302901294e-05
1.90125 2.049039845118644e-05 2.8556638749709818e-05 1.4315729468848412e-05
1.9305 1.3835546420099555e-05 2.5131233409961146e-05 9.288684888033888e-06
1.95975 1.2283425677214148e-05 2.711859185407038e-05 8.211292550877771e-06
1.989 9.392355047108871e-06 1.9831898854225477e-05 6.3980709560442675e-06
2.01825 7.162557529719559e-06 1.033856325779833e-05 4.911321106811398e-06
2.0475 7.40254472314853e-06 1.3702625016485269e-05 4.939875881050184e-06
2.07675 9.077683661487637e-06 1.5851222741442225e-05 5.805664041173834e-06
2.106 1.021897286127546e-05 2.3069763475661532e-05 7.302144928153317e-06
2.13525 1.2155862531528619e-05 2.0552359527148073e-05 8.030945225047751e-06
2.1645 1.3637495280045463e-05 2.7616371263913002e-05 9.21080702517822e-06
2.19375 1.8280190354098133e-05 3.1443540998619984e-05 1.2752564806527426e-05
2.223 1.9741294447083807e-05 2.8950912398086593e-05 1.2843877427799868e-05
2.25225 2.274424956963535e-05 3.290831825270265e-05 1.6058230071642745e-05
2.2815 2.7852999477648052e-05 4.513135197882869e-05 1.9979520903265417e-05
2.31075 2.717041067590276e-05 4.532083056104939e-05 1.9117165649880504e-05
2.34 2.5526025648540223e-05 4.185137756975056e-05 1.7595785313641312e-05
