0.02925 1.334474248083464e-06 2.9249879917585977e-06 1.0370958934713144e-06
0.0585 4.876138193377593e-06 9.728292420303796e-06 3.5182807952949065e-06
0.08775 1.1348124350027854e-05 2.3690676644495322e-05 8.414033412979443e-06
0.117 1.9753048631388676e-05 4.3352543056255164e-05 1.4408981477510325e-05
0.14625 2.8444774986255326e-05 6.203241451869681e-05 2.1608126170491173e-05
0.1755 4.221916726837124e-05 8.90774986350022e-05 3.1039294198362976e-05
0.20475 5.793505859815345e-05 0.00014363531613341424 4.364451558348934e-05
0.234 8.42557859624447e-05 0.0001948367212543829 6.27917715424759e-05
0.26325 0.00010278422424008685 0.00018514240906068242 7.314183040206753e-05
0.2925 0.0001268050273310969 0.00022654625200885763 9.306782759397753e-05
0.32175 0.00013630029717388718 0.00025304966770736117 9.40553587637048e-05
0.351 0.00019074726219098267 0.0004176876233961985 0.00013420183581520166
0.38025 0.00016319956989145645 0.0002972160904837875 0.00010920650190234298
0.4095 0.0002358985193411841 0.0005204015023642384 0.00016702720228820375
0.43875 0.000295514047604064 0.0006879856684952628 0.00019924375668489328
0.468 0.0002499389911691724 0.00039203276515644613 0.00016479207305766693
0.49725 0.0002672910625069042 0.0004255489208749162 0.0001841824052850755
0.5265 0.00032887347633515874 0.0004680088270630098 0.00022588733972999061
0.55575 0.0003507073827892755 0.0004761495855043943 0.00023143333048860276
0.585 0.00039274959938898177 0.0007149154642099072 0.0002686690852728041
0.61425 0.0003837411783582536 0.0005875507466004466 0.0002467321950753291
0.6435 0.00048162381209502266 0.0008788992607112996 0.00031487676584279875
0.67275 0.0005655494487951696 0.0008381820134741848 0.0003550446055095015
0.702 0.0005155238506990595 0.0008012127682765521 0.000333766483227928
0.73125 0.0005711667448003281 0.0008754579704398703 0.0003672696740336209
0.7605 0.0006044399869983574 0.000991358416394211 0.0004011365792504683
0.78975 0.0006022236666873244 0.0007489257635792209 0.00038950033458417567
0.819 0.0006423484309587969 0.0007342464507787634 0.00042488031018309317
0.84825 0.0006282406991969148 0.0009396568449296417 0.000389282316696158
0.8775 0.0006598180912808421 0.0008982617282366529 0.00042053720868552813
0.90675 0.0006078780150730977 0.0006761389496654007 0.00038511057199000205
0.936 0.0006994895848497782 0.0009563063166171959 0.000432173434888679
0.96525 0.0007601542675154207 0.001065556804654143 0.0004919738173923605
0.9945 0.0008157289033288047 0.0010912272310269846 0.000507920180236127
1.02375 0.0006827579062657887 0.0008632265497104079 0.00043314142337448397
1.053 0.0006213067979597865 0.0008285563618853796 0.0004205517732676907
1.08225 0.0006588017811813304 0.0007540607832793863 0.0004196335135029943
1.1115 0.0005958808050917884 0.0009275280753508211 0.0003834184726302961
1.14075 0.0006234660189282094 0.0008508906568791539 0.00039770202663921026
1.17 0.0006064380589080117 0.0007521661321173673 0.000398386898461193
1.19925 0.0005377088805450692 0.0007449614705449 0.00034776211298176185
1.2285 0.0006165943938495544 0.0010013662978971172 0.0004106094528020647
1.25775 0.0005044356923511368 0.0006612105536016655 0.00032801352541222056
1.287 0.0005203235206316119 0.0005563060112342686 0.0003270563123238218
1.31625 0.000534906146480994 0.0006745476157913699 0.0003312515646590655
1.3455 0.0004315236486570407 0.0005375018528192316 0.00027775039104151054
1.37475 0.00042634679550072587 0.0005534143780736349 0.00027056903759060594
1.404 0.0003972492734598479 0.0006293310852890115 0.00027089525337361717
1.43325 0.0003664167968352408 0.0006319964899200641 0.00024182827116900894
1.4625 0.00036069319138364053 0.0005566431202153472 0.00024020021539649845
1.49175 0.00029938330657454875 0.00048414426342958906 0.0002014561871091838
1.521 0.0002947229327768682 0.0004373138341900251 0.00020103337266456046
1.55025 0.00024912924665903435 0.0004645637283170922 0.00016378710732703667
1.5795 0.0002097813260109326 0.00035657467030932656 0.00013396675399729172
1.60875 0.00018557312880006016 0.00033599468228764684 0.00011929913352380307
1.638 0.00015139905500870658 0.0002420278285417284 0.00010184537550711958
1.66725 0.00014580519599755116 0.0002527503487018551 9.366542595001314e-05
1.6965 0.00011710348530189412 0.00016157431515073268 7.618156945075275e-05
1.72575 8.84744004930808e-05 0.00013085682013884399 5.598177770675834e-05
1.755 7.912679778685039e-05 0.00015739633219974535 5.492325759316183e-05
1.78425 6.135000033307765e-05 0.00011136287461712529 3.985409916151007e-05
1.8135 5.449290802936333e-05 9.064071475337942e-05 3.3160835693163183e-05
1.84275 3.4976349047430735e-05 5.325830817745926e-05 2.4090557604973315e-05
1.872 2.4120943920242136e-05 4.575145928439038e-05 1.6006412884589883e-05
1.90125 2.2259725765157558e-05 3.7280827607715705e-05 1.4664782501595449e-05
1.9305 1.3265156975102248e-05 2.0697727235894997e-05 8.719482775177022e-06
1.95975 1.0682904510761074e-05 1.4084187113172983e-05 6.955177989301711e-06
1.989 1.0448596356387862e-05 2.359913394758292e-05 6.8230457139332396e-06
2.01825 7.64338403360407e-06 1.281698607376399e-05 5.100400698961048e-06
2.0475 8.682410114813679e-06 1.127523593130955e-05 5.739854575247649e-06
2.07675 8.496509538686665e-06 1.7404304327043598e-05 5.756747304393388e-06
2.106 9.319117371558627e-06 1.5716489697402965e-05 6.302060310437711e-06
2.13525 1.1243418262626727e-05 1.6803941061714593e-05 7.0174134081101595e-06
2.1645 1.3803491298652883e-05 2.361459926751336e-05 9.345417909639155e-06
2.19375 2.0613569856952717e-05 4.891999334131869e-05 1.403050248861049e-05
2.223 2.713754135974949e-05 5.3729859767543645e-05 1.844600632350517e-05
2.25225 2.4069306140956223e-05 3.9897187451185475e-05 1.6098883786506585e-05
2.2815 2.7323464790090153e-05 5.906536520008026e-05 1.8348782582569248e-05
2.31075 2.2552837166696656e-05 3.677870855212333e-05 1.5485154504722552e-05
2.34 2.955018820254762e-05 4.632202364016531e-05 2.0229849741520894e-05
