0.02925 0.9998110532899652 0.0001167998479573192 0.0003583842841936239
0.0585 0.9998271015502285 0.00010384593812455327 0.0003394992226438618
0.08775 0.9998296803391807 9.786806572098161e-05 0.00033033533530431856
0.117 0.9998338035402473 9.794235976266494e-05 0.00028852412029676427
0.14625 0.9998299254564021 9.414172231536096e-05 0.00033510213179853177
0.1755 0.9997954938496478 0.0001272867326895537 0.00032555954905855465
0.20475 0.9998322268603848 9.414214545609124e-05 0.00026890322348972393
0.234 0.9998152747501894 0.0001099363722031163 0.00030594178048320145
0.26325 0.9998220870740789 9.930009808453335e-05 0.0003095480689009612
0.2925 0.9998238054882779 9.644507546091775e-05 0.0003765629529315108
0.32175 0.9998085540450379 0.00010593454772081572 0.0003489963767629259
0.351 0.9998063715397477 0.00010647314191458693 0.00034720185550825565
0.38025 0.9998193968814468 0.00010251831497642908 0.0003031962002944241
0.4095 0.9998175070243676 9.691702348404329e-05 0.00023799336242944308
0.43875 0.9998089632066722 0.0001037845744671607 0.00025068906270562136
0.468 0.999796502099357 0.0001081606070465125 0.00035411300571168094
0.49725 0.9997879647048454 0.00011940664567989113 0.0003319714391597907
0.5265 0.9997978156199758 0.00010902902034618112 0.0003304499293598348
0.55575 0.9997903657309726 0.00011658747503126943 0.0003302310642033807
0.585 0.9997860203405488 0.0001166397391063839 0.00029383608768678216
0.61425 0.9997952542428097 0.00011193982224535108 0.0003121122969774198
0.6435 0.9997948879992464 0.00010734955456113119 0.00023941600610575642
0.67275 0.9997992837026007 0.00010703570470847729 0.0002431605818210748
0.702 0.9997842529981662 0.00011593153614472242 0.0002966453902245262
0.73125 0.9997563519163325 0.00013181806457286216 0.00029269904105163957
0.7605 0.9997716612243832 0.00012551649211095642 0.0003075512680938935
0.78975 0.9997791914891178 0.00012075953207597879 0.0002469106639919011
0.819 0.9997961076067766 0.00010414078880836481 0.00022509701133629283
0.84825 0.9997969614594812 0.00011059008726721587 0.00026792786377327914
0.8775 0.9997995846058528 0.00010046550355603066 0.0002178020237867154
0.90675 0.9997757036150017 0.00011969292504704171 0.0002791042693925655
0.936 0.9998122548207591 9.721441033843934e-05 0.00017792389338125295
0.96525 0.9997986882954407 0.00010503014201248714 0.00022499752649788506
0.9945 0.9997888287605262 0.00011378669652794556 0.00023646457980644283
1.02375 0.9997824589599139 0.0001140125431247233 0.0002668420734176073
1.053 0.999789467603095 0.0001161841998364118 0.00028776614527111226
1.08225 0.999763883278052 0.00013676533024447107 0.00024166117792547148
1.1115 0.9997948256662628 0.00010480020378892875 0.00022974085790297173
1.14075 0.9998148462505941 9.544782598135847e-05 0.00020298326461274936
1.17 0.999804738829341 9.765994564451675e-05 0.0002577552246411506
1.19925 0.999782637250069 0.00011597887587715301 0.0002474987775967764
1.2285 0.9997918639595267 0.00011162651150754966 0.00022563188222232903
1.25775 0.9997799778481812 0.0001161758410493371 0.0002990491331002998
1.287 0.999802329720657 0.00010744282043370594 0.0002853014939638095
1.31625 0.9997918217716876 0.0001160783270918681 0.0002538605319136811
1.3455 0.9998103791264025 9.487822032631687e-05 0.00021587008909001518
1.37475 0.9997842137288909 0.00011754126409577814 0.0003006647412159441
1.404 0.999784941713754 0.00011516567684553701 0.00028138904403042026
1.43325 0.9998006516345089 0.00010308768175269013 0.00024809694799016895
1.4625 0.9998051780646725 0.00010248280911510525 0.00024902528084160046
1.49175 0.9998322335476602 8.541846412899605e-05 0.00018768556462922528
1.521 0.9998085292283782 0.0001029177432293639 0.00022543194030250825
1.55025 0.999823257170811 9.376670927477858e-05 0.00022825587813419135
1.5795 0.9998247194485481 9.036293988195715e-05 0.00021433925101952965
1.60875 0.9998298742756866 8.029686506059491e-05 0.00018272881859582188
1.638 0.9998281189538665 8.680055557883234e-05 0.00022242799815711702
1.66725 0.999839797412643 7.59740547248178e-05 0.00016464294194335223
1.6965 0.9998439260005887 7.681767238907708e-05 0.0001805557732931661
1.72575 0.9998292595816897 8.48930967129112e-05 0.0001863851451815518
1.755 0.9998547028558883 7.087726454951487e-05 0.0001725803414845012
1.78425 0.9998594501270852 6.746463395257593e-05 0.0001689981771767418
1.8135 0.9998585855483577 6.983308880885738e-05 0.00018977664213882866
1.84275 0.9998637823608776 6.333184536828738e-05 0.0001445667258161261
1.872 0.999867155834142 6.498906390902686e-05 0.00017673774612497897
1.90125 0.9998686760657169 5.99414653410085e-05 0.00017118318897391816
1.9305 0.9998760930297135 5.890779404106801e-05 0.0001461410613135417
1.95975 0.9998847297306491 5.008811636234758e-05 0.00011860932697075737
1.989 0.9998895959878591 4.7350830913816504e-05 0.00011488819934978385
2.01825 0.9998868882371633 4.986094895715446e-05 0.00012439982493234262
2.0475 0.9998943588402674 4.399660093477212e-05 0.00010106288896343872
2.07675 0.9998951600011523 4.303013795490161e-05 9.00325951502668e-05
2.106 0.9998931161390009 4.838834628911514e-05 0.0001270253052392286
2.13525 0.9999018345370032 3.983259744156323e-05 0.00012407229697512779
2.1645 0.9999062480762411 3.766556898105817e-05 9.357264580704353e-05
2.19375 0.999906744715106 3.543059853258276e-05 0.00010458889572315888
2.223 0.9999109047784763 3.277135493450209e-05 0.00010099499452211542
2.25225 0.999911658303933 3.369957294017991e-05 6.730864017860369e-05
2.2815 0.9999158993015302 3.049832036924519e-05 8.272760655318757e-05
2.31075 0.9999253299159531 2.429829970009685e-05 7.543636664855299e-05
2.34 0.9999247195837343 2.6032134480327184e-05 6.598207499192388e-05
