0.02925 1.1292985934758321e-09 2.4497512184722253e-09 8.735042312539297e-10
0.0585 1.8705196601970322e-08 5.194528682516979e-08 1.4203250488780986e-08
0.08775 8.180058673418788e-08 1.7637035198917274e-07 6.210945441346462e-08
0.117 2.483421453997613e-07 5.389277356150651e-07 1.9415621819125446e-07
0.14625 5.727577469511541e-07 1.2428189780357367e-06 4.5539153239850656e-07
0.1755 1.1921340358683986e-06 2.666212350110267e-06 8.69086551901582e-07
0.20475 2.8512993372004166e-06 6.927353150913042e-06 2.1700230868540083e-06
0.234 4.185822806331829e-06 8.046696503950585e-06 3.135220758793146e-06
0.26325 4.974966420133527e-06 1.220237859019811e-05 3.7494058370473444e-06
0.2925 8.366996227910868e-06 2.1334999189766286e-05 6.325744699056835e-06
0.32175 1.3376420151763927e-05 3.227045443953819e-05 1.0614874615431898e-05
0.351 1.706350228180311e-05 3.743845818088425e-05 1.28608208804304e-05
0.38025 2.743273219727834e-05 5.877306403383166e-05 2.1306853236734276e-05
0.4095 2.6468770474848765e-05 6.415302215515962e-05 1.959326823540379e-05
0.43875 3.623166950472918e-05 8.700748649546792e-05 2.8050774748179118e-05
0.468 4.322756695205877e-05 0.0001229402016969189 3.300841766638865e-05
0.49725 5.934197367499422e-05 0.00013702585917279447 4.6608785705574344e-05
0.5265 8.386377294267276e-05 0.00019112636701952196 6.375323559108584e-05
0.55575 7.940568399492539e-05 0.0001740172401982065 6.156879236277797e-05
0.585 9.682522241582527e-05 0.000193392012135245 7.498708732371406e-05
0.61425 0.00011527834458565704 0.00024536092346188207 8.841995942584764e-05
0.6435 0.0001469421293918129 0.00030050627987366214 0.00011111265604417168
0.67275 0.00017680813343904443 0.0004036042164132379 0.00013723245345559256
0.702 0.00016332623613648711 0.0003963525276037803 0.0001232833286074479
0.73125 0.00018249173566117712 0.0004015883180380766 0.0001375312772629939
0.7605 0.00020521151491267078 0.0003897493118812061 0.00015508798535653512
0.78975 0.00019298488768143795 0.0004273368136076737 0.00014978145201923515
0.819 0.00024063155681943027 0.00045119590916351535 0.00017625660987965176
0.84825 0.00028038296523126517 0.0007304864095998612 0.0002155222518751085
0.8775 0.0003266299784598482 0.000890503734119135 0.00025901304139537546
0.90675 0.00025576841558393485 0.0005702660466239432 0.00020071725022134267
0.936 0.00033823323944506324 0.0007566731876809789 0.00025982668714471467
0.96525 0.00032172152477930114 0.0009400291585376982 0.00024769512998989236
0.9945 0.0003497637970325453 0.000768243183679493 0.0002654587175402079
1.02375 0.00039780374538411973 0.0008429597624978471 0.0003120262406570557
1.053 0.0004269016587796896 0.000858991742270755 0.0003298062633013594
1.08225 0.00032775978388198846 0.0007893702946550848 0.00025312337730336656
1.1115 0.00038326971152328457 0.0009091492790615938 0.00029995190193786214
1.14075 0.0003445387959447328 0.0007016866109283582 0.00026672644238944084
1.17 0.000324538504761878 0.0006738096720072601 0.0002452602725609141
1.19925 0.00039553255576126983 0.000782272104616272 0.00028185626963995997
1.2285 0.0003709179506676201 0.0007633269073540773 0.0002795278787910798
1.25775 0.00034102476844524233 0.0007112239983523648 0.0002617470391452332
1.287 0.00031060012269775144 0.0006572340612562408 0.0002377712902665148
1.31625 0.0003322294200287361 0.0008670299408401306 0.0002528047403990678
1.3455 0.0002799567946741476 0.0007409496838073509 0.00021081711668392687
1.37475 0.00026945611354525556 0.0005108741425746046 0.00020929810250813584
1.404 0.00023078873334344378 0.0005472593716133415 0.00018142543295203653
1.43325 0.0002962025665774702 0.0006639392435884081 0.0002342312451447812
1.4625 0.00022176366709915512 0.0005191737917569288 0.00016881913495449133
1.49175 0.0001831534122827238 0.00037733861493158423 0.00014440485526627392
1.521 0.00017944803030196167 0.00041885746722561455 0.0001333955935802162
1.55025 0.0001735741519179978 0.00043607104410308783 0.00012918293398433964
1.5795 0.0001395841910146001 0.00036592571877198515 0.00010708359460324727
1.60875 0.00015070720963498337 0.00038031473373329665 0.00011574733470106362
1.638 0.0001064494418591393 0.00021094240945037976 7.758129972500872e-05
1.66725 8.781201644518475e-05 0.0001687804672228999 6.482395431138205e-05
1.6965 9.013021577636851e-05 0.00026720681246329323 7.07061254845487e-05
1.72575 7.166116562371651e-05 0.00017531351839127773 5.392440316714188e-05
1.755 6.795123303587238e-05 0.00013031347402008792 5.1047211774513515e-05
1.78425 5.198886099342234e-05 0.0001295942495754025 3.9298087209054054e-05
1.8135 3.684582717837376e-05 8.142523065326847e-05 2.6425464816053267e-05
1.84275 2.8391626281028346e-05 5.646920049064834e-05 2.138262678867406e-05
1.872 1.9662332066139525e-05 3.622992859329517e-05 1.4371606511317533e-05
1.90125 1.7358894894183898e-05 3.968169741634485e-05 1.3232724279624494e-05
1.9305 1.1366409499618943e-05 2.6308300305834277e-05 8.591027181192706e-06
1.95975 8.42452221298897e-06 2.3875264147936195e-05 6.339692538436515e-06
1.989 8.989407564672783e-06 1.7296501410871084e-05 6.637642309230133e-06
2.01825 7.293561751176168e-06 1.6068400350250194e-05 5.611077131545479e-06
2.0475 6.433849903617281e-06 1.2397119092567168e-05 4.788759528400432e-06
2.07675 7.725979976872942e-06 1.4862633338538187e-05 5.565262978194689e-06
2.106 9.006723404295444e-06 2.190204762913849e-05 6.624304766399538e-06
2.13525 1.1481635170102074e-05 2.492383119109113e-05 8.65788403169287e-06
2.1645 1.4106228391407529e-05 2.54488620158534e-05 1.1450346856873541e-05
2.19375 1.5491824746833536e-05 2.9658508603017743e-05 1.1779944551531196e-05
2.223 1.7603131478376435e-05 3.7300591863403494e-05 1.2987016292319994e-05
2.25225 1.5392292852942076e-05 2.9211146696955526e-05 1.1572652609537696e-05
2.2815 2.0087329684548697e-05 4.223151762843043e-05 1.5744037185489954e-05
2.31075 2.27203375348314e-05 5.392754688359422e-05 1.7351214379503326e-05
2.34 2.4616269814033867e-05 4.6996092785750304e-05 1.874913716242189e-05
