0.02925 1.0034897126335846e-09 1.9713823322881736e-09 7.62653611372884e-10
0.0585 1.679644231585213e-08 3.106230848400882e-08 1.2514852638217534e-08
0.08775 8.034494001758494e-08 1.9171648420329908e-07 6.143079918519401e-08
0.117 2.591476297937576e-07 5.425363088971764e-07 1.9864236359080604e-07
0.14625 5.699840274515224e-07 1.2632843227766103e-06 4.145524613723374e-07
0.1755 1.0838988618740555e-06 1.880917844650511e-06 8.301903494693732e-07
0.20475 2.2413434923043714e-06 5.42267688114194e-06 1.7424981990008356e-06
0.234 3.756329412030211e-06 7.054540263775157e-06 2.980204178409e-06
0.26325 6.3649795876028645e-06 1.7504104497915726e-05 4.7614284996226175e-06
0.2925 9.761243371522305e-06 1.8592686370067818e-05 7.364960868519372e-06
0.32175 1.5172303733232169e-05 2.8999663497366462e-05 1.1293542252509539e-05
0.351 1.7718806256704204e-05 3.6620806919131345e-05 1.3903658871130749e-05
0.38025 1.996271350460669e-05 5.099361782974526e-05 1.474915477747265e-05
0.4095 2.7433482325796364e-05 6.604436357619218e-05 1.968685075799878e-05
0.43875 3.735208766137063e-05 7.837163646097404e-05 2.8563517771671835e-05
0.468 4.80367227505347e-05 9.4395913050884e-05 3.7864932297720925e-05
0.49725 6.114007711009958e-05 0.00012942883538478956 4.6209766654210294e-05
0.5265 6.961748245621592e-05 0.00013651374333571977 5.197123650956203e-05
0.55575 8.520643581334769e-05 0.0001832882365634832 6.648380586246035e-05
0.585 9.239421098386536e-05 0.00020088862541703482 6.766765571580258e-05
0.61425 0.00010330553094918328 0.0002444033898019662 8.005843282243051e-05
0.6435 0.00013327579106056558 0.00031071261861464534 0.00010372069894266986
0.67275 0.00014516143423029637 0.0002535322007464418 0.00010836655640633268
0.702 0.00015835929945368324 0.00035199577646851017 0.00012183869432825546
0.73125 0.0001795678839385248 0.00037608270877508124 0.0001371247599089279
0.7605 0.00021889736188987228 0.0005180824214396412 0.0001646569925245972
0.78975 0.00024035521806388632 0.00046129702842541133 0.0001878554667107603
0.819 0.0001996784375261259 0.00041636841953844643 0.00015338636618871375
0.84825 0.00029925108333407374 0.0005642534004332212 0.00022817481884971795
0.8775 0.00032017621768081606 0.000779780375870522 0.0002514480842005608
0.90675 0.000302149472900762 0.0005953015709691205 0.00022910929538552124
0.936 0.00033918242229454996 0.000615186612314122 0.0002531069791954567
0.96525 0.00033662260190824424 0.0007930849033867269 0.00025517251693206125
0.9945 0.00042523543559733093 0.0009169993411001494 0.00032503559555575125
1.02375 0.00034814128393135087 0.0007406281141893306 0.0002618001110089979
1.053 0.0003566095467786478 0.0007478942629797887 0.0002692806198003489
1.08225 0.0004064353703586866 0.0007914726444653846 0.0003005714596279634
1.1115 0.0003447683636858645 0.0007177025101104079 0.0002766413086892777
1.14075 0.00037153847246837424 0.0008214592832876199 0.00028021137539695873
1.17 0.00039025984863183685 0.0008077824799265735 0.0002956441276930856
1.19925 0.0004574035816214423 0.0009866532782197774 0.0003600643901183437
1.2285 0.0003565778910706276 0.000886510710309676 0.00025933718713305406
1.25775 0.0003623663744554449 0.0007100140275461527 0.0002820116638896646
1.287 0.0003190155725656027 0.0009807993596014008 0.00024244415492056926
1.31625 0.00033953050448754044 0.000792259107180025 0.00025578101900603455
1.3455 0.00028218370853240503 0.0006859012953193341 0.00022211031964841703
1.37475 0.0003033772136477603 0.0006009607499459244 0.0002366731130455642
1.404 0.00024632203646992673 0.0004928944011933335 0.00018737363205139696
1.43325 0.0002546402698694798 0.0005167294977267523 0.00019145800586502476
1.4625 0.0001913302860872389 0.0004719327646070101 0.00014732059687797206
1.49175 0.000225683378763496 0.0005305496610807797 0.00017073954469383804
1.521 0.00017850261013629 0.00037629321212332665 0.0001357481720853592
1.55025 0.0001871429261046446 0.0004180327897121862 0.00014155331036207745
1.5795 0.00014583492519495292 0.00033056303519540586 0.00010827494959207105
1.60875 0.00014116477949855754 0.00025611257255020057 0.00010532350308714564
1.638 0.00010755179434420805 0.00026883578708193195 8.135999635996784e-05
1.66725 8.809905283624593e-05 0.00020810693118905146 6.543763187225237e-05
1.6965 8.4227259255353e-05 0.00015591783743595068 6.758829877283243e-05
1.72575 7.170913112777489e-05 0.00016076628705480355 5.486025828314851e-05
1.755 6.51211128176551e-05 0.00012095129032396078 4.884675914390348e-05
1.78425 4.4341894400047617e-05 0.00010363047794511686 3.1237714894498924e-05
1.8135 3.572770379109922e-05 8.113150274355185e-05 2.770413050878646e-05
1.84275 3.00085774728552e-05 5.868293182243442e-05 2.397074365823022e-05
1.872 1.9187897525137905e-05 3.564641658647676e-05 1.459328300596777e-05
1.90125 1.4868057348379979e-05 4.465435459411696e-05 1.1238777216497095e-05
1.9305 1.1449857870815248e-05 2.6178742088067942e-05 8.416967876242943e-06
1.95975 9.767779861836407e-06 2.031952680393456e-05 7.217951773843472e-06
1.989 7.365538565555991e-06 1.4217156528968277e-05 5.4633766224074205e-06
2.01825 7.044946991669373e-06 1.5878039821759093e-05 5.374506901862326e-06
2.0475 5.933726829429716e-06 1.4523399110279962e-05 4.139481624325191e-06
2.07675 6.6056843582844704e-06 1.4396936092131009e-05 5.122646371930221e-06
2.106 9.816322078487357e-06 1.9872928655215737e-05 7.49608654880535e-06
2.13525 9.419664299042138e-06 1.8251043805592426e-05 7.239879638732266e-06
2.1645 1.4829116951555802e-05 2.7542607691833433e-05 1.098076344889438e-05
2.19375 1.4949991111854652e-05 3.1841666705250254e-05 1.1528238770154871e-05
2.223 1.8588485317062544e-05 4.420393133497845e-05 1.4727826435739146e-05
2.25225 1.867760525649063e-05 3.6511738458513465e-05 1.4125056373721566e-05
2.2815 2.11825743549518e-05 4.3265382978134984e-05 1.6227296623790955e-05
2.31075 1.9053623404105924e-05 3.9086844988285924e-05 1.4895602271439234e-05
2.34 2.5535075990338447e-05 6.51004482157241e-05 1.9446302270027608e-05
