0.02925 1.1126033101510235e-06 2.3010064889467434e-06 8.387618265353704e-07
0.0585 4.42887891258941e-06 9.674867797668344e-06 3.3955643375457826e-06
0.08775 1.3263859099264226e-05 2.7242677551883412e-05 1.0069485710633756e-05
0.117 1.8375000801270315e-05 3.546855869849688e-05 1.391867722583766e-05
0.14625 2.5648965303340204e-05 6.791671308649237e-05 1.94607632492921e-05
0.1755 4.407765975311496e-05 8.729198158103973e-05 3.343291362715732e-05
0.20475 5.9823893323678444e-05 0.00013764960421841073 4.685460489837522e-05
0.234 6.980106290384902e-05 0.00014163033889335976 5.5067049171913726e-05
0.26325 7.659430571902496e-05 0.00016132240128837477 5.6480066027810004e-05
0.2925 0.00011843173532457072 0.00026503366561521596 8.894607545470421e-05
0.32175 0.00015031566633328644 0.00030765140478102325 0.00011264779045687767
0.351 0.0001778402543296863 0.0004833568027725709 0.00013252835841294234
0.38025 0.00018104557868375858 0.0004295957180294359 0.00013774674479527112
0.4095 0.00020121490953699462 0.0003614615875468708 0.0001499351588701845
0.43875 0.00019508214836871227 0.000554993507991131 0.00014172361284919873
0.468 0.00021720736686558484 0.00043659049882570106 0.00016842793726895127
0.49725 0.00022043779098024276 0.0005422836565621309 0.000161761605396624
0.5265 0.00024671296897012766 0.0004564836065850795 0.00019019627295241437
0.55575 0.00029970417603971436 0.0005647617469417041 0.0002265436403322479
0.585 0.00031845271631227007 0.0007229167948271753 0.00024581966341320814
0.61425 0.00028663002840601225 0.0006258350870096826 0.00021846395258236212
0.6435 0.00032812589967283994 0.0009191688849088988 0.00025811680233208924
0.67275 0.00034326696590210234 0.0006798653280857247 0.00024893957953864396
0.702 0.00036727682258968976 0.0008002683142646186 0.00028346114037810464
0.73125 0.0003668030694401051 0.001144965333367733 0.00028550600827034
0.7605 0.00034519067295287723 0.0007189768279354962 0.0002613234785005509
0.78975 0.00040314848399581194 0.0009912380602230505 0.0002978662405413028
0.819 0.0004105841131432905 0.001111257298394388 0.0003027085675866936
0.84825 0.0003764706856765289 0.0008748653680168924 0.00028865577092894435
0.8775 0.0003624022946914262 0.0008492161854035948 0.00027047296471605477
0.90675 0.000331004402957152 0.000736395109605631 0.00025349666653330015
0.936 0.0003335136526748462 0.0006500548485233993 0.0002484737840359471
0.96525 0.0003956545281670129 0.0006712296293218258 0.00031269077627855805
0.9945 0.0004001554691658621 0.0008535536608451424 0.00030177943711593374
1.02375 0.00032368884524782885 0.0007458156940087888 0.0002546297176557258
1.053 0.00036168377720112986 0.0007037967796748376 0.00027179494100106635
1.08225 0.00029284963447557264 0.0008013141580439278 0.00021913335942675392
1.1115 0.0002581217666495714 0.000661013362197762 0.00019800880234292464
1.14075 0.0002848667146571032 0.0006111827626157028 0.0002165224876093366
1.17 0.00032756320627747737 0.0007182749133730252 0.0002519877087063017
1.19925 0.00025442516183383254 0.00046934371271474236 0.00019054560043485358
1.2285 0.00020925908110214705 0.0005326947646139748 0.00015733200654016982
1.25775 0.00024838104257878636 0.0005328029031384863 0.00019750412999905586
1.287 0.00018776132503867102 0.0004584348824063715 0.0001499038569741583
1.31625 0.0002070554926295006 0.0005229423754954152 0.00015934443459876655
1.3455 0.00019901125219874666 0.0004941795748508841 0.00015659816480851667
1.37475 0.00014027199743594512 0.00030670184155474016 0.00010819213302028672
1.404 0.00014230210270813287 0.0003126844918735028 0.00010906987735761581
1.43325 0.00011147202105524174 0.000226356761216896 8.413338549418839e-05
1.4625 0.00010599182086693504 0.000214198336519929 7.904981846872207e-05
1.49175 0.00010141720858051688 0.00028024355711679416 7.597196539878374e-05
1.521 8.417115143231435e-05 0.00019434510648394323 6.409451957411239e-05
1.55025 7.167657207226736e-05 0.0001708860544943786 5.4714891324863924e-05
1.5795 5.694558404499163e-05 0.00012307576339236852 4.309812628703495e-05
1.60875 5.0519141904375195e-05 0.00012036968206499046 3.8564217644378504e-05
1.638 4.883213841687631e-05 0.00014240233345738786 3.7566376885298346e-05
1.66725 3.374618428788855e-05 7.663709092198147e-05 2.6125969685038813e-05
1.6965 2.894453959894636e-05 5.582627871479415e-05 2.2617789264614867e-05
1.72575 3.2035800105401984e-05 6.579401892619973e-05 2.4959965073045078e-05
1.755 1.9290607808238988e-05 3.9813644909853845e-05 1.5104481797179145e-05
1.78425 1.6936441189660673e-05 3.685029858638288e-05 1.246320777398479e-05
1.8135 1.3399147966708684e-05 3.095699233035932e-05 1.0393867585156962e-05
1.84275 1.0022243178585777e-05 1.9643221193551077e-05 7.407078133386877e-06
1.872 7.534133451150534e-06 1.730599591676911e-05 5.597211565891018e-06
1.90125 4.827927131134573e-06 9.002718990423284e-06 3.5455916621386877e-06
1.9305 3.954039082408693e-06 8.239811954245697e-06 2.9622384931016914e-06
1.95975 2.802330032860077e-06 5.975956703267188e-06 2.0140859369713864e-06
1.989 2.0041898182062135e-06 4.121498097914213e-06 1.5013663199883348e-06
2.01825 1.9146477012970337e-06 4.309734696089561e-06 1.3209878987232982e-06
2.0475 1.7740688420060473e-06 4.3589813952354596e-06 1.3214819282651315e-06
2.07675 1.8629939166680563e-06 4.03990029944922e-06 1.3876583853281613e-06
2.106 1.853843476587339e-06 4.2875845090751046e-06 1.348725645441707e-06
2.13525 2.239973631865071e-06 6.564524441473925e-06 1.6670630498784437e-06
2.1645 2.026739484015101e-06 4.086989252129429e-06 1.4513816284511726e-06
2.19375 3.1951931537429957e-06 6.617841557652228e-06 2.466868374553121e-06
2.223 3.5027019881985047e-06 6.899953588083476e-06 2.53457562896999e-06
2.25225 3.95512165851567e-06 8.118438167480383e-06 2.8764223165662633e-06
2.2815 3.475115375389346e-06 8.47071672946979e-06 2.5541134059922763e-06
2.31075 4.060229395174936e-06 9.029797511076753e-06 3.1145552847345874e-06
2.34 4.14302025301541e-06 8.535551425404235e-06 3.2065751538145157e-06
