0.0292517785081333 1.0559385908994207e-05
0.0585035570162666 1.0587939006859218e-05
0.0877553355243999 1.0713782124280919e-05
0.1170071140325332 1.0999136469125193e-05
0.14625889254066649 1.1553561801500594e-05
0.1755106710487998 1.2914060088497761e-05
0.2047624495569331 1.4159600575332919e-05
0.2340142280650664 1.797285111624208e-05
0.2632660065731997 2.1070250439635565e-05
0.29251778508133297 2.870103038071437e-05
0.3217695635894663 3.06223468383532e-05
0.3510213420975996 4.442919323592655e-05
0.3802731206057329 7.25273089642505e-05
0.4095248991138662 7.283258720159824e-05
0.4387766776219995 8.671229497977711e-05
0.4680284561301328 0.00012089115751746299
0.4972802346382661 0.00016271610948770255
0.5265320131463994 0.00019894191609405546
0.5557837916545327 0.0002137354401473205
0.5850355701626659 0.00022303169458977087
0.6142873486707993 0.0002569485490430597
0.6435391271789326 0.00024070176250513129
0.6727909056870659 0.0003558206362358319
0.7020426841951992 0.0003242886016305774
0.7312944627033324 0.00042922428348348064
0.7605462412114657 0.0004539453373869983
0.7897980197195991 0.0005022579900720525
0.8190497982277324 0.0005327078194886318
0.8483015767358657 0.0005082848070163998
0.877553355243999 0.000609574984726123
0.9068051337521322 0.000857395159293301
0.9360569122602656 0.0008862228151320359
0.9653086907683989 0.0006110097280965736
0.9945604692765322 0.0007596421001851468
1.0238122477846654 0.0006741750122964178
1.0530640262927988 0.0006869558301940493
1.082315804800932 0.0006592301656569557
1.1115675833090655 0.0006663693017565834
1.1408193618171987 0.0006800391796520158
1.1700711403253319 0.0008607090890666685
1.1993229188334653 0.0005886562222772425
1.2285746973415985 0.0006282147280627892
1.257826475849732 0.0007943209528064256
1.2870782543578652 0.0006222037400736139
1.3163300328659984 0.0006185562988902027
1.3455818113741318 0.0005893613346123135
1.374833589882265 0.0005593520964432124
1.4040853683903984 0.0005828529370777563
1.4333371468985316 0.0005645142138439941
1.4625889254066649 0.0004980568441932634
1.4918407039147983 0.0005065193581667622
1.5210924824229315 0.0004255180148884865
1.550344260931065 0.00036483535324108486
1.5795960394391981 0.00033640879165128875
1.6088478179473316 0.00030919753148884896
1.6380995964554648 0.00020863539418841277
1.667351374963598 0.00019641645979656447
1.6966031534717314 0.0001669359226953342
1.7258549319798646 9.560262567605315e-05
1.755106710487998 0.00011703147815392934
1.7843584889961313 8.087792821879227e-05
1.8136102675042645 7.54761690460399e-05
1.842862046012398 5.4320274663943446e-05
1.872113824520531 4.277774157867e-05
1.9013656030286645 2.8416647547423465e-05
1.9306173815367977 2.0238094072954554e-05
1.959869160044931 1.703631684480692e-05
1.9891209385530644 1.563975730853781e-05
2.018372717061198 1.62329545205343e-05
2.047624495569331 1.8002003143061357e-05
2.0768762740774642 1.9238339881620083e-05
2.1061280525855977 2.493163036779746e-05
2.1353798310937306 3.260095438809227e-05
2.164631609601864 3.473270856565828e-05
2.1938833881099975 4.472084740123694e-05
2.223135166618131 5.130774113521731e-05
2.252386945126264 5.6564140326246495e-05
2.2816387236343973 6.20563104324348e-05
2.310890502142531 7.233822878568111e-05
2.3401422806506638 6.401340239802478e-05
