δ=1999.9999999999998
ΩR=0.9999391999999999
Ωprime=0.9999391999999999
12566370614.35917
280984046.9370711
280984046.9370711
5.000304018484324e-07
nl is 117
0
0.0292517785081333
1.0560517074996897e-05
4.452808039507425e-05
1
0.0585035570162666
1.0581916705563557e-05
4.452808039507425e-05
2
0.0877553355243999
1.071489201759595e-05
4.4528080395074256e-05
3
0.1170071140325332
1.1042330349057608e-05
4.452808039507425e-05
4
0.14625889254066649
1.1963925059686503e-05
4.452808039507425e-05
5
0.1755106710487998
1.2722733495943945e-05
4.4528080395074256e-05
6
0.2047624495569331
1.5219177645848625e-05
4.452808039507425e-05
7
0.2340142280650664
1.9644402711691387e-05
4.452808039507425e-05
8
0.2632660065731997
2.301598765317031e-05
4.452808039507424e-05
9
0.29251778508133297
3.1870342654602424e-05
4.452808039507425e-05
10
0.3217695635894663
4.0229040907193076e-05
4.452808039507425e-05
11
0.3510213420975996
4.270562876064605e-05
4.4528080395074256e-05
12
0.3802731206057329
