10000 4.347255446996518e-08 3e-08 1.1252364379648533e-07 3.095906372721095e-08
20000 1.2444106738924306e-07 1.2000000000000002e-07 4.808398754698954e-07 9.093231977679768e-08
30000 2.9600762138074614e-07 2.7000000000000006e-07 1.165675194894458e-06 2.3114119814238695e-07
40000 6.877630966300406e-07 4.8e-07 3.6202098318299397e-06 5.655135756921064e-07
50000 6.90125395189655e-07 7.5e-07 3.9830853642990804e-06 5.581353848327307e-07
60000 8.730354909605048e-07 1.08e-06 4.814748808162731e-06 6.891171439453758e-07
70000 2.933290528549107e-06 1.4699999999999993e-06 1.5334764463686865e-05 2.437862502696278e-06
80000 1.6282704081657757e-06 1.9200000000000003e-06 1.1601458141661274e-05 1.2768596024377003e-06
90000 2.063781965054325e-06 2.4299999999999996e-06 1.4252366136598708e-05 1.6606713763132048e-06
100000 3.677914990875078e-06 3.0000000000000005e-06 2.0535480865569937e-05 3.146006725272824e-06
110000 3.407541928552608e-06 3.6300000000000017e-06 1.724386100009702e-05 2.72319220423997e-06
120000 4.573224811269405e-06 4.320000000000001e-06 2.4495392440396825e-05 3.7831200196982077e-06
130000 4.346728593271681e-06 5.07e-06 2.0477277455795735e-05 3.681533461757438e-06
140000 6.203390673936201e-06 5.879999999999998e-06 4.398032986506958e-05 5.325292406707257e-06
150000 9.01810935351061e-06 6.750000000000002e-06 6.787837455320498e-05 7.896867649728293e-06
160000 1.2739497030872168e-05 7.68e-06 0.00014246615609044 1.0722895753771772e-05
170000 1.0398714965798512e-05 8.67e-06 6.273691245302932e-05 8.972251440524165e-06
180000 7.220147549419656e-06 9.72e-06 3.533734594259456e-05 6.069093393565955e-06
190000 9.490506187771383e-06 1.0830000000000005e-05 4.635719759576308e-05 7.778305537628134e-06
200000 1.2527834050222383e-05 1.2e-05 5.333745622656859e-05 1.0759239985410603e-05
210000 1.0199108838299415e-05 1.323e-05 3.5062969153712656e-05 8.552273772908065e-06
220000 2.5227371517410444e-05 1.452000000000001e-05 0.00016965141468908607 2.229428839873553e-05
230000 2.2006623420130876e-05 1.5870000000000002e-05 0.0001966517865501261 1.9489574591604124e-05
240000 1.7114542406057937e-05 1.728e-05 8.412555927601408e-05 1.5200012606847368e-05
250000 1.520686450415148e-05 1.875e-05 6.559221483795483e-05 1.2890880842555046e-05
