10000 6.336231625932371e-05 6.366197723675813e-05 0.00016089085298651295 5.13797538229543e-05
20000 0.00010625256700046834 0.00012732395447351627 0.0002644011414844864 7.898096913834264e-05
30000 0.00013622960409661255 0.0001909859317102744 0.0003736682188840142 0.00010085249779173156
40000 0.0002229681245217576 0.00025464790894703254 0.0005064781715859705 0.00017106769608197722
50000 0.0002960766882128521 0.0003183098861837907 0.0005475576020660114 0.00022811881205044685
60000 0.0003524212243411202 0.0003819718634205488 0.0008593841833531431 0.0002480479757248448
70000 0.0004974416562786649 0.00044563384065730686 0.001187497934442684 0.00036506225063916094
80000 0.0006542015691580441 0.0005092958178940651 0.001609829447192742 0.0005069548414634122
90000 0.000645528530706852 0.0005729577951308232 0.0019409962040770779 0.0005134095040197444
100000 0.0005944087041192411 0.0006366197723675814 0.0013829580144824611 0.0004850485004415234
110000 0.0005490441317189016 0.0007002817496043396 0.0012772380073336274 0.00042185562304120327
120000 0.0006022765280527882 0.0007639437268410976 0.0008006126681373064 0.00045212019607013677
130000 0.0008658166310624814 0.0008276057040778558 0.0016900116521384354 0.0006559805759449071
140000 0.0010908751056129319 0.0008912676813146137 0.0027576478420655195 0.0008281742360393549
150000 0.0012094386627739045 0.0009549296585513722 0.0023700247766565 0.0009154711548452148
160000 0.0008803039147870204 0.0010185916357881302 0.00179771550804039 0.0006043307419220413
170000 0.0010735671598456954 0.0010822536130248883 0.002599797245865017 0.0008542940281683182
180000 0.0010005543583546659 0.0011459155902616466 0.001566718333474354 0.000783487537877826
190000 0.0011308351065526967 0.001209577567498405 0.002504543722489477 0.0008578401747735277
200000 0.0010847635687560957 0.0012732395447351628 0.003153663941502663 0.0008148575914504636
210000 0.0016003518696315465 0.001336901521971921 0.004637518187566993 0.0012576226675471314
220000 0.001479671831725625 0.0014005634992086795 0.002540579021581352 0.0010915666377622553
230000 0.0015190706936690434 0.0014642254764454371 0.0023072103097657587 0.001153277900599667
240000 0.0015104852516031853 0.0015278874536821952 0.002998561773260947 0.0011352241015549745
250000 0.0014251725577296836 0.0015915494309189533 0.003463868895619954 0.0010999223676193238
