0.09200863412495482 0.9999996816178487 2.2197079477025683e-05 2.5002182155457007e-05
0.14200863412495482 0.999929165336378 7.22798385997163e-05 0.0001257401868529902
0.1920086341249548 0.9997255258192309 0.00022419047857613093 0.00041135985977100973
0.24200863412495482 0.9993598313674711 0.0004999679648666212 0.0008875784141568045
0.29200863412495487 0.9985500576824476 0.0010889152556159771 0.002019863563735234
0.3420086341249548 0.9975346752725475 0.0019210084930861742 0.0036371361136970483
0.39200863412495485 0.9960283443707699 0.0030225574781025414 0.005620313665076386
0.4420086341249549 0.9937555535435623 0.004784187235954362 0.008397627504896456
0.4920086341249548 0.9907847672815026 0.006914426994767661 0.012249384613788087
0.5420086341249548 0.9868283246496473 0.010158429563939553 0.017957551440810786
0.5920086341249549 0.9847943360087712 0.011442110412389217 0.019929064562731406
0.6420086341249549 0.9791811444147319 0.0159131502624905 0.028926064203377677
0.6920086341249548 0.9743323580077826 0.01953849009427024 0.03518580740185625
0.742008634124955 0.9672493267024335 0.02500045016322216 0.042837099763238136
0.7920086341249549 0.9673361895800366 0.024734954081300428 0.04319849322968329
0.8420086341249549 0.9614349688370738 0.028973241184374644 0.05034429192604205
0.892008634124955 0.9588549059823258 0.031198876030802243 0.05433089061697017
0.942008634124955 0.9498998177673184 0.037629451133228055 0.06544517353396113
0.9920086341249549 0.9539359661909557 0.03418495186569635 0.061866930139592075
1.042008634124955 0.9496986702356736 0.038247672740933436 0.06518259205395324
1.0920086341249549 0.9441106352159585 0.042130486034210234 0.0700321768959237
1.142008634124955 0.949932536257307 0.03780688385707915 0.06679875631945013
1.192008634124955 0.9519078924388755 0.03586807987607814 0.065392414310368
1.2420086341249548 0.9504397051528953 0.03672193736063438 0.06304764687634255
1.292008634124955 0.9468265586261013 0.03943584001375408 0.0649313343568097
1.342008634124955 0.9536265187675815 0.03428986912031103 0.059948661616189336
1.3920086341249551 0.9575582934859117 0.031034106171500316 0.05307732963279667
1.442008634124955 0.9638043609684227 0.02626547526549963 0.04536419349014103
1.492008634124955 0.9662591780376291 0.02456824181793513 0.04418209848521027
1.542008634124955 0.9733540893170467 0.019413255157473382 0.033589100667026396
1.592008634124955 0.9759736057285068 0.01744167219944492 0.029133635377833405
1.6420086341249551 0.9813815682481285 0.013177088177610931 0.02191720679829646
1.6920086341249552 0.9844500591378106 0.011137989656543227 0.01966562849183341
1.742008634124955 0.9888047979077061 0.007931436590965067 0.013621197044639637
1.792008634124955 0.9910708703184927 0.006489129934240131 0.01221504183087796
1.842008634124955 0.992939149259912 0.005157959472220698 0.01070125069930147
1.892008634124955 0.9947813242159669 0.0039259023758149965 0.0087304829692308
1.9420086341249552 0.9958853708392762 0.0031489715677812296 0.006689743409682643
1.9920086341249552 0.9963650358497901 0.002822610437144762 0.0066177320331021845
2.0420086341249553 0.9961321423890267 0.003040711800386657 0.006898809691144256
2.092008634124955 0.9959814250480357 0.003036604305192672 0.006950130741946438
2.142008634124955 0.9952132418880171 0.0035846159716289103 0.008270534713970174
2.192008634124955 0.994597001527528 0.00401998263984908 0.007862751896298266
2.242008634124955 0.9933093751472432 0.004939470664827796 0.01009362487247717
2.292008634124955 0.9926038695664462 0.005463285739578153 0.010676194693426665
2.342008634124955 0.9920024630073704 0.005879633064262155 0.01095690848282676
2.3920086341249553 0.9920344496831927 0.0057492257993892746 0.011137063545339911
2.442008634124955 0.9918871095362104 0.006008640370842063 0.011566286432437105
2.4920086341249554 0.9918253228361257 0.005884041554151375 0.01231261098842324
2.5420086341249553 0.9931532647457725 0.004942979359150983 0.008614846268175597
2.592008634124955 0.993385679535739 0.004667511257823639 0.008856011289067408
2.6420086341249553 0.9938306338115501 0.0045238518595231 0.008972749890546321
2.692008634124955 0.9944374207311012 0.00411076900274333 0.007870010373748394
2.742008634124955 0.9949477193863828 0.0036654259115125455 0.0070629691297755485
2.7920086341249553 0.9960247384521795 0.002940083099313244 0.006352611640095955
2.842008634124955 0.9962865241907797 0.002837693359829027 0.006579846498581985
2.892008634124955 0.9967668983362897 0.002542496455206871 0.005540819190380949
2.942008634124955 0.9973433589131985 0.0020752622976631246 0.004776463447695718
2.992008634124955 0.9970862218543128 0.00231214898151339 0.0052183644264374935
3.0420086341249553 0.9972125302747581 0.002193692388490566 0.005748457204975133
3.0920086341249555 0.9974149137070244 0.002007937060795077 0.004287949752525118
3.1420086341249553 0.9965832084772464 0.0025749240553832767 0.005786442514923252
3.192008634124955 0.9966019521603563 0.002572826154334626 0.0057155138668503105
3.2420086341249554 0.9960832106945436 0.0030087318219280267 0.006010544398515772
3.2920086341249553 0.996019394158027 0.0029436972636798092 0.006541259201480148
3.342008634124955 0.9959251924751956 0.003057156187449635 0.006142529344035216
3.3920086341249553 0.9951212428359879 0.0036308813577796972 0.007654705245600304
3.442008634124955 0.9953545085733664 0.0034838197776626313 0.006734477259241368
3.492008634124955 0.9952918793768524 0.0034166405003784083 0.006853681445031953
3.5420086341249553 0.9954665823688124 0.0033793988993985496 0.007063649685027526
3.592008634124955 0.9955640653186206 0.003356714785292512 0.0070142720984889
3.642008634124955 0.9957170672468557 0.0031778674368296692 0.006640306455903043
3.6920086341249556 0.9964023904611663 0.0026714084375783504 0.005619279880814008
3.7420086341249554 0.9966612844459553 0.0024640928964931386 0.005032457589226789
3.7920086341249557 0.9966651801157402 0.002586123417561359 0.00555476889457734
3.8420086341249555 0.9971395486494171 0.0022155841963424363 0.005063425406859112
3.8920086341249553 0.9974259491992349 0.0020291598219726744 0.004732908874490169
3.9420086341249556 0.9974420340872657 0.0019877842145056266 0.004914788681222658
3.9920086341249554 0.9974386105150809 0.0020233856518133506 0.005157833361379667
4.042008634124955 0.9973352953147332 0.0021402102227539802 0.0048385922408099085
4.092008634124955 0.9974621450426107 0.0019759751999774374 0.00471405250592437
4.142008634124955 0.9972214970253768 0.0021682307318073826 0.005469190807855067
4.192008634124956 0.996902139821639 0.002384253864823701 0.005930992929431207
4.242008634124955 0.9970082399589092 0.002222852185217912 0.005275205851010562
4.292008634124955 0.9965414782818789 0.002620944754981745 0.005607550287421724
4.342008634124955 0.9963880090931749 0.0027065048344864363 0.005835729413494998
4.392008634124955 0.9964965388012328 0.002609277240078134 0.005754425075444094
4.442008634124955 0.996546676645271 0.002571700707176639 0.005192883256866743
4.492008634124955 0.9963513633441353 0.0027528796876875356 0.005773942436975749
4.542008634124955 0.9961986409458461 0.0028488493736033736 0.006746094829218795
4.592008634124955 0.9966182001636626 0.0025243708276921134 0.005022678069860034
4.642008634124956 0.9967228348726083 0.002465522879491259 0.005952290781060848
4.692008634124956 0.996845595360988 0.0023714734358296014 0.0055684151194692185
4.742008634124955 0.9971277782301357 0.002171834515861286 0.0046057243675102395
4.792008634124956 0.9974914112493903 0.001937579587009349 0.004708313563035921
4.842008634124956 0.9975578211487787 0.0019202120427608564 0.004239973385801576
4.892008634124956 0.9975882267174856 0.0018801252077545508 0.004043187469708871
4.942008634124956 0.997434678822264 0.002051691320049478 0.005190727520858332
4.992008634124955 0.997581384099956 0.0018996371164607842 0.004675759211154854
5.042008634124955 0.9975014815307311 0.002003222748586096 0.005243875144793446
5.092008634124956 0.9973267774400426 0.0020920250000084897 0.005327535294747902
5.142008634124956 0.9972166853394208 0.0021711495249195846 0.004858878026324814
5.192008634124956 0.997446348045793 0.001975604016173997 0.004192534940373073
5.242008634124955 0.9971104332751249 0.002233241728534777 0.005084516644999122
5.292008634124955 0.9971419393724097 0.0022252391812215685 0.005156311547393471
5.342008634124955 0.9971510089471173 0.0021919817953934113 0.004955446362861141
5.392008634124956 0.99697201787394 0.002308072359872421 0.005505847528354143
5.442008634124956 0.997050504200233 0.002252417892106691 0.004723451476451574
5.492008634124955 0.9967574986490318 0.002479358590714948 0.0053290675870093455
5.542008634124955 0.9970442894677681 0.0021407774831371223 0.004372245592253883
5.592008634124955 0.99723819171162 0.002100277997283905 0.004297982280136461
5.642008634124955 0.9969387806473949 0.0023546930508798326 0.005836766604885502
5.692008634124956 0.9972253644993513 0.002144448259791598 0.0045580777882193975
5.742008634124955 0.9973556460869981 0.002027234508883401 0.004490044260046705
5.792008634124955 0.9975154027055174 0.001903842792985561 0.004347307570099246
5.842008634124955 0.9975126138407864 0.001960690863726107 0.004749802973956308
5.892008634124955 0.997509174475468 0.0019873842579859508 0.004591131654147222
