0.25 4.995058979100229e-07 3.8161248111008807e-07 1.0353789632832975e-06
0.3 7.226286593814751e-07 5.426604254239114e-07 1.561450243329292e-06
0.35 9.688135236575705e-07 7.359018479933741e-07 2.2966139972424543e-06
0.4 1.2505474818116978e-06 9.418540230718523e-07 2.756113254755377e-06
0.45 1.5542928161343969e-06 1.1972376602714393e-06 3.3634601675424663e-06
0.5 1.874310386211837e-06 1.4599229453664266e-06 4.12224522480302e-06
0.55 2.189721145801056e-06 1.6900999048974663e-06 4.8828321401172406e-06
0.6 2.525204400772767e-06 1.938076108461522e-06 5.715615411770405e-06
0.65 2.842800876386402e-06 2.130642026760781e-06 6.384529711027886e-06
0.7 3.2639129872106757e-06 2.4656311559863345e-06 7.697668544967735e-06
0.75 3.06617309340685e-06 2.2498767032261067e-06 7.384882123985599e-06
0.8 4.021485440217604e-06 3.066488862996546e-06 8.57464610118491e-06
0.85 4.213153008737582e-06 3.1176756142667333e-06 1.0155168329258086e-05
0.9 4.673286727489078e-06 3.5718882689880147e-06 9.35496354760451e-06
0.95 4.859543371993258e-06 3.7085856859562007e-06 1.064164876227899e-05
1.0 5.043163293432845e-06 3.7523481710879754e-06 1.1437367392650572e-05
1.05 4.643980750837026e-06 3.6016225111608943e-06 9.310951740811858e-06
1.1 5.010935947983397e-06 3.8116983123669475e-06 1.0762811224034675e-05
1.15 5.8475572357444315e-06 4.483246239725943e-06 1.2957910338265903e-05
1.2 5.314633196879607e-06 4.008187047695224e-06 1.240288041731134e-05
1.25 5.168030578588494e-06 3.898679403152784e-06 1.0478953167325173e-05
1.3 5.677272568081715e-06 4.303078210012952e-06 1.2091683815603624e-05
1.35 5.925868382028309e-06 4.459445989202881e-06 1.3275585424303092e-05
1.4 6.386401014891073e-06 4.8734082194532025e-06 1.5416554531589727e-05
1.45 5.632028855983976e-06 4.27024694649794e-06 1.3543229598842394e-05
1.5 5.81456973246363e-06 4.427956010032058e-06 1.2675548240266483e-05
1.55 5.482631541048229e-06 4.053611458838805e-06 1.1713371319589552e-05
1.6 5.497342915165113e-06 4.227315170100489e-06 1.2611495147588851e-05
1.65 5.601997676577003e-06 4.2976397955408845e-06 1.1914338645556245e-05
1.7 4.985643748956453e-06 3.7850262645406994e-06 1.0647090728400517e-05
1.75 5.029345283414793e-06 3.844351563296257e-06 1.2436209180472722e-05
1.8 4.4183912644665995e-06 3.4064341461988686e-06 1.0533609337335792e-05
1.85 4.468720676337028e-06 3.4669889851511604e-06 1.022549960457613e-05
1.9 4.108520009729442e-06 3.20432284624019e-06 1.012633252426757e-05
1.95 4.310242476254927e-06 3.295305414096812e-06 9.98204404897512e-06
2.0 3.2630887920339996e-06 2.483608144506275e-06 7.143713201206094e-06
2.05 3.1322573415972715e-06 2.415506202253142e-06 6.729293773408583e-06
2.1 3.1528903381312717e-06 2.41159680291665e-06 6.268563479961134e-06
2.15 2.418920149004652e-06 1.8654113711489097e-06 5.481918834398907e-06
2.2 2.4735718540634e-06 1.91547740292815e-06 6.044003582396414e-06
2.25 2.0217578286366378e-06 1.5564740606494792e-06 4.236581289094542e-06
2.3 1.697127086359709e-06 1.3111653343206501e-06 3.828090300383631e-06
2.35 1.49595255941357e-06 1.1315982298196697e-06 2.8233591285314347e-06
2.4 1.3455135653561994e-06 1.0172290847732505e-06 3.1013636092435572e-06
2.45 1.1770980976024894e-06 8.978107006756547e-07 3.059623702480563e-06
2.5 9.816732729728647e-07 7.355372855415336e-07 1.994460587189227e-06
2.55 7.717842865755657e-07 5.820373473980758e-07 1.7709521740960544e-06
2.6 5.637487342667389e-07 4.2630539716300264e-07 1.1851614484086386e-06
2.65 4.630571978289106e-07 3.476135119617626e-07 1.0869364467065815e-06
2.7 3.274798751078652e-07 2.534262472028579e-07 7.378455200166526e-07
2.75 2.0809130978441394e-07 1.5606746872128023e-07 4.607450215984383e-07
2.8 1.3141670677955035e-07 1.0169876804993054e-07 2.8975926162804887e-07
2.85 8.012828498554454e-08 6.016062196142982e-08 1.7684234641382057e-07
2.9 3.558312435499121e-08 2.738290796619267e-08 9.046876594094747e-08
