0.25 0.0002987757016817865 0.00023016227141066628 0.0007053443580617609
0.3 0.00033048951114308554 0.0002528948102169343 0.0007529019915672856
0.35 0.0003099313462554043 0.0002351390969237926 0.0007758895071514316
0.4 0.000280900406874669 0.00021660276450838098 0.0006260042634283253
0.45 0.0002814180579462675 0.00021045837168315288 0.0005778167583006071
0.5 0.0002835451721372154 0.00021653099325632752 0.0005889384558484737
0.55 0.00027174073667636777 0.0002090033837616109 0.0006394471570139376
0.6 0.0002773184164821849 0.00021655171882348315 0.0007322530837631562
0.65 0.0002730235669411387 0.0002085439276236783 0.0006214458155381699
0.7 0.00028188049051821066 0.00021529572045252544 0.0006526136707376508
0.75 0.0002552925128892268 0.00019381487279228433 0.0005944471971193886
0.8 0.0002524159335112228 0.0001885401010460471 0.0005995124047389929
0.85 0.0002650346885753628 0.00020271386817089155 0.0005941161878486199
0.9 0.00024532482776575156 0.00018688271968708104 0.0005035681783892481
0.95 0.00027923766975475366 0.00021335705719853317 0.0006098158476569648
1.0 0.00025858960611194014 0.00019731397023291163 0.0006633876961444204
1.05 0.0002399125661615752 0.0001796219708284019 0.0005196357176600075
1.1 0.0002600549872077805 0.0001984645518571316 0.0005354920968427074
1.15 0.0002721787693125826 0.00020616946889796776 0.0005510333316929892
1.2 0.0002583399938384083 0.00019525654356033483 0.0005469836772576275
1.25 0.0002549210264008024 0.0001945829688564079 0.0005875126265769925
1.3 0.0002669614857197038 0.0002078507665657609 0.0006703618142334889
1.35 0.0002624536167426983 0.0002004230097371103 0.0005378712873631594
1.4 0.000246548108796939 0.00018538528857307103 0.0004871184048934751
1.45 0.00021863627647022936 0.00016866803136857814 0.00047444450006729516
1.5 0.00023794115567001798 0.0001793103260256592 0.0005591646038534924
1.55 0.00023497332414408603 0.00017895553606536062 0.000533615852428705
1.6 0.0002492304549891165 0.00018987135214452677 0.0005084625090246762
1.65 0.00024803109156304063 0.00018725702546481873 0.0005636688413333514
1.7 0.000257434007155722 0.0001977299242710195 0.0006146191479401472
1.75 0.00026548304841880494 0.00020595692629087918 0.0006269197682982177
1.8 0.00024174820334481095 0.00018349468223378517 0.0005613712539382051
1.85 0.0002447297533902728 0.0001873565775951234 0.000538425396426904
1.9 0.0002198848865694135 0.00016777177690037145 0.00047663631281677884
1.95 0.0002533247837415554 0.00018935388391767122 0.0006854672975242674
2.0 0.00022029189479521794 0.00016893477494489494 0.00045729343255802006
2.05 0.00025671435229157797 0.00019769612756669386 0.000597954637124734
2.1 0.0002544210233281257 0.00019052190448531908 0.0005778184394671159
2.15 0.00024136255952144422 0.00018122396836532217 0.0005553204702239515
2.2 0.000253751608571346 0.00019333328476669757 0.0005379893107869283
2.25 0.00023462661420659204 0.00017623493990610284 0.0006027209939184016
2.3 0.0002454970226297332 0.00018786603434165796 0.0005430464489723661
2.35 0.00023669104418848412 0.00017606005824913728 0.000554194793978905
2.4 0.00024374678369226354 0.00018488558819032368 0.0004777044797014246
2.45 0.0002678698577504702 0.0002012798966593809 0.000531266590344636
2.5 0.00024248999041745899 0.00018473819701028468 0.0004962396039376421
2.55 0.00024686640938320284 0.0001870468792104663 0.0005458348562824132
2.6 0.0002456185615931659 0.00018812641165890216 0.000573950883094316
2.65 0.00024731367846904194 0.00018752972822741072 0.0005732086641579122
2.7 0.0002466281539100141 0.00018949107512724014 0.0005379047163976624
2.75 0.00024337396912412005 0.0001890177410974331 0.0005124920549494359
2.8 0.0002390272790424169 0.0001773738519385635 0.0005249642438148257
2.85 0.00024331316737340555 0.0001854213687094774 0.0005608917371642604
2.9 0.0002325373160145933 0.0001774735992609521 0.0005784171568755161
