0.25 0.0003250542567677182 0.0002508697143485539 0.0007214220780950432
0.3 0.00034268813610095235 0.0002577394819505349 0.000759549757631676
0.35 0.00029499137876683087 0.00022296342414666222 0.0006593084253346288
0.4 0.000323780807771264 0.0002518338362415744 0.0007588683460242572
0.45 0.00032160673545481944 0.00024467441627742573 0.0007927927940104141
0.5 0.0003058957053606963 0.00023581716828393297 0.0007079292976588388
0.55 0.0003050499870951679 0.00023039083944247345 0.000621193282996194
0.6 0.00029458912382712016 0.0002237774347847467 0.0006875277011010563
0.65 0.00031310017931394615 0.00023749065166721824 0.0006344898887089399
0.7 0.00033640531680127707 0.0002536323230266183 0.0007326873264217649
0.75 0.0003045970570097127 0.0002269395912465182 0.000740007944947435
0.8 0.0003018764001633466 0.00023165809766431816 0.0006818491871752113
0.85 0.00030558480562121684 0.00023607993273076772 0.0006273638825124095
0.9 0.00031428106188712425 0.00023999443631360327 0.0006870922527062426
0.95 0.0002951660429860526 0.00022368978734205023 0.0006673583745489389
1.0 0.00028892232722112476 0.00022226475312860425 0.0005629640299450964
1.05 0.000311556846110703 0.0002366497662619209 0.0006628688304760376
1.1 0.0002797514198211844 0.0002090056625446728 0.0005907786198973807
1.15 0.0002989648405169265 0.00023032447782872148 0.000680924888339123
1.2 0.0002838055229068602 0.00021884461847561834 0.0006270020659950581
1.25 0.00027856085217211127 0.0002092325984617439 0.0005918588781344069
1.3 0.0002696954901730475 0.00020928681433107465 0.0005836127288484463
1.35 0.0002663080727120123 0.000202636402125584 0.0005725927025318796
1.4 0.0002896152916473228 0.00022162251078009472 0.0007679111162172654
1.45 0.0002890198117964829 0.00021672121964037014 0.000722566834282882
1.5 0.00026998177291686823 0.00020176075558693226 0.0005727150459068142
1.55 0.00026816160257294103 0.00020149660748970856 0.0005887359158698281
1.6 0.0002576746830459378 0.00019687398524820892 0.0006207440702245149
1.65 0.00025614813187331396 0.0001927217271000983 0.0006375007826804726
1.7 0.00027938052779606366 0.00021201803974516903 0.0005887114422253613
1.75 0.000274542262337332 0.00021131007650850483 0.0006321682786648293
1.8 0.00024489109972965537 0.00018534564760611035 0.0005349630165071266
1.85 0.00023783317451176432 0.00017665867959029759 0.000544725882486715
1.9 0.00023716223596668788 0.00017880998590883186 0.0005214979752251524
1.95 0.00026052796539672055 0.00019685716632676222 0.000594617382715176
2.0 0.0002371964775750786 0.0001801314945075696 0.00045701239029245403
2.05 0.00025573859761198196 0.00019369605814982305 0.0006162107961858868
2.1 0.00027443395401751313 0.00020947745446134485 0.0006050881004197145
2.15 0.0002692672057748621 0.00020549258971434047 0.000664321264732573
2.2 0.00025118593739921745 0.00018887218013692535 0.0005238608347670784
2.25 0.00024822768908162223 0.00018808141356198386 0.0005529870706857909
2.3 0.00024333834156756772 0.00018624657314682578 0.0005887875340842855
2.35 0.00025751479258028 0.00019608598808805815 0.000637064200201528
2.4 0.00024390853786482785 0.0001868941631519019 0.0005199065254886771
2.45 0.0002535414164986953 0.00019422372545051074 0.0005834523532346215
2.5 0.00023702230353374445 0.00018012087244411744 0.0005901543279979918
2.55 0.0002646189604683625 0.00020739439716392397 0.0006111918018263276
2.6 0.00026009548401108627 0.00020007581745284044 0.0006309459914774446
2.65 0.0002454183637214041 0.0001872999709274176 0.0005469847254424218
2.7 0.0002468641933110259 0.000183333157251135 0.0005444020502792616
2.75 0.0002491585797572679 0.0001864475858736142 0.0004970077041613474
2.8 0.00024309829467910712 0.00018535846234834483 0.0005372910999800706
2.85 0.00022717496047311382 0.0001722057614719305 0.00044829958909991006
2.9 0.00023562949801491463 0.0001799335261292224 0.0005252114928244613
