0.25 0.00023822305562445662 0.00017947847114242496 0.0005440928290583866
0.3 0.0002530262995605622 0.0001905227086232481 0.0005546065382633446
0.35 0.0002713761904808523 0.0002017748680489106 0.000644593532144196
0.4 0.0002383572926866582 0.00018206826425445563 0.0005229768819351322
0.45 0.00022740036700002144 0.00017212022300617348 0.0005507791994966285
0.5 0.0002396635636614429 0.00018048667200405951 0.000535004541208509
0.55 0.00025679314212475457 0.00019460605928202766 0.0005735531897914151
0.6 0.00024567431866526766 0.00019031839122507526 0.000534882428184863
0.65 0.00024462952626401187 0.00018468732047195632 0.0004918954013404253
0.7 0.00023774365685207496 0.00017870416744088564 0.0005137969463473637
0.75 0.0002639972571323495 0.00019804466023363301 0.0006176975943094655
0.8 0.0002585334996107111 0.00019593556210357885 0.0005785540928395473
0.85 0.0002528339149226646 0.0001938374285150352 0.000546732114367008
0.9 0.00025285827347958556 0.0001940518900317641 0.0005899492482794959
0.95 0.0002737072973396391 0.0002077582181861894 0.0006081202948368093
1.0 0.00027450337580837194 0.00021074007520626903 0.0006005601578487452
1.05 0.00025774010484465857 0.0001956533426021914 0.0006036075949879263
1.1 0.00023635191033004048 0.00018267183896461317 0.0005197267421749389
1.15 0.0002496209088110713 0.00019205200330531645 0.0006140241037724039
1.2 0.00023489441865420986 0.00017582297178327336 0.0004600943830388815
1.25 0.00024898400769113565 0.00018978280217306804 0.0005577799908881242
1.3 0.000241140797089422 0.00018038229139835337 0.0004917453594948435
1.35 0.00025239547586291633 0.00019543798219656696 0.0006092887025037846
1.4 0.00022899386752880404 0.0001761649793349947 0.0004976272162738311
1.45 0.00026260116748782277 0.0001994724052874489 0.0005671368393936674
1.5 0.00025466561566190563 0.000195232383026714 0.0005710923888460424
1.55 0.00024289818819974996 0.00018354574530132838 0.0005933999830797837
1.6 0.0002740740501597737 0.00020742464347570992 0.0006192780362408033
1.65 0.0002597312514725849 0.00019808198064710862 0.0006123871593937054
1.7 0.00025750312627780334 0.000196505411124134 0.0005492025874194816
1.75 0.0002386411002766902 0.0001821297638361344 0.0005448713255188151
1.8 0.00023435827520818062 0.00017731758182547224 0.0004745459346917521
1.85 0.00025760845054984867 0.00019734102499125212 0.0005249299518644379
1.9 0.0002815881995523416 0.00021738074881449818 0.0006529042392609478
1.95 0.0002531759285690565 0.00019457433282145622 0.0006132352230073425
2.0 0.0002477193307468003 0.00018787624930944818 0.0005623835871491135
2.05 0.000253564398300164 0.00019121554316258626 0.0005648674914237396
2.1 0.00026626620626855934 0.00020261763633605984 0.0005516446457607586
2.15 0.00027327616015329804 0.00020806118577779357 0.0006396785964316793
2.2 0.00025187316975839306 0.00019051342238706416 0.0005401796976134246
2.25 0.00024305610705114384 0.00018523036721165834 0.0005807573342802072
2.3 0.00024399305852707955 0.0001880140320356915 0.0005478678575720259
2.35 0.0002524228491289804 0.00018617868913470978 0.0005014085058696624
2.4 0.0002588944636150289 0.00020037314957348682 0.0006289583268762564
2.45 0.0002262062230689258 0.0001745340798925895 0.0004940894858236246
2.5 0.0002457743227481185 0.00018525512448958932 0.0005101524842539648
2.55 0.00025857566658149886 0.0001973319884035704 0.0005418574448062969
2.6 0.0002494404977206299 0.00018820667911873407 0.0005405708044111807
2.65 0.0002505769275515367 0.0001906124486310538 0.0005823289489975421
2.7 0.0002517074781016925 0.00019246084701912076 0.0005352364568160737
2.75 0.0002367303801280922 0.00017984713496180645 0.000577198742858775
2.8 0.00025178274075992913 0.0001941926233185076 0.0005784814106962526
2.85 0.00023877237158408647 0.00018208691963058724 0.0005210050112504161
2.9 0.00022203509015738753 0.00017170432295293212 0.000515897963366557
