0.09200863412495482 0.00018095698781787084 0.0004208686005481585 0.0002597750802010021
0.14200863412495482 0.0004355564319641748 0.0008620012454618473 0.0005713751745810153
0.1920086341249548 0.0006993647870954166 0.0015008149361719096 0.0009610321508381923
0.24200863412495482 0.0011660121383394281 0.002551937054908778 0.001620263242138832
0.29200863412495487 0.0016553090002354289 0.0035946487863268194 0.0022472885097718307
0.3420086341249548 0.0023400641432693467 0.004786487827993849 0.003121525732497579
0.39200863412495485 0.0031212542743192188 0.0071026113092831165 0.004529244758532283
0.4420086341249549 0.0036252897525126822 0.007517906106535303 0.004884182355784272
0.4920086341249548 0.004484321839604624 0.009597151100490002 0.006127680853683997
0.5420086341249548 0.005198268157406637 0.011601994402064428 0.007314703281356354
0.5920086341249549 0.005896590231554264 0.012644502741824118 0.0081456781589965
0.6420086341249549 0.007141973962849423 0.014128779915171285 0.00929067699127087
0.6920086341249548 0.007624288672819789 0.016099484327525386 0.01036588149641826
0.742008634124955 0.008907658867476137 0.0173395717264133 0.011459566777677788
0.7920086341249549 0.009621604448513435 0.019596812162491015 0.012702632345325999
0.8420086341249549 0.010495629370423303 0.023314296779033315 0.0146101272179408
0.892008634124955 0.011442935814499157 0.022316058245687033 0.014737469952919418
0.942008634124955 0.012050316757876548 0.027697175249128066 0.01684275859007192
0.9920086341249549 0.01287255705082973 0.027504128527291116 0.01753845204833795
1.042008634124955 0.01251796017753851 0.025168789424736805 0.016382906884910568
1.0920086341249549 0.014046786268796123 0.029274436027117504 0.018568627421388574
1.142008634124955 0.01356713148921954 0.028412758743070015 0.018071385822116672
1.192008634124955 0.014367300315956906 0.02947700550670469 0.019120263873466933
1.2420086341249548 0.01565968953491531 0.03379522562224625 0.021523470772577925
1.292008634124955 0.01509089527911138 0.03280482011210897 0.020935267069395636
1.342008634124955 0.015899927090821612 0.03151932860056219 0.020444081504557347
1.3920086341249551 0.016431820132858082 0.0348023941204259 0.022201277639501298
1.442008634124955 0.016215693243945308 0.03152425235503271 0.02052520372140215
1.492008634124955 0.015521498937412748 0.033861897029686276 0.021277177670397232
1.542008634124955 0.014562175448915709 0.033672164856987014 0.020675358388471354
1.592008634124955 0.014940171490985407 0.030428696931309323 0.019734466892833417
1.6420086341249551 0.014075197691749653 0.02959084151345921 0.019083635584922164
1.6920086341249552 0.013570246537996912 0.028757275345087617 0.0181736585956585
1.742008634124955 0.012811299580787 0.02647972120061025 0.017033410991764673
1.792008634124955 0.012822132479730275 0.026981881345071936 0.017221509655348258
1.842008634124955 0.011894007566241488 0.02454980614828329 0.01586427165213542
1.892008634124955 0.011943772918349358 0.02436970740920365 0.015480848130341335
1.9420086341249552 0.009639021394767558 0.01911654903984273 0.012549613898174513
1.9920086341249552 0.010081516783476041 0.02103425050729935 0.013362541210596032
2.0420086341249553 0.009287491212455031 0.0178577733896194 0.011690429190227536
2.092008634124955 0.008234118494488258 0.015419200295510867 0.01019809408595784
2.142008634124955 0.00789231802660279 0.01621455870996033 0.010524879346051738
2.192008634124955 0.007037658099096618 0.01517638525234424 0.009522124853736078
2.242008634124955 0.006446611662210816 0.011780214767142392 0.007936086673545346
2.292008634124955 0.005607419471530982 0.010445946906587313 0.0070124899694558995
2.342008634124955 0.004627167703309404 0.008515299741089982 0.005687094127174964
2.3920086341249553 0.0037261521775474394 0.007286151451062593 0.004815339591291334
2.442008634124955 0.0035240204938314897 0.006813401787059496 0.004385667775539526
2.4920086341249554 0.003186253757573412 0.006448726756281199 0.004163007920427306
2.5420086341249553 0.0025505312276118213 0.005162745950422172 0.0033143518649001356
2.592008634124955 0.002199508298027133 0.004709068034500912 0.002912404061947238
2.6420086341249553 0.001913047150987225 0.003961857515646728 0.0025385136565226913
2.692008634124955 0.0015606541255926598 0.0037332575378781607 0.0022313511543967826
2.742008634124955 0.001322431914308548 0.003312757784811584 0.002012383572765956
2.7920086341249553 0.0011006121492219156 0.002989101494474465 0.0017275817536419613
2.842008634124955 0.0009044801052951245 0.0026692310099131287 0.0015505349832681723
2.892008634124955 0.000808653188588092 0.002360212766912268 0.0013614209083968366
2.942008634124955 0.0008406384945013631 0.002988038129340984 0.0016334741797157846
2.992008634124955 0.0006883564685291492 0.00242466429825905 0.0013154764676698682
3.0420086341249553 0.0007343388068667487 0.0027233587285728725 0.001416090123028334
3.0920086341249555 0.0007522621360627901 0.0028811910506885987 0.0015499445885174797
3.1420086341249553 0.0007607771990997985 0.0024057275620297173 0.0013470525424259582
3.192008634124955 0.0009276758521758519 0.0026646766913098717 0.001524403081251719
3.2420086341249554 0.0010154671196251051 0.002869454000614082 0.0017022430170593014
3.2920086341249553 0.0011465239279961604 0.0027267621224823214 0.0016636997103944245
3.342008634124955 0.0012849002119886743 0.0034599674536104808 0.002056880349049722
3.3920086341249553 0.0013012039957751927 0.002841131076082827 0.001780713804194183
3.442008634124955 0.0017088963198691463 0.004500093645199432 0.0026372167084428026
3.492008634124955 0.0018175686200277393 0.003980503149396552 0.0024822915150212593
3.5420086341249553 0.001747232505941967 0.0046183684326121955 0.0027491866282495898
3.592008634124955 0.0018472267025760717 0.005030851094431838 0.0029278299365658295
3.642008634124955 0.0019713172149760025 0.003966994776894521 0.0025631012862588755
3.6920086341249556 0.0019060491072173823 0.004208667321767427 0.0026145094371557826
3.7420086341249554 0.002260388313270906 0.00503129403166462 0.003118213690078252
3.7920086341249557 0.002110868944293413 0.005069120264403589 0.003094362854465
3.8420086341249555 0.002122956088696723 0.004550143172253998 0.002911269357983049
3.8920086341249553 0.0022546219038828076 0.004735838223144058 0.0030334837031940503
3.9420086341249556 0.002150569849685636 0.004496616183904712 0.00284655489092757
3.9920086341249554 0.001952991547474593 0.00428821814386743 0.002701313600894961
4.042008634124955 0.0020004456535429893 0.004729656341341604 0.0028668368366684036
4.092008634124955 0.0019673052200931095 0.004409629819068632 0.002739783925252273
4.142008634124955 0.0018640622976413526 0.00398380421492571 0.002492872602433144
4.192008634124956 0.001777455319766365 0.004132700964863139 0.0025699498251952153
4.242008634124955 0.0016351612443825684 0.003211268028367342 0.002110712529434125
4.292008634124955 0.0016410458070223405 0.004030491617714073 0.0024301558836602234
4.342008634124955 0.001357481146793317 0.003389043372445829 0.002039351437159639
4.392008634124955 0.0013971294671208997 0.0030532966232084137 0.0018853156148057545
4.442008634124955 0.0012418294304830245 0.002915302299090799 0.0018004708476244552
4.492008634124955 0.0011888908561474396 0.0029072629872932344 0.001763530108672624
4.542008634124955 0.00105825591395384 0.0023949339991555917 0.0014690602855704283
4.592008634124955 0.0010678113558067392 0.0026760889452745735 0.0016116860055267058
4.642008634124956 0.0009643043498043211 0.0025982650995191913 0.0015279265094778386
4.692008634124956 0.0007585649929784493 0.0023447587526753424 0.0013414829181140572
4.742008634124955 0.0007924322777784964 0.002302826372707936 0.0013164845950141971
4.792008634124956 0.0006981206787409371 0.001738301431388235 0.0010362207525618505
4.842008634124956 0.0006538194344014458 0.0018950189939043974 0.0010822345939573807
4.892008634124956 0.0006893621472305136 0.0022129371459342646 0.0012246128004375302
4.942008634124956 0.0006628157023820277 0.0024575207984420806 0.0013276947782228294
4.992008634124955 0.0006225398908462866 0.002185568039407704 0.0011623224688416818
5.042008634124955 0.0005823699980055528 0.0018659026532679133 0.0010437896205937381
5.092008634124956 0.000697037736235266 0.002390276987333519 0.0012914529599648407
5.142008634124956 0.0006615612272570233 0.002080100472684543 0.00113326505993029
5.192008634124956 0.0006648735771683494 0.002151037380851787 0.0011968887126636112
5.242008634124955 0.0006981753004880776 0.0019607647919781496 0.001142091522015959
5.292008634124955 0.0006995930993475029 0.001793758258226804 0.0010751357307803482
5.342008634124955 0.0007807902682697105 0.0022205291039367257 0.0012908685493376575
5.392008634124956 0.0008636847119559623 0.0024061427223403577 0.0014072527323145284
5.442008634124956 0.0009928463095692666 0.0027392705063173164 0.0016006530994535234
5.492008634124955 0.0009628594604706007 0.002572985965058845 0.001513319892897353
5.542008634124955 0.0009786887603011206 0.0026508558414551717 0.0015525466881438396
5.592008634124955 0.0010804971702703821 0.0026246037247716343 0.001592772536942025
5.642008634124955 0.0010721417967421423 0.002806341327308622 0.0016754556085005771
5.692008634124956 0.001216621488925533 0.003378245573653559 0.0020034564023511544
5.742008634124955 0.0011790347824814254 0.0026725819529425173 0.0016629621318556725
5.792008634124955 0.0011616999663972096 0.0029114533318572587 0.0017519360801060758
5.842008634124955 0.0013311550234358308 0.00351287307580282 0.0020336627069312404
5.892008634124955 0.0012043248869045107 0.0028240946527717152 0.0017310324543853876
