10000 9.00317238784807e-06 1.2001459333089833e-07
20000 8.91313543069944e-06 4.800583733235934e-07
30000 8.56307231201071e-06 1.0801313399780856e-06
40000 6.588738423990171e-06 1.9202334932943733e-06
50000 9.366325324719088e-06 3.0003648332724603e-06
60000 8.352991036309082e-06 4.320525359912344e-06
70000 1.388760773487587e-05 5.88071507321402e-06
80000 7.6165263946425885e-06 7.680933973177495e-06
90000 9.379242726278465e-06 9.721182059802766e-06
100000 6.036439998390133e-06 1.200145933308983e-05
110000 8.101095314811102e-06 1.4521765793038696e-05
120000 5.79586802549971e-06 1.728210143964937e-05
130000 8.786974207144011e-06 2.028246627292182e-05
140000 1.3971864563401795e-05 2.3522860292856084e-05
150000 8.019406908134753e-06 2.700328349945213e-05
160000 8.365983238492227e-06 3.072373589270997e-05
170000 3.5459790919542926e-05 3.4684217472629635e-05
180000 3.058937328600591e-05 3.888472823921106e-05
190000 8.029986907323459e-05 4.332526819245431e-05
200000 9.052173914418638e-05 4.8005837332359365e-05
210000 4.513080542564521e-06 5.292643565892617e-05
220000 5.305757642882546e-05 5.808706317215481e-05
230000 9.156158567272011e-06 6.348771987204523e-05
240000 6.0593342145089754e-05 6.91284057585975e-05
250000 2.5743387741850872e-05 7.50091208318115e-05
