δ=1999.9999999999998
ΩR=0.9999391999999999
Ωprime=0.9999391999999999
12566370614.35917
280984046.9370711
280984046.9370711
5.000304018484324e-07
nl is 117
0
0.1170071140325332
6.750558305011456e-05
4.452808039507425e-05
1
0.2340142280650664
6.758873099389616e-05
4.452808039507425e-05
2
0.3510213420975996
6.775512238448841e-05
4.4528080395074256e-05
3
0.4680284561301328
6.790563646824973e-05
4.452808039507425e-05
4
0.5850355701626659
6.785371854098665e-05
4.452808039507425e-05
5
0.7020426841951992
6.78094849249175e-05
4.4528080395074256e-05
6
0.8190497982277324
6.72031790934976e-05
4.452808039507425e-05
7
0.9360569122602656
6.726783498029818e-05
4.452808039507425e-05
8
1.0530640262927988
6.918780086292501e-05
4.452808039507424e-05
9
1.1700711403253319
6.860206716415156e-05
4.452808039507425e-05
10
1.2870782543578652
6.784498361501746e-05
4.452808039507425e-05
11
1.4040853683903984
6.877461422534888e-05
4.4528080395074256e-05
12
1.5210924824229315
6.74994353654227e-05
4.4528080395074256e-05
13
1.6380995964554648
6.812072616428696e-05
4.452808039507425e-05
14
1.755106710487998
6.687600089214937e-05
4.452808039507425e-05
15
1.872113824520531
