0
0.015195780313861977
0.015195780313861977
0.0147
1
0.03284848795838561
0.03284848795838561
0.05880000000000003
2
0.04495650910341585
0.04495650910341585
0.13230000000000003
3
0.05780119804894528
0.05780119804894528
0.2352
4
0.06936013508315682
0.06936013508315682
0.3675
5
0.0839587815577804
0.0839587815577804
0.5292
6
0.09953306782934629
0.09953306782934629
0.7202999999999995
7
0.10829640687727768
0.10829640687727768
0.9408000000000005
8
0.12657143080778813
0.12657143080778813
1.1907000000000005
9
0.13650054680652246
0.13650054680652246
1.47
10
0.14284933229139773
0.14284933229139773
1.7786999999999995
11
0.15842166176673145
0.15842166176673145
2.1168000000000005
12
0.1692331576463746
0.1692331576463746
2.484300000000001
13
0.1800178377173596
0.1800178377173596
2.8811999999999993
14
0.183459774831542
0.183459774831542
3.307500000000002
15
0.19981403658290822
0.19981403658290822
3.7632
16
0.21787178548379843
0.21787178548379843
4.2483
17
0.20644995763380541
0.20644995763380541
4.762799999999999
18
0.23031399445642886
0.23031399445642886
5.3067
19
0.24956342083071031
0.24956342083071031
5.88
20
0.23540444298069585
0.23540444298069585
6.482700000000002
21
0.24752390761816367
0.24752390761816367
7.1148
22
0.2549189720563112
0.2549189720563112
7.776300000000002
23
0.26334696450733514
0.26334696450733514
8.4672
24
0.2949188315047596
0.2949188315047596
9.1875
