0
0.000301619374738675
0.000301619374738675
3.0720000000000005e-07
1
0.0007080643030190106
0.0007080643030190106
1.2288000000000002e-06
2
0.0008451933513188443
0.0008451933513188443
2.7648000000000006e-06
3
0.001195828704167705
0.001195828704167705
4.915200000000001e-06
4
0.0014754519409293197
0.0014754519409293197
7.68e-06
5
0.0018673305603051568
0.0018673305603051568
1.1059200000000004e-05
6
0.0021289433162610663
0.0021289433162610663
1.5052799999999987e-05
7
0.0024686520692371924
0.0024686520692371924
1.9660800000000003e-05
8
0.0029185145421197455
0.0029185145421197455
2.4883200000000003e-05
9
0.0030434098844581464
0.0030434098844581464
3.0720000000000004e-05
10
0.003386228050642468
0.003386228050642468
3.7171200000000014e-05
11
0.0036886299225431336
0.0036886299225431336
4.423680000000001e-05
12
0.003929633049862247
0.003929633049862247
5.191679999999999e-05
13
0.004500645931907962
0.004500645931907962
6.02112e-05
14
0.004653465090308927
0.004653465090308927
6.911999999999998e-05
15
0.004874644151787124
0.004874644151787124
7.864320000000001e-05
16
0.004895216315843886
0.004895216315843886
8.878080000000002e-05
17
0.005338241424530719
0.005338241424530719
9.95328e-05
18
0.005556653217422209
0.005556653217422209
0.00011089920000000005
19
0.006369531363924601
0.006369531363924601
0.00012288
20
0.006490473072449172
0.006490473072449172
0.0001354752
21
0.006266165260999911
0.006266165260999911
0.0001486848
22
0.0070193367398889055
0.0070193367398889055
0.00016250879999999993
23
0.007299263485721541
0.007299263485721541
0.00017694720000000007
24
0.008130745021591933
0.008130745021591933
0.000192
