0
4.4650451170248085e-08
4.4650451170248085e-08
3e-08
1
9.891583553349008e-08
9.891583553349008e-08
1.2000000000000002e-07
2
3.1771909195064016e-07
3.1771909195064016e-07
2.7000000000000006e-07
3
5.437706450970192e-07
5.437706450970192e-07
4.8e-07
4
8.617083618193554e-07
8.617083618193554e-07
7.5e-07
5
1.103833471268822e-06
1.103833471268822e-06
1.08e-06
6
1.448983629861461e-06
1.448983629861461e-06
1.4699999999999993e-06
7
1.6172978002784356e-06
1.6172978002784356e-06
1.9200000000000003e-06
8
2.671464787798552e-06
2.671464787798552e-06
2.4299999999999996e-06
9
1.7136948018236204e-06
1.7136948018236204e-06
3.0000000000000005e-06
10
4.189579925554363e-06
4.189579925554363e-06
3.6300000000000017e-06
11
4.063083832793161e-06
4.063083832793161e-06
4.320000000000001e-06
12
3.10762298814464e-06
3.10762298814464e-06
5.07e-06
13
9.399709606079433e-06
9.399709606079433e-06
5.879999999999998e-06
14
1.0926913264703755e-05
1.0926913264703755e-05
6.750000000000002e-06
15
9.271755172231671e-06
9.271755172231671e-06
7.68e-06
16
6.7185632199019165e-06
6.7185632199019165e-06
8.67e-06
17
9.11486403529203e-06
9.11486403529203e-06
9.72e-06
18
1.1227584086495364e-05
1.1227584086495364e-05
1.0830000000000005e-05
19
1.0945616149021948e-05
1.0945616149021948e-05
1.2e-05
20
1.4482592282579184e-05
1.4482592282579184e-05
1.323e-05
21
1.1497921245553918e-05
1.1497921245553918e-05
1.452000000000001e-05
22
1.5792712541225225e-05
1.5792712541225225e-05
1.5870000000000002e-05
23
1.4768310211397775e-05
1.4768310211397775e-05
1.728e-05
24
2.6354866089594833e-05
2.6354866089594833e-05
1.875e-05
