0
0.00016775867153247316
0.00016775867153247316
9.720000000000001e-08
1
0.00033026315203662723
0.00033026315203662723
3.888e-07
2
0.0004925732759628605
0.0004925732759628605
8.748e-07
3
0.0006862571394456049
0.0006862571394456049
1.5552000000000002e-06
4
0.0007781446029248269
0.0007781446029248269
2.4299999999999996e-06
5
0.0008793265313049459
0.0008793265313049459
3.4992000000000003e-06
6
0.0011244097616601146
0.0011244097616601146
4.7628e-06
7
0.0013186821817247434
0.0013186821817247434
6.2208e-06
8
0.0015550432611322914
0.0015550432611322914
7.873199999999998e-06
9
0.0015941459841732207
0.0015941459841732207
9.72e-06
10
0.0016945343434227051
0.0016945343434227051
1.1761200000000002e-05
11
0.0019633397170467884
0.0019633397170467884
1.39968e-05
12
0.0021876334754907783
0.0021876334754907783
1.64268e-05
13
0.00242239542476785
0.00242239542476785
1.9051199999999995e-05
14
0.002342284478906276
0.002342284478906276
2.1870000000000002e-05
15
0.0026169872679760973
0.0026169872679760973
2.4883200000000003e-05
16
0.0028611481432451627
0.0028611481432451627
2.8090800000000006e-05
17
0.0029092745356492145
0.0029092745356492145
3.1492800000000004e-05
18
0.0032285969105248454
0.0032285969105248454
3.50892e-05
19
0.003539927757722546
0.003539927757722546
3.8879999999999994e-05
20
0.00354827541962088
0.00354827541962088
4.2865199999999984e-05
21
0.0036508636713196456
0.0036508636713196456
4.704479999999999e-05
22
0.003976996204512292
0.003976996204512292
5.141880000000001e-05
23
0.004352949671316158
0.004352949671316158
5.5987200000000005e-05
24
0.0042627014556233305
0.0042627014556233305
6.0750000000000027e-05
