0
6.584716535578592e-05
6.584716535578592e-05
4.319999999999998e-08
1
0.00013167094596845463
0.00013167094596845463
1.7279999999999993e-07
2
0.00019832780322248198
0.00019832780322248198
3.888e-07
3
0.0002821984139332705
0.0002821984139332705
6.911999999999997e-07
4
0.00032156342729273453
0.00032156342729273453
1.08e-06
5
0.00042094048796980195
0.00042094048796980195
1.5552000000000002e-06
6
0.0004602194004566806
0.0004602194004566806
2.1167999999999994e-06
7
0.0005675163984198072
0.0005675163984198072
2.764799999999999e-06
8
0.0005946255640288569
0.0005946255640288569
3.4992000000000003e-06
9
0.0006780592103085914
0.0006780592103085914
4.3199999999999984e-06
10
0.0007536067527086013
0.0007536067527086013
5.227199999999999e-06
11
0.0008480463334787817
0.0008480463334787817
6.2208e-06
12
0.0008987397471507716
0.0008987397471507716
7.300799999999997e-06
13
0.000958032839176465
0.000958032839176465
8.4672e-06
14
0.0009912442597991423
0.0009912442597991423
9.72e-06
15
0.0010782092629671104
0.0010782092629671104
1.1059199999999996e-05
16
0.0011698932612011581
0.0011698932612011581
1.2484800000000003e-05
17
0.0012368864934198366
0.0012368864934198366
1.39968e-05
18
0.001324461099648962
0.001324461099648962
1.559520000000001e-05
19
0.0014379817708078217
0.0014379817708078217
1.728e-05
20
0.0014175052444063082
0.0014175052444063082
1.9051199999999995e-05
21
0.0014358915853784366
0.0014358915853784366
2.0908799999999992e-05
22
0.001511981574114425
0.001511981574114425
2.2852800000000013e-05
23
0.00177061267936154
0.00177061267936154
2.4883200000000003e-05
24
0.0018699453364056967
0.0018699453364056967
2.700000000000002e-05
