0
5.096954227824152e-08
5.096954227824152e-08
3e-08
1
1.6138531052333388e-07
1.6138531052333388e-07
1.2000000000000002e-07
2
3.283623924879236e-07
3.283623924879236e-07
2.7000000000000006e-07
3
5.647425278059001e-07
5.647425278059001e-07
4.8e-07
4
8.446723489254608e-07
8.446723489254608e-07
7.5e-07
5
1.2245201925517023e-06
1.2245201925517023e-06
1.08e-06
6
1.5988392382273475e-06
1.5988392382273475e-06
1.4699999999999993e-06
7
2.0716371867649137e-06
2.0716371867649137e-06
1.9200000000000003e-06
8
2.6151431942358076e-06
2.6151431942358076e-06
2.4299999999999996e-06
9
3.15869751563438e-06
3.15869751563438e-06
3.0000000000000005e-06
10
3.8232393425625365e-06
3.8232393425625365e-06
3.6300000000000017e-06
11
4.614977962322469e-06
4.614977962322469e-06
4.320000000000001e-06
12
5.318212375580945e-06
5.318212375580945e-06
5.07e-06
13
6.114078984712414e-06
6.114078984712414e-06
5.879999999999998e-06
14
7.0991969618945185e-06
7.0991969618945185e-06
6.750000000000002e-06
15
7.964318758774108e-06
7.964318758774108e-06
7.68e-06
16
8.998095125063526e-06
8.998095125063526e-06
8.67e-06
17
1.0095108260890242e-05
1.0095108260890242e-05
9.72e-06
18
1.1062295993494202e-05
1.1062295993494202e-05
1.0830000000000005e-05
19
1.2265952900332075e-05
1.2265952900332075e-05
1.2e-05
20
1.3448173816454638e-05
1.3448173816454638e-05
1.323e-05
21
1.4743231690204395e-05
1.4743231690204395e-05
1.452000000000001e-05
22
1.6101449251656154e-05
1.6101449251656154e-05
1.5870000000000002e-05
23
1.7755667780626255e-05
1.7755667780626255e-05
1.728e-05
24
1.8742760720884466e-05
1.8742760720884466e-05
1.875e-05
