0
0.00012976552240544196
0.00012976552240544196
7.680000000000001e-08
1
0.0002711452742942565
0.0002711452742942565
3.0720000000000005e-07
2
0.0003680504588198982
0.0003680504588198982
6.912000000000003e-07
3
0.0005625784646159638
0.0005625784646159638
1.2288000000000002e-06
4
0.0006621428161642377
0.0006621428161642377
1.9200000000000003e-06
5
0.0008459423377863095
0.0008459423377863095
2.7648000000000006e-06
6
0.0008453774101338472
0.0008453774101338472
3.7632e-06
7
0.0011224832549769027
0.0011224832549769027
4.915200000000001e-06
8
0.00119572808176124
0.00119572808176124
6.2208e-06
9
0.001299112471871219
0.001299112471871219
7.68e-06
10
0.0014538352925086932
0.0014538352925086932
9.2928e-06
11
0.0016375042178803536
0.0016375042178803536
1.1059200000000004e-05
12
0.0016065083780030516
0.0016065083780030516
1.29792e-05
13
0.0019839840273864068
0.0019839840273864068
1.5052799999999987e-05
14
0.0019251719600278721
0.0019251719600278721
1.728e-05
15
0.002157229032769726
0.002157229032769726
1.9660800000000003e-05
16
0.0023436723236495284
0.0023436723236495284
2.2195200000000007e-05
17
0.002480873500510652
0.002480873500510652
2.4883200000000003e-05
18
0.0023999580199126837
0.0023999580199126837
2.7724800000000006e-05
19
0.002610260725333309
0.002610260725333309
3.0720000000000004e-05
20
0.00273957193523334
0.00273957193523334
3.386880000000001e-05
21
0.0029380913693609428
0.0029380913693609428
3.7171200000000014e-05
22
0.00287264227998059
0.00287264227998059
4.0627199999999976e-05
23
0.0030181604794522502
0.0030181604794522502
4.423680000000001e-05
24
0.0034256849534549712
0.0034256849534549712
4.800000000000001e-05
