0
0.015614573507537765
0.015614573507537765
0.0192
1
0.030516862093512724
0.030516862093512724
0.07680000000000005
2
0.0462329680461963
0.0462329680461963
0.17279999999999998
3
0.06463346648614043
0.06463346648614043
0.3072
4
0.07709434412829393
0.07709434412829393
0.4799999999999999
5
0.08278097058124419
0.08278097058124419
0.6911999999999997
6
0.09935109782681004
0.09935109782681004
0.9407999999999997
7
0.11035433445693667
0.11035433445693667
1.2288000000000008
8
0.12149078732853336
0.12149078732853336
1.5551999999999997
9
0.1269184217251971
0.1269184217251971
1.9200000000000004
10
0.14260969521810876
0.14260969521810876
2.3232000000000017
11
0.16083177490717082
0.16083177490717082
2.7647999999999997
12
0.16450332718702299
0.16450332718702299
3.2447999999999992
13
0.18552958657942026
0.18552958657942026
3.7632
14
0.184100341688156
0.184100341688156
4.320000000000002
15
0.21461650000331997
0.21461650000331997
4.9152
16
0.19416123979509137
0.19416123979509137
5.548799999999999
17
0.2075239710937658
0.2075239710937658
6.220800000000002
18
0.21480082372922146
0.21480082372922146
6.931200000000003
19
0.2274491616790416
0.2274491616790416
7.679999999999999
20
0.2513509761244449
0.2513509761244449
8.4672
21
0.23705320037931957
0.23705320037931957
9.292800000000005
22
0.24072848598672233
0.24072848598672233
10.156800000000006
23
0.26467352908343295
0.26467352908343295
11.059199999999995
24
0.2747246878925256
0.2747246878925256
11.999999999999998
