0
0.00022434191559073013
0.00022434191559073013
1.4519999999999998e-07
1
0.00044902930394519246
0.00044902930394519246
5.808e-07
2
0.0007183882877332269
0.0007183882877332269
1.3068000000000001e-06
3
0.0009515685563896089
0.0009515685563896089
2.3231999999999996e-06
4
0.0010948393145884837
0.0010948393145884837
3.6300000000000017e-06
5
0.0013988341184401317
0.0013988341184401317
5.227200000000003e-06
6
0.0015906255276658642
0.0015906255276658642
7.114799999999998e-06
7
0.001850379513573134
0.001850379513573134
9.2928e-06
8
0.002072458514996973
0.002072458514996973
1.176120000000001e-05
9
0.0022811315230305343
0.0022811315230305343
1.4519999999999997e-05
10
0.002452522312137528
0.002452522312137528
1.7569199999999998e-05
11
0.002781400018986932
0.002781400018986932
2.0908800000000002e-05
12
0.002911192456815839
0.002911192456815839
2.4538800000000003e-05
13
0.003359708731365326
0.003359708731365326
2.8459199999999993e-05
14
0.003390188925769006
0.003390188925769006
3.267000000000001e-05
15
0.0036029484276441214
0.0036029484276441214
3.7171199999999994e-05
16
0.0038669506912451194
0.0038669506912451194
4.1962800000000004e-05
17
0.003943439984424912
0.003943439984424912
4.704480000000002e-05
18
0.004385649838377665
0.004385649838377665
5.2417200000000024e-05
19
0.004479839393406813
0.004479839393406813
5.808000000000003e-05
20
0.004922825529385262
0.004922825529385262
6.40332e-05
21
0.00465526160589825
0.00465526160589825
7.027680000000002e-05
22
0.005268349918625352
0.005268349918625352
7.681079999999999e-05
23
0.005185946622548542
0.005185946622548542
8.363520000000005e-05
24
0.0051684438956009
0.0051684438956009
9.075000000000005e-05
