0
0.00018328601691726547
0.00018328601691726547
1.2000000000000002e-07
1
0.0004090693813929066
0.0004090693813929066
4.8e-07
2
0.0005605903533590824
0.0005605903533590824
1.08e-06
3
0.0008115447917628225
0.0008115447917628225
1.9200000000000003e-06
4
0.0009672222687345648
0.0009672222687345648
3.0000000000000005e-06
5
0.0011679872966611738
0.0011679872966611738
4.320000000000001e-06
6
0.0015057141904640976
0.0015057141904640976
5.879999999999998e-06
7
0.0016168977691760516
0.0016168977691760516
7.68e-06
8
0.0017350665410579428
0.0017350665410579428
9.72e-06
9
0.002117060264870678
0.002117060264870678
1.2e-05
10
0.0022197892845862498
0.0022197892845862498
1.4519999999999997e-05
11
0.0023035388308019103
0.0023035388308019103
1.728e-05
12
0.0027371469348563895
0.0027371469348563895
2.028000000000001e-05
13
0.0025352979709870787
0.0025352979709870787
2.3519999999999988e-05
14
0.0029685236651176778
0.0029685236651176778
2.7000000000000006e-05
15
0.0030141244360134527
0.0030141244360134527
3.0720000000000004e-05
16
0.003311997910113705
0.003311997910113705
3.468e-05
17
0.0033899757770339007
0.0033899757770339007
3.8879999999999994e-05
18
0.003697415034791195
0.003697415034791195
4.332e-05
19
0.0038050210648051487
0.0038050210648051487
4.800000000000001e-05
20
0.003916385496318755
0.003916385496318755
5.292000000000003e-05
21
0.004605238834377392
0.004605238834377392
5.808000000000003e-05
22
0.004597655267978744
0.004597655267978744
6.348e-05
23
0.004627515061333812
0.004627515061333812
6.912000000000002e-05
24
0.00484512547319881
0.00484512547319881
7.5e-05
