0
0.00030784482662977704
0.00030784482662977704
1.08e-06
1
0.0006487512410194811
0.0006487512410194811
4.3199999999999984e-06
2
0.0009619454912996395
0.0009619454912996395
9.72e-06
3
0.0012428306099176228
0.0012428306099176228
1.728e-05
4
0.0016284578865018832
0.0016284578865018832
2.7000000000000006e-05
5
0.0018261057459794732
0.0018261057459794732
3.8879999999999994e-05
6
0.0022856971329574967
0.0022856971329574967
5.292e-05
7
0.0024777511792392435
0.0024777511792392435
6.911999999999998e-05
8
0.0024871207902982854
0.0024871207902982854
8.748000000000002e-05
9
0.0031862980292359346
0.0031862980292359346
0.000108
10
0.003361730794506709
0.003361730794506709
0.00013067999999999996
11
0.0036658357394132157
0.0036658357394132157
0.00015552
12
0.0037011295146284918
0.0037011295146284918
0.00018251999999999998
13
0.004503721159404583
0.004503721159404583
0.00021168
14
0.004581380941649513
0.004581380941649513
0.000243
15
0.004692393736330862
0.004692393736330862
0.00027648
16
0.005028086716505413
0.005028086716505413
0.0003121200000000001
17
0.005308276118889694
0.005308276118889694
0.00034992000000000004
18
0.0062562988803924035
0.0062562988803924035
0.0003898800000000001
19
0.006178454450396488
0.006178454450396488
0.0004320000000000001
20
0.00628160870740026
0.00628160870740026
0.00047628000000000004
21
0.007168128842728007
0.007168128842728007
0.0005227200000000002
22
0.00692875198069418
0.00692875198069418
0.00057132
23
0.007371793322299295
0.007371793322299295
0.0006220799999999999
24
0.007274472877112002
0.007274472877112002
0.0006749999999999999
