0
0.01556525409617154
0.01556525409617154
0.010799999999999999
1
0.03120037649688883
0.03120037649688883
0.04319999999999998
2
0.0453379341747893
0.0453379341747893
0.09719999999999998
3
0.06437319602513147
0.06437319602513147
0.17279999999999998
4
0.07646659322676423
0.07646659322676423
0.26999999999999996
5
0.08218593051177857
0.08218593051177857
0.38880000000000015
6
0.09794773465480962
0.09794773465480962
0.5292
7
0.11459948859771871
0.11459948859771871
0.6911999999999997
8
0.1250506113360102
0.1250506113360102
0.8748000000000004
9
0.14133749086579778
0.14133749086579778
1.0799999999999996
10
0.14063596408279924
0.14063596408279924
1.3068000000000004
11
0.1511805785978258
0.1511805785978258
1.5551999999999997
12
0.16365972431415077
0.16365972431415077
1.8252
13
0.1798704415190498
0.1798704415190498
2.1168000000000005
14
0.19102949612277292
0.19102949612277292
2.4300000000000006
15
0.2055901186036217
0.2055901186036217
2.7647999999999997
16
0.21105799123873392
0.21105799123873392
3.1211999999999995
17
0.21681732760181963
0.21681732760181963
3.4991999999999996
18
0.2167636073121969
0.2167636073121969
3.898800000000002
19
0.21746431536283928
0.21746431536283928
4.319999999999999
20
0.24144351549604637
0.24144351549604637
4.762799999999999
21
0.24815745486835392
0.24815745486835392
5.227200000000002
22
0.2677782317763026
0.2677782317763026
5.7132
23
0.2597373439399979
0.2597373439399979
6.220800000000002
24
0.27643299919352
0.27643299919352
6.75
