0
0.014813386347921587
0.014813386347921587
0.02430000000000001
1
0.03339737264360351
0.03339737264360351
0.09719999999999998
2
0.045993150161519364
0.045993150161519364
0.21869999999999998
3
0.062119287694452574
0.062119287694452574
0.38880000000000015
4
0.07398750717073015
0.07398750717073015
0.6075000000000003
5
0.08965779175886371
0.08965779175886371
0.8748000000000004
6
0.09949835605178424
0.09949835605178424
1.1906999999999996
7
0.10871972607367769
0.10871972607367769
1.5551999999999997
8
0.13414064961534644
0.13414064961534644
1.9682999999999997
9
0.13684968127777467
0.13684968127777467
2.4300000000000006
10
0.1432481290098348
0.1432481290098348
2.940300000000001
11
0.15444326903668956
0.15444326903668956
3.4991999999999996
12
0.1642238639998278
0.1642238639998278
4.1067
13
0.1795683425960397
0.1795683425960397
4.762799999999999
14
0.19362929856715289
0.19362929856715289
5.467500000000003
15
0.19512915287472396
0.19512915287472396
6.220800000000002
16
0.20676781422263263
0.20676781422263263
7.0226999999999995
17
0.22480376517395195
0.22480376517395195
7.873200000000001
18
0.22222099367715492
0.22222099367715492
8.772300000000001
19
0.2311614822782334
0.2311614822782334
9.720000000000004
20
0.25152020059494956
0.25152020059494956
10.7163
21
0.2433035074209846
0.2433035074209846
11.761200000000006
22
0.26463658952705976
0.26463658952705976
12.85470000000001
23
0.27532091189560254
0.27532091189560254
13.996800000000006
24
0.2627340497540595
0.2627340497540595
15.187499999999995
