0
5.452344619721834e-08
5.452344619721834e-08
3e-08
1
1.7010269849467268e-07
1.7010269849467268e-07
1.2000000000000002e-07
2
3.473809261151724e-07
3.473809261151724e-07
2.7000000000000006e-07
3
6.030832698601957e-07
6.030832698601957e-07
4.8e-07
4
9.539113215561815e-07
9.539113215561815e-07
7.5e-07
5
1.1976958455312623e-06
1.1976958455312623e-06
1.08e-06
6
1.3111418122638087e-06
1.3111418122638087e-06
1.4699999999999993e-06
7
2.2332073852622563e-06
2.2332073852622563e-06
1.9200000000000003e-06
8
2.4334114699213477e-06
2.4334114699213477e-06
2.4299999999999996e-06
9
3.2189519820685475e-06
3.2189519820685475e-06
3.0000000000000005e-06
10
4.193302759580014e-06
4.193302759580014e-06
3.6300000000000017e-06
11
5.543272665174467e-06
5.543272665174467e-06
4.320000000000001e-06
12
4.737023502159928e-06
4.737023502159928e-06
5.07e-06
13
4.815326185478516e-06
4.815326185478516e-06
5.879999999999998e-06
14
6.596949821999086e-06
6.596949821999086e-06
6.750000000000002e-06
15
9.05802755821817e-06
9.05802755821817e-06
7.68e-06
16
9.415025193497056e-06
9.415025193497056e-06
8.67e-06
17
9.284907401155404e-06
9.284907401155404e-06
9.72e-06
18
9.448137621557828e-06
9.448137621557828e-06
1.0830000000000005e-05
19
1.194014247966895e-05
1.194014247966895e-05
1.2e-05
20
1.3294889930141381e-05
1.3294889930141381e-05
1.323e-05
21
1.5869926941263804e-05
1.5869926941263804e-05
1.452000000000001e-05
22
1.5679150509705668e-05
1.5679150509705668e-05
1.5870000000000002e-05
23
1.4766954297656041e-05
1.4766954297656041e-05
1.728e-05
24
1.7814017955310926e-05
1.7814017955310926e-05
1.875e-05
