0
0.015954635311099682
0.015954635311099682
0.029999999999999995
1
0.032319575512145975
0.032319575512145975
0.12000000000000002
2
0.04380818834317416
0.04380818834317416
0.26999999999999996
3
0.06098419611829904
0.06098419611829904
0.4799999999999999
4
0.07713516489703365
0.07713516489703365
0.7499999999999999
5
0.08691563309224647
0.08691563309224647
1.0799999999999996
6
0.09440791734976471
0.09440791734976471
1.469999999999999
7
0.11315127462976647
0.11315127462976647
1.9200000000000004
8
0.1169559822203867
0.1169559822203867
2.4300000000000006
9
0.13834295043377676
0.13834295043377676
3.000000000000001
10
0.14291009683504774
0.14291009683504774
3.63
11
0.1546007986254632
0.1546007986254632
4.319999999999999
12
0.16604226887811818
0.16604226887811818
5.07
13
0.18438247713650585
0.18438247713650585
5.879999999999998
14
0.17543701539549056
0.17543701539549056
6.750000000000003
15
0.20394272349274445
0.20394272349274445
7.679999999999999
16
0.19477632318708196
0.19477632318708196
8.670000000000002
17
0.22644682010103484
0.22644682010103484
9.720000000000004
18
0.21593797492677191
0.21593797492677191
10.83
19
0.22485251051679628
0.22485251051679628
11.999999999999998
20
0.23780106467256157
0.23780106467256157
13.230000000000006
21
0.26018852337581677
0.26018852337581677
14.520000000000003
22
0.25136736448958485
0.25136736448958485
15.869999999999994
23
0.25491673877476273
0.25491673877476273
17.279999999999994
24
0.2715313443838396
0.2715313443838396
18.75000000000001
