0
4.067938915136442e-05
4.067938915136442e-05
3e-08
1
8.559240594104117e-05
8.559240594104117e-05
1.2000000000000002e-07
2
0.00013527466245666286
0.00013527466245666286
2.7000000000000006e-07
3
0.0001662130885831547
0.0001662130885831547
4.8e-07
4
0.00020961474126521168
0.00020961474126521168
7.5e-07
5
0.00025575804971802497
0.00025575804971802497
1.08e-06
6
0.0002965026611212125
0.0002965026611212125
1.4699999999999993e-06
7
0.00033865789128439006
0.00033865789128439006
1.9200000000000003e-06
8
0.00039994548864074914
0.00039994548864074914
2.4299999999999996e-06
9
0.00039468514509419976
0.00039468514509419976
3.0000000000000005e-06
10
0.0004532849333588473
0.0004532849333588473
3.6300000000000017e-06
11
0.0004993174797292888
0.0004993174797292888
4.320000000000001e-06
12
0.0005549416233654755
0.0005549416233654755
5.07e-06
13
0.0006171006881822203
0.0006171006881822203
5.879999999999998e-06
14
0.0007141299725625685
0.0007141299725625685
6.75e-06
15
0.000689593944105357
0.000689593944105357
7.68e-06
16
0.0007190957517594234
0.0007190957517594234
8.67e-06
17
0.0008474016667825499
0.0008474016667825499
9.72e-06
18
0.0008283144500928546
0.0008283144500928546
1.0830000000000005e-05
19
0.0009516481460595967
0.0009516481460595967
1.2e-05
20
0.0009165507618226814
0.0009165507618226814
1.323e-05
21
0.0009972702935658977
0.0009972702935658977
1.4519999999999997e-05
22
0.0010289691266526075
0.0010289691266526075
1.5870000000000002e-05
23
0.0009685587841255862
0.0009685587841255862
1.728e-05
24
0.0011892884246283498
0.0011892884246283498
1.8750000000000012e-05
