0
0.000327104188172887
0.000327104188172887
7.5e-07
1
0.0006181380550497749
0.0006181380550497749
3.0000000000000005e-06
2
0.0009909317278257862
0.0009909317278257862
6.750000000000002e-06
3
0.0011348191681218435
0.0011348191681218435
1.2e-05
4
0.0015194274167546597
0.0015194274167546597
1.875e-05
5
0.0018167265114485559
0.0018167265114485559
2.700000000000002e-05
6
0.0024141693695456275
0.0024141693695456275
3.6750000000000006e-05
7
0.0026156855043347562
0.0026156855043347562
4.800000000000001e-05
8
0.002955060687551846
0.002955060687551846
6.074999999999999e-05
9
0.003271363250031328
0.003271363250031328
7.499999999999998e-05
10
0.0033328610511465613
0.0033328610511465613
9.075e-05
11
0.0038091604033033935
0.0038091604033033935
0.00010800000000000004
12
0.004214074857475996
0.004214074857475996
0.00012675000000000005
13
0.004189112343968906
0.004189112343968906
0.000147
14
0.004858525432406849
0.004858525432406849
0.00016874999999999993
15
0.004863858977272793
0.004863858977272793
0.000192
16
0.005740917812072226
0.005740917812072226
0.00021675
17
0.005697491495444283
0.005697491495444283
0.000243
18
0.006451213864782489
0.006451213864782489
0.00027075000000000016
19
0.0059688536486395055
0.0059688536486395055
0.0003
20
0.007070861588447813
0.007070861588447813
0.00033074999999999994
21
0.006944988058548123
0.006944988058548123
0.0003630000000000001
22
0.007177789575585844
0.007177789575585844
0.00039674999999999997
23
0.008480930741078257
0.008480930741078257
0.0004320000000000003
24
0.007322954856880322
0.007322954856880322
0.0004687500000000001
