0
0.0002802380438292914
0.0002802380438292914
1.7279999999999993e-07
1
0.0005171216325032062
0.0005171216325032062
6.911999999999997e-07
2
0.0007653054817650591
0.0007653054817650591
1.5552000000000002e-06
3
0.000991875411779588
0.000991875411779588
2.764799999999999e-06
4
0.001298471500245769
0.001298471500245769
4.3199999999999984e-06
5
0.0014871341530168362
0.0014871341530168362
6.2208e-06
6
0.0018053887191752933
0.0018053887191752933
8.4672e-06
7
0.0021871366945599266
0.0021871366945599266
1.1059199999999996e-05
8
0.0025701180904081104
0.0025701180904081104
1.39968e-05
9
0.0023642855334719856
0.0023642855334719856
1.728e-05
10
0.002761098999548753
0.002761098999548753
2.0908799999999992e-05
11
0.0030326499584636775
0.0030326499584636775
2.4883200000000003e-05
12
0.0032452737857873062
0.0032452737857873062
2.9203199999999995e-05
13
0.003535057766329123
0.003535057766329123
3.386879999999999e-05
14
0.0038273860305147586
0.0038273860305147586
3.8879999999999994e-05
15
0.0042300360253801446
0.0042300360253801446
4.423679999999998e-05
16
0.00460757720415879
0.00460757720415879
4.993920000000002e-05
17
0.004451363350990543
0.004451363350990543
5.5987200000000005e-05
18
0.004824840602659533
0.004824840602659533
6.23808e-05
19
0.005277760808165862
0.005277760808165862
6.911999999999998e-05
20
0.005135179399531927
0.005135179399531927
7.620480000000002e-05
21
0.005425310272906632
0.005425310272906632
8.363519999999998e-05
22
0.005713147911230596
0.005713147911230596
9.141120000000002e-05
23
0.00559615115043163
0.00559615115043163
9.95328e-05
24
0.00680460269575499
0.00680460269575499
0.00010800000000000004
