0
0.000311406761050538
0.000311406761050538
1.4700000000000003e-06
1
0.0006333853222258877
0.0006333853222258877
5.8800000000000005e-06
2
0.0009719434826602716
0.0009719434826602716
1.323e-05
3
0.0012496057638397846
0.0012496057638397846
2.3520000000000005e-05
4
0.0015643629725163525
0.0015643629725163525
3.6750000000000006e-05
5
0.002020489881393881
0.002020489881393881
5.292000000000003e-05
6
0.0021287854049192494
0.0021287854049192494
7.203e-05
7
0.002854411818319522
0.002854411818319522
9.408000000000001e-05
8
0.0027773352835920692
0.0027773352835920692
0.00011906999999999998
9
0.00297717541224023
0.00297717541224023
0.000147
10
0.0033985131636739218
0.0033985131636739218
0.00017787000000000003
11
0.003855268800937235
0.003855268800937235
0.00021168
12
0.004153636608355884
0.004153636608355884
0.00024843
13
0.004577072155093199
0.004577072155093199
0.00028811999999999984
14
0.0047142230349322325
0.0047142230349322325
0.00033074999999999994
15
0.0044774919192556795
0.0044774919192556795
0.0003763200000000001
16
0.005045020500453756
0.005045020500453756
0.0004248299999999998
17
0.005933161940931571
0.005933161940931571
0.00047628000000000004
18
0.0059262516345363605
0.0059262516345363605
0.0005306700000000001
19
0.00649525019803776
0.00649525019803776
0.0005880000000000001
20
0.00682891156614945
0.00682891156614945
0.0006482700000000003
21
0.006782232663873687
0.006782232663873687
0.00071148
22
0.007280015446417424
0.007280015446417424
0.0007776300000000003
23
0.006907194906805579
0.006907194906805579
0.0008467200000000005
24
0.00750776205278579
0.00750776205278579
0.00091875
