0
5.0417158788823174e-08
5.0417158788823174e-08
3e-08
1
1.6776409358462787e-07
1.6776409358462787e-07
1.2000000000000002e-07
2
3.4492692830516604e-07
3.4492692830516604e-07
2.7000000000000006e-07
3
5.262551438270687e-07
5.262551438270687e-07
4.8e-07
4
8.18573864112392e-07
8.18573864112392e-07
7.5e-07
5
1.3345600730702847e-06
1.3345600730702847e-06
1.08e-06
6
1.414051061864879e-06
1.414051061864879e-06
1.4699999999999993e-06
7
2.2266275725037085e-06
2.2266275725037085e-06
1.9200000000000003e-06
8
2.861774947079743e-06
2.861774947079743e-06
2.4299999999999996e-06
9
3.3504527549416206e-06
3.3504527549416206e-06
3.0000000000000005e-06
10
3.850715447880792e-06
3.850715447880792e-06
3.6300000000000017e-06
11
5.011446582047519e-06
5.011446582047519e-06
4.320000000000001e-06
12
5.396793767442858e-06
5.396793767442858e-06
5.07e-06
13
5.670139021625447e-06
5.670139021625447e-06
5.879999999999998e-06
14
7.470501940864044e-06
7.470501940864044e-06
6.750000000000002e-06
15
7.4871739065338705e-06
7.4871739065338705e-06
7.68e-06
16
8.9088696267024e-06
8.9088696267024e-06
8.67e-06
17
8.776570016993928e-06
8.776570016993928e-06
9.72e-06
18
1.3735042317668117e-05
1.3735042317668117e-05
1.0830000000000005e-05
19
1.1576883431248378e-05
1.1576883431248378e-05
1.2e-05
20
1.3165294110218513e-05
1.3165294110218513e-05
1.323e-05
21
1.5212743446597649e-05
1.5212743446597649e-05
1.452000000000001e-05
22
1.725220688420946e-05
1.725220688420946e-05
1.5870000000000002e-05
23
1.6510430193891224e-05
1.6510430193891224e-05
1.728e-05
24
1.934274253562475e-05
1.934274253562475e-05
1.875e-05
