0
0.0002912980030743645
0.0002912980030743645
2.352e-07
1
0.0005951643649996376
0.0005951643649996376
9.407999999999992e-07
2
0.0008331376101392458
0.0008331376101392458
2.1167999999999994e-06
3
0.0010821646406455005
0.0010821646406455005
3.7632e-06
4
0.001387762709317125
0.001387762709317125
5.879999999999998e-06
5
0.001665276617372927
0.001665276617372927
8.4672e-06
6
0.0021664877492576125
0.0021664877492576125
1.152479999999999e-05
7
0.00233259295186651
0.00233259295186651
1.5052799999999987e-05
8
0.0024673075154919024
0.0024673075154919024
1.9051199999999995e-05
9
0.002936775104032465
0.002936775104032465
2.3519999999999988e-05
10
0.0031327446104684885
0.0031327446104684885
2.8459199999999993e-05
11
0.0033154939773844838
0.0033154939773844838
3.386879999999999e-05
12
0.003872114276637105
0.003872114276637105
3.974879999999999e-05
13
0.004092515732675931
0.004092515732675931
4.609919999999996e-05
14
0.004389810165731661
0.004389810165731661
5.2919999999999974e-05
15
0.00463618886000018
0.00463618886000018
6.02112e-05
16
0.005006403076979079
0.005006403076979079
6.797279999999997e-05
17
0.004840460864756006
0.004840460864756006
7.62048e-05
18
0.005597549847458086
0.005597549847458086
8.490719999999997e-05
19
0.0056674072695795516
0.0056674072695795516
9.407999999999997e-05
20
0.0061105982108413046
0.0061105982108413046
0.00010372319999999996
21
0.006420766165325656
0.006420766165325656
0.00011383679999999997
22
0.006505890501783961
0.006505890501783961
0.0001244208
23
0.007148809193890146
0.007148809193890146
0.0001354752
24
0.007351125049639264
0.007351125049639264
0.0001469999999999999
