0
4.927804274757667e-08
4.927804274757667e-08
3e-08
1
1.5902168398224264e-07
1.5902168398224264e-07
1.2000000000000002e-07
2
3.355021334721586e-07
3.355021334721586e-07
2.7000000000000006e-07
3
5.458354497339046e-07
5.458354497339046e-07
4.8e-07
4
8.652145434742839e-07
8.652145434742839e-07
7.5e-07
5
1.233314980152371e-06
1.233314980152371e-06
1.08e-06
6
1.650173897252882e-06
1.650173897252882e-06
1.4699999999999993e-06
7
2.0134612668451976e-06
2.0134612668451976e-06
1.9200000000000003e-06
8
2.500805280347078e-06
2.500805280347078e-06
2.4299999999999996e-06
9
3.1516555522117963e-06
3.1516555522117963e-06
3.0000000000000005e-06
10
3.7801470616366363e-06
3.7801470616366363e-06
3.6300000000000017e-06
11
4.403664949133915e-06
4.403664949133915e-06
4.320000000000001e-06
12
5.333050560425244e-06
5.333050560425244e-06
5.07e-06
13
6.048123652508226e-06
6.048123652508226e-06
5.879999999999998e-06
14
7.136691911723504e-06
7.136691911723504e-06
6.750000000000002e-06
15
7.742018541940796e-06
7.742018541940796e-06
7.68e-06
16
9.045513677431814e-06
9.045513677431814e-06
8.67e-06
17
1.0341390676870047e-05
1.0341390676870047e-05
9.72e-06
18
1.0887225815554833e-05
1.0887225815554833e-05
1.0830000000000005e-05
19
1.2605831629557035e-05
1.2605831629557035e-05
1.2e-05
20
1.2968790806494434e-05
1.2968790806494434e-05
1.323e-05
21
1.472922430926663e-05
1.472922430926663e-05
1.452000000000001e-05
22
1.6045846911378636e-05
1.6045846911378636e-05
1.5870000000000002e-05
23
1.7185505855883896e-05
1.7185505855883896e-05
1.728e-05
24
1.9616401786777114e-05
1.9616401786777114e-05
1.875e-05
