0
5.091205222707905e-08
5.091205222707905e-08
3e-08
1
1.6297018808264744e-07
1.6297018808264744e-07
1.2000000000000002e-07
2
3.3919291026458093e-07
3.3919291026458093e-07
2.7000000000000006e-07
3
5.624414764361148e-07
5.624414764361148e-07
4.8e-07
4
8.555380318233078e-07
8.555380318233078e-07
7.5e-07
5
1.214797565306207e-06
1.214797565306207e-06
1.08e-06
6
1.6306535311756617e-06
1.6306535311756617e-06
1.4699999999999993e-06
7
2.075386547253867e-06
2.075386547253867e-06
1.9200000000000003e-06
8
2.616966679465713e-06
2.616966679465713e-06
2.4299999999999996e-06
9
3.268386084968636e-06
3.268386084968636e-06
3.0000000000000005e-06
10
3.8969683321191166e-06
3.8969683321191166e-06
3.6300000000000017e-06
11
4.50844569469924e-06
4.50844569469924e-06
4.320000000000001e-06
12
5.241084256828447e-06
5.241084256828447e-06
5.07e-06
13
6.080218147165687e-06
6.080218147165687e-06
5.879999999999998e-06
14
6.875038477494551e-06
6.875038477494551e-06
6.750000000000002e-06
15
7.942738367814376e-06
7.942738367814376e-06
7.68e-06
16
9.199311660997878e-06
9.199311660997878e-06
8.67e-06
17
9.94669625584416e-06
9.94669625584416e-06
9.72e-06
18
1.0973806641688445e-05
1.0973806641688445e-05
1.0830000000000005e-05
19
1.2150290344261837e-05
1.2150290344261837e-05
1.2e-05
20
1.3464483498652904e-05
1.3464483498652904e-05
1.323e-05
21
1.4730160863558527e-05
1.4730160863558527e-05
1.452000000000001e-05
22
1.594820217051235e-05
1.594820217051235e-05
1.5870000000000002e-05
23
1.8152780819872004e-05
1.8152780819872004e-05
1.728e-05
24
1.9181122228536278e-05
1.9181122228536278e-05
1.875e-05
