0
0.00029231429195847184
0.00029231429195847184
4.8e-07
1
0.0005597345915459149
0.0005597345915459149
1.9200000000000003e-06
2
0.00097118769505214
0.00097118769505214
4.320000000000001e-06
3
0.0012701228884052361
0.0012701228884052361
7.68e-06
4
0.001505039882318998
0.001505039882318998
1.2e-05
5
0.0018221337223628925
0.0018221337223628925
1.728e-05
6
0.0021790144510049226
0.0021790144510049226
2.3519999999999988e-05
7
0.0023650773795958905
0.0023650773795958905
3.0720000000000004e-05
8
0.0026791489381584378
0.0026791489381584378
3.8879999999999994e-05
9
0.0031391979144611702
0.0031391979144611702
4.800000000000001e-05
10
0.0036019032294063525
0.0036019032294063525
5.808000000000003e-05
11
0.003739467130374683
0.003739467130374683
6.912000000000002e-05
12
0.004172326601427464
0.004172326601427464
8.112e-05
13
0.004080108216659147
0.004080108216659147
9.407999999999997e-05
14
0.00469805521452459
0.00469805521452459
0.000108
15
0.004946644009539858
0.004946644009539858
0.00012288
16
0.005295003281544547
0.005295003281544547
0.00013872
17
0.005348502350314677
0.005348502350314677
0.00015552
18
0.005680096957666474
0.005680096957666474
0.00017328000000000008
19
0.00616879521790438
0.00616879521790438
0.000192
20
0.007119988922142897
0.007119988922142897
0.00021168
21
0.006598885371743808
0.006598885371743808
0.00023231999999999994
22
0.0068498606002615845
0.0068498606002615845
0.00025392000000000004
23
0.007624360393282343
0.007624360393282343
0.00027648
24
0.00722319743611695
0.00722319743611695
0.0003000000000000002
