0
2.3227306857403558e-05
2.3227306857403558e-05
1.9200000000000003e-08
1
4.601538710658246e-05
4.601538710658246e-05
7.680000000000001e-08
2
7.356839355268458e-05
7.356839355268458e-05
1.7280000000000004e-07
3
9.688998401170772e-05
9.688998401170772e-05
3.0720000000000005e-07
4
0.00012013554385031659
0.00012013554385031659
4.8e-07
5
0.0001364109940162908
0.0001364109940162908
6.912000000000003e-07
6
0.00016388979983098472
0.00016388979983098472
9.407999999999992e-07
7
0.00020029991959741734
0.00020029991959741734
1.2288000000000002e-06
8
0.0002345041358877634
0.0002345041358877634
1.5552000000000002e-06
9
0.00022539726198044513
0.00022539726198044513
1.9200000000000003e-06
10
0.0002548989610920511
0.0002548989610920511
2.323200000000001e-06
11
0.00028806401010355865
0.00028806401010355865
2.7648000000000006e-06
12
0.00031297155035837855
0.00031297155035837855
3.2447999999999994e-06
13
0.0003449233166154975
0.0003449233166154975
3.7632e-06
14
0.0003838197037961892
0.0003838197037961892
4.3199999999999984e-06
15
0.00039638838590487247
0.00039638838590487247
4.915200000000001e-06
16
0.0004454190496443737
0.0004454190496443737
5.548800000000001e-06
17
0.00042834948855209685
0.00042834948855209685
6.2208e-06
18
0.00046128412998350504
0.00046128412998350504
6.931200000000003e-06
19
0.0004653673169222764
0.0004653673169222764
7.68e-06
20
0.000488708422551122
0.000488708422551122
8.4672e-06
21
0.0005606260324637089
0.0005606260324637089
9.2928e-06
22
0.0005500736209523698
0.0005500736209523698
1.0156799999999996e-05
23
0.0005827173861741107
0.0005827173861741107
1.1059200000000004e-05
24
0.0006235574366253773
0.0006235574366253773
1.2e-05
