0
0.00032027796716345663
0.00032027796716345663
3.888e-07
1
0.0006184675545326986
0.0006184675545326986
1.5552000000000002e-06
2
0.00095888041332988
0.00095888041332988
3.4992000000000003e-06
3
0.0012499772283545466
0.0012499772283545466
6.2208e-06
4
0.0015406611814918903
0.0015406611814918903
9.72e-06
5
0.001699800466007164
0.001699800466007164
1.39968e-05
6
0.0021041138617835424
0.0021041138617835424
1.9051199999999995e-05
7
0.002518804756166991
0.002518804756166991
2.4883200000000003e-05
8
0.0027602127144442275
0.0027602127144442275
3.1492800000000004e-05
9
0.003129918611733052
0.003129918611733052
3.8879999999999994e-05
10
0.003366494824369627
0.003366494824369627
4.704479999999999e-05
11
0.003924505022049064
0.003924505022049064
5.5987200000000005e-05
12
0.003769106884793665
0.003769106884793665
6.570719999999999e-05
13
0.004297487933176424
0.004297487933176424
7.62048e-05
14
0.004754255618563555
0.004754255618563555
8.748000000000002e-05
15
0.005043281154591458
0.005043281154591458
9.95328e-05
16
0.005116506723242402
0.005116506723242402
0.00011236320000000001
17
0.005639469942939415
0.005639469942939415
0.00012597119999999996
18
0.005675957930583769
0.005675957930583769
0.0001403568
19
0.006039248582237744
0.006039248582237744
0.00015552
20
0.006368111233717956
0.006368111233717956
0.00017146079999999996
21
0.006610750599432985
0.006610750599432985
0.00018817920000000003
22
0.0068834324310115946
0.0068834324310115946
0.00020567520000000004
23
0.006938858398446167
0.006938858398446167
0.0002239488
24
0.00796777884939586
0.00796777884939586
0.000243
