0
1.0193754357350747e-05
1.0193754357350747e-05
1.0799999999999996e-08
1
2.0672956215662737e-05
2.0672956215662737e-05
4.319999999999998e-08
2
2.92670050123009e-05
2.92670050123009e-05
9.720000000000001e-08
3
4.2763732894490204e-05
4.2763732894490204e-05
1.7279999999999993e-07
4
5.176715235572639e-05
5.176715235572639e-05
2.699999999999999e-07
5
6.487948103059207e-05
6.487948103059207e-05
3.888e-07
6
7.410114022710156e-05
7.410114022710156e-05
5.292e-07
7
8.830971579998714e-05
8.830971579998714e-05
6.911999999999997e-07
8
8.780268842920958e-05
8.780268842920958e-05
8.748e-07
9
0.0001111541157316784
0.0001111541157316784
1.08e-06
10
0.00011532241004616752
0.00011532241004616752
1.3067999999999995e-06
11
0.00012050010155419953
0.00012050010155419953
1.5552000000000002e-06
12
0.00013506465226811415
0.00013506465226811415
1.8251999999999997e-06
13
0.00013808222473482806
0.00013808222473482806
2.1167999999999994e-06
14
0.00017046510350026355
0.00017046510350026355
2.4299999999999996e-06
15
0.00016933733583594045
0.00016933733583594045
2.764799999999999e-06
16
0.0001928919789841148
0.0001928919789841148
3.121200000000001e-06
17
0.00019336229288512236
0.00019336229288512236
3.4992000000000003e-06
18
0.00020473587013027921
0.00020473587013027921
3.8988e-06
19
0.00020625529764358108
0.00020625529764358108
4.3199999999999984e-06
20
0.00021110734811180033
0.00021110734811180033
4.762800000000001e-06
21
0.00021912421005645493
0.00021912421005645493
5.227199999999999e-06
22
0.000249188744361464
0.000249188744361464
5.7132000000000015e-06
23
0.00026964919603116353
0.00026964919603116353
6.2208e-06
24
0.00026948270622982807
0.00026948270622982807
6.750000000000002e-06
