0
4.422044341884511e-08
4.422044341884511e-08
3e-08
1
1.9078986225139814e-07
1.9078986225139814e-07
1.2000000000000002e-07
2
3.780463668559413e-07
3.780463668559413e-07
2.7000000000000006e-07
3
6.543386118372453e-07
6.543386118372453e-07
4.8e-07
4
1.1706231021176302e-06
1.1706231021176302e-06
7.5e-07
5
1.3970273524534905e-06
1.3970273524534905e-06
1.08e-06
6
1.523728297340506e-06
1.523728297340506e-06
1.4699999999999993e-06
7
1.7455211993702182e-06
1.7455211993702182e-06
1.9200000000000003e-06
8
2.497585790628549e-06
2.497585790628549e-06
2.4299999999999996e-06
9
3.5112919455565697e-06
3.5112919455565697e-06
3.0000000000000005e-06
10
3.969233869171562e-06
3.969233869171562e-06
3.6300000000000017e-06
11
5.793499630970969e-06
5.793499630970969e-06
4.320000000000001e-06
12
5.864820753093704e-06
5.864820753093704e-06
5.07e-06
13
6.642903297990396e-06
6.642903297990396e-06
5.879999999999998e-06
14
5.642853226618686e-06
5.642853226618686e-06
6.750000000000002e-06
15
7.429878240078071e-06
7.429878240078071e-06
7.68e-06
16
8.820432961783086e-06
8.820432961783086e-06
8.67e-06
17
1.0518989803394217e-05
1.0518989803394217e-05
9.72e-06
18
1.0188921307189232e-05
1.0188921307189232e-05
1.0830000000000005e-05
19
1.049468638251409e-05
1.049468638251409e-05
1.2e-05
20
1.535835847785781e-05
1.535835847785781e-05
1.323e-05
21
1.4890520369097774e-05
1.4890520369097774e-05
1.452000000000001e-05
22
1.1603677576012717e-05
1.1603677576012717e-05
1.5870000000000002e-05
23
1.1672253472240331e-05
1.1672253472240331e-05
1.728e-05
24
2.0473483601713462e-05
2.0473483601713462e-05
1.875e-05
