0
0.0003096429269217244
0.0003096429269217244
1.9200000000000003e-06
1
0.0006276628608730798
0.0006276628608730798
7.68e-06
2
0.0008936949134227796
0.0008936949134227796
1.728e-05
3
0.001262311249696195
0.001262311249696195
3.0720000000000004e-05
4
0.0016002318708985093
0.0016002318708985093
4.800000000000001e-05
5
0.001974726569404822
0.001974726569404822
6.912000000000002e-05
6
0.002237454683427068
0.002237454683427068
9.407999999999997e-05
7
0.0024626952751026073
0.0024626952751026073
0.00012288
8
0.002842274540855553
0.002842274540855553
0.00015552
9
0.0031993125623233456
0.0031993125623233456
0.000192
10
0.0037475058898465106
0.0037475058898465106
0.00023231999999999994
11
0.0038588227292528582
0.0038588227292528582
0.00027648
12
0.003807998403036468
0.003807998403036468
0.00032448000000000015
13
0.004198194107167161
0.004198194107167161
0.0003763199999999998
14
0.0046858131050235485
0.0046858131050235485
0.0004320000000000001
15
0.0051237490661133304
0.0051237490661133304
0.0004915200000000001
16
0.005224489608344603
0.005224489608344603
0.00055488
17
0.005394900262976338
0.005394900262976338
0.0006220799999999999
18
0.005879849578911986
0.005879849578911986
0.00069312
19
0.006542274622311843
0.006542274622311843
0.0007680000000000001
20
0.0062246881378462396
0.0062246881378462396
0.0008467200000000005
21
0.007299633637362023
0.007299633637362023
0.0009292800000000004
22
0.0068572257022844274
0.0068572257022844274
0.00101568
23
0.007196751822291927
0.007196751822291927
0.0011059200000000003
24
0.00810839401114653
0.00810839401114653
0.0012
