0
0.00010801570476332114
0.00010801570476332114
5.879999999999995e-08
1
0.00019849917225589259
0.00019849917225589259
2.352e-07
2
0.00029374917314393213
0.00029374917314393213
5.292e-07
3
0.00041855378590596905
0.00041855378590596905
9.407999999999992e-07
4
0.0004937021583776963
0.0004937021583776963
1.4699999999999993e-06
5
0.000588831312489529
0.000588831312489529
2.1167999999999994e-06
6
0.0006533293282724457
0.0006533293282724457
2.8811999999999975e-06
7
0.0007019853069753155
0.0007019853069753155
3.7632e-06
8
0.0008359063508430988
0.0008359063508430988
4.7628e-06
9
0.001027131935631376
0.001027131935631376
5.879999999999998e-06
10
0.001128999972597789
0.001128999972597789
7.114799999999998e-06
11
0.0011655858052957825
0.0011655858052957825
8.4672e-06
12
0.00135299841110642
0.00135299841110642
9.937199999999999e-06
13
0.001378027841972458
0.001378027841972458
1.152479999999999e-05
14
0.001484979534565168
0.001484979534565168
1.322999999999999e-05
15
0.001355464543489992
0.001355464543489992
1.5052799999999987e-05
16
0.001663378206447291
0.001663378206447291
1.699319999999999e-05
17
0.0018928094129767605
0.0018928094129767605
1.9051199999999995e-05
18
0.0018652435912341057
0.0018652435912341057
2.1226800000000005e-05
19
0.0019788339717123227
0.0019788339717123227
2.3519999999999988e-05
20
0.002016627619870553
0.002016627619870553
2.5930799999999986e-05
21
0.0021815915317851134
0.0021815915317851134
2.8459199999999993e-05
22
0.0022975746563736635
0.0022975746563736635
3.1105199999999995e-05
23
0.0022740970405825994
0.0022740970405825994
3.386879999999999e-05
24
0.0025357979198081964
0.0025357979198081964
3.6749999999999985e-05
