tpi=2
0
1.1806159527179781e-09
4.452808039507425e-05
0.9999999988193841
-------
1
1.597160980871385e-08
4.452808039507425e-05
0.9999999840283902
-------
2
9.524878730131739e-08
4.4528080395074256e-05
0.9999999047512127
-------
3
2.719222862332829e-07
4.452808039507425e-05
0.9999997280777138
-------
4
7.08383499121871e-07
4.452808039507425e-05
0.9999992916165009
-------
5
1.2252063966570702e-06
4.4528080395074256e-05
0.9999987747936033
-------
6
2.165480713999421e-06
4.452808039507425e-05
0.999997834519286
-------
7
3.3204753311182185e-06
4.452808039507425e-05
0.9999966795246689
-------
8
5.659604661566157e-06
4.452808039507424e-05
0.9999943403953384
-------
9
6.515484050990726e-06
4.452808039507425e-05
0.999993484515949
-------
10
1.5072805169638334e-05
4.452808039507425e-05
0.9999849271948303
-------
11
1.762566005505176e-05
4.4528080395074256e-05
0.999982374339945
-------
12
2.9976218208526412e-05
4.4528080395074256e-05
0.9999700237817915
-------
13
2.9854902793265366e-05
4.452808039507425e-05
0.9999701450972067
-------
14
3.5714213495439024e-05
4.452808039507425e-05
0.9999642857865045
-------
15
5.893535134940841e-05
4.452808039507425e-05
0.9999410646486506
-------
16
6.079003487486168e-05
4.4528080395074256e-05
0.9999392099651251
-------
17
9.088932202631554e-05
4.452808039507424e-05
0.9999091106779737
-------
18
9.931224958525433e-05
4.452808039507425e-05
0.9999006877504147
-------
19
0.00013091457280221214
4.452808039507425e-05
0.9998690854271978
-------
20
0.00011910679955866447
4.452808039507425e-05
0.9998808932004414
-------
21
0.00012359260107768473
4.452808039507425e-05
0.9998764073989224
-------
22
0.00014500768546211475
4.452808039507425e-05
0.9998549923145379
-------
23
0.00015247172922319563
4.4528080395074256e-05
0.9998475282707768
-------
24
0.00020494792653612766
4.4528080395074256e-05
0.9997950520734639
-------
25
0.0002706001287670113
4.4528080395074256e-05
0.999729399871233
-------
26
0.0002397241798347958
4.452808039507425e-05
0.9997602758201652
-------
27
0.0002372333354288719
4.452808039507425e-05
0.9997627666645711
-------
28
0.0002343879661850049
4.452808039507425e-05
0.999765612033815
-------
29
0.0003113243896682249
4.452808039507425e-05
0.9996886756103318
-------
30
0.00029326176609221366
4.4528080395074256e-05
0.9997067382339078
-------
31
0.0002962235608784716
4.452808039507425e-05
0.9997037764391216
-------
32
0.00030494337017446856
4.452808039507425e-05
0.9996950566298255
-------
33
0.00037073694800510376
4.4528080395074256e-05
0.9996292630519948
-------
34
0.0003502060623177839
4.452808039507424e-05
0.9996497939376822
-------
35
0.0003334723295063894
4.452808039507424e-05
0.9996665276704936
-------
36
0.00034973432926255975
4.452808039507425e-05
0.9996502656707374
-------
37
0.00044066915631419274
4.452808039507425e-05
0.9995593308436858
-------
38
0.0003710760390985981
4.4528080395074256e-05
0.9996289239609014
-------
39
0.00040350810882223455
4.452808039507425e-05
0.9995964918911777
-------
40
0.0003915309399019698
4.452808039507425e-05
0.999608469060098
-------
41
0.0003469917818210053
4.452808039507425e-05
0.999653008218179
-------
42
0.0003310499920141437
4.4528080395074256e-05
0.9996689500079858
-------
43
0.0002800414157784678
4.452808039507425e-05
0.9997199585842216
-------
44
0.00033493293035577877
4.452808039507425e-05
0.9996650670696442
-------
45
0.000306190487059297
4.452808039507425e-05
0.9996938095129407
-------
46
0.0003834610462590647
4.452808039507425e-05
0.9996165389537409
-------
47
0.00024155547384201506
4.4528080395074256e-05
0.999758444526158
-------
48
0.00021947355975262677
4.452808039507425e-05
0.9997805264402474
-------
49
0.0002004690723228791
4.4528080395074256e-05
0.9997995309276771
-------
50
0.00022625287557983916
4.452808039507425e-05
0.9997737471244201
-------
51
0.00022079521521726047
4.4528080395074256e-05
0.9997792047847828
-------
52
0.00015143794643260336
4.4528080395074256e-05
0.9998485620535674
-------
53
0.0002007380655139926
4.452808039507425e-05
0.999799261934486
-------
54
0.00013567551852677453
4.4528080395074256e-05
0.9998643244814732
-------
55
0.00011708068599596774
4.452808039507425e-05
0.9998829193140041
-------
56
6.988642984918201e-05
4.452808039507425e-05
0.9999301135701508
-------
57
6.880899463835346e-05
4.452808039507425e-05
0.9999311910053617
-------
58
6.430226783858979e-05
4.452808039507425e-05
0.9999356977321614
-------
59
4.3107627998027345e-05
4.452808039507425e-05
0.999956892372002
-------
60
3.1486005331201995e-05
4.452808039507425e-05
0.9999685139946688
-------
61
2.5305489643234926e-05
4.4528080395074256e-05
0.9999746945103568
-------
62
1.5466307095466485e-05
4.452808039507425e-05
0.9999845336929045
-------
63
1.3079333344339656e-05
4.452808039507425e-05
0.9999869206666556
-------
64
4.9408801049818054e-06
4.452808039507425e-05
0.9999950591198951
-------
65
3.3024693183377595e-06
4.452808039507425e-05
0.9999966975306817
-------
66
1.0243123340514828e-06
4.452808039507425e-05
0.9999989756876659
-------
67
2.7112866442531075e-07
4.4528080395074256e-05
0.9999997288713356
-------
68
5.235201235182604e-07
4.452808039507425e-05
0.9999994764798765
-------
69
1.636882835025018e-06
4.452808039507424e-05
0.999998363117165
-------
70
3.7173406458768992e-06
4.4528080395074256e-05
0.9999962826593541
-------
71
4.904645832300567e-06
4.452808039507424e-05
0.9999950953541678
-------
72
8.098237699664713e-06
4.4528080395074256e-05
0.9999919017623004
-------
73
1.2793697140278398e-05
4.452808039507425e-05
0.9999872063028598
-------
74
1.5552605363012884e-05
4.452808039507425e-05
0.999984447394637
-------
75
1.5180391808720776e-05
4.452808039507425e-05
0.9999848196081913
-------
76
2.135995904712879e-05
4.4528080395074256e-05
0.9999786400409528
-------
77
2.3058884732109967e-05
4.4528080395074256e-05
0.9999769411152679
-------
78
3.160834381204913e-05
4.452808039507425e-05
0.999968391656188
-------
79
3.112287140167921e-05
4.452808039507425e-05
0.9999688771285983
-------
