tpi=1
0
1.1796947479704059e-07
4.452808039507425e-05
0.9999998820305253
-------
1
5.969278021093127e-07
4.452808039507425e-05
0.9999994030721979
-------
2
1.405431099610808e-06
4.4528080395074256e-05
0.9999985945689004
-------
3
1.9969909425917475e-06
4.452808039507425e-05
0.9999980030090574
-------
4
2.7591624278628957e-06
4.452808039507425e-05
0.9999972408375721
-------
5
4.2336713319528656e-06
4.4528080395074256e-05
0.999995766328668
-------
6
5.762835774428468e-06
4.452808039507425e-05
0.9999942371642255
-------
7
7.731593485600241e-06
4.452808039507425e-05
0.9999922684065145
-------
8
9.342593535672584e-06
4.452808039507424e-05
0.9999906574064643
-------
9
1.3467075197114603e-05
4.452808039507425e-05
0.9999865329248029
-------
10
1.4746633129083131e-05
4.452808039507425e-05
0.9999852533668709
-------
11
1.3387532200708019e-05
4.4528080395074256e-05
0.9999866124677993
-------
12
1.5167925893384754e-05
4.4528080395074256e-05
0.9999848320741066
-------
13
1.9692550523301056e-05
4.452808039507425e-05
0.9999803074494767
-------
14
2.5502918977536928e-05
4.452808039507425e-05
0.9999744970810225
-------
15
2.7101679898871775e-05
4.452808039507425e-05
0.9999728983201012
-------
16
4.157791777871701e-05
4.4528080395074256e-05
0.9999584220822213
-------
17
2.8639801904370873e-05
4.452808039507424e-05
0.9999713601980956
-------
18
3.2335583320658115e-05
4.452808039507425e-05
0.9999676644166794
-------
19
3.982858460173807e-05
4.452808039507425e-05
0.9999601714153983
-------
20
4.601727918395814e-05
4.452808039507425e-05
0.999953982720816
-------
21
4.848620621367093e-05
4.452808039507425e-05
0.9999515137937863
-------
22
4.756803408168188e-05
4.452808039507425e-05
0.9999524319659183
-------
23
4.046202651239195e-05
4.4528080395074256e-05
0.9999595379734876
-------
24
5.636200172199085e-05
4.4528080395074256e-05
0.999943637998278
-------
25
6.221980936086627e-05
4.4528080395074256e-05
0.9999377801906392
-------
26
7.504523581639633e-05
4.452808039507425e-05
0.9999249547641836
-------
27
6.96228322586078e-05
4.452808039507425e-05
0.9999303771677414
-------
28
6.959995102726682e-05
4.452808039507425e-05
0.9999304000489727
-------
29
8.68900666535413e-05
4.452808039507425e-05
0.9999131099333465
-------
30
8.550639383478696e-05
4.4528080395074256e-05
0.9999144936061652
-------
31
6.511270835331689e-05
4.452808039507425e-05
0.9999348872916467
-------
32
8.145894627915867e-05
4.452808039507425e-05
0.9999185410537208
-------
33
8.05885439744733e-05
4.4528080395074256e-05
0.9999194114560255
-------
34
7.178065285403068e-05
4.452808039507424e-05
0.9999282193471459
-------
35
0.00011695850042246082
4.452808039507424e-05
0.9998830414995775
-------
36
0.00010994282259966171
4.452808039507425e-05
0.9998900571774003
-------
37
7.382195121692293e-05
4.452808039507425e-05
0.999926178048783
-------
38
0.00013530648788683043
4.4528080395074256e-05
0.9998646935121132
-------
39
9.431324810862013e-05
4.452808039507425e-05
0.9999056867518914
-------
40
9.00768263193551e-05
4.452808039507425e-05
0.9999099231736807
-------
41
0.0001262976891277887
4.452808039507425e-05
0.9998737023108722
-------
42
8.836915674059851e-05
4.4528080395074256e-05
0.9999116308432594
-------
43
0.00012661168487647045
4.452808039507425e-05
0.9998733883151235
-------
44
9.512256508997499e-05
4.452808039507425e-05
0.9999048774349101
-------
45
0.00012304694683864314
4.452808039507425e-05
0.9998769530531614
-------
46
8.665455666134822e-05
4.452808039507425e-05
0.9999133454433387
-------
47
0.00010782459302109492
4.4528080395074256e-05
0.999892175406979
-------
48
0.00010776906313016702
4.452808039507425e-05
0.9998922309368699
-------
49
0.000131681706824494
4.4528080395074256e-05
0.9998683182931755
-------
50
9.348252477347135e-05
4.452808039507425e-05
0.9999065174752265
-------
51
9.603276887282168e-05
4.4528080395074256e-05
0.9999039672311272
-------
52
9.129632788260745e-05
4.4528080395074256e-05
0.9999087036721174
-------
53
8.86519519891131e-05
4.452808039507425e-05
0.9999113480480109
-------
54
0.00011379083143004624
4.4528080395074256e-05
0.99988620916857
-------
55
0.00010479175560212219
4.452808039507425e-05
0.9998952082443979
-------
56
9.039293908836193e-05
4.452808039507425e-05
0.9999096070609116
-------
57
9.588853735724464e-05
4.452808039507425e-05
0.9999041114626428
-------
58
8.261535588567054e-05
4.452808039507425e-05
0.9999173846441143
-------
59
7.274352441036697e-05
4.452808039507425e-05
0.9999272564755897
-------
60
7.761204148278048e-05
4.452808039507425e-05
0.9999223879585172
-------
61
8.978397338004641e-05
4.4528080395074256e-05
0.99991021602662
-------
62
7.110684293516398e-05
4.452808039507425e-05
0.9999288931570648
-------
63
9.382563587066164e-05
4.452808039507425e-05
0.9999061743641293
-------
64
8.265828825453437e-05
4.452808039507425e-05
0.9999173417117455
-------
65
6.47016519844632e-05
4.452808039507425e-05
0.9999352983480155
-------
66
7.003086623149962e-05
4.452808039507425e-05
0.9999299691337685
-------
67
6.419644023373309e-05
4.4528080395074256e-05
0.9999358035597663
-------
68
7.148782023595566e-05
4.452808039507425e-05
0.9999285121797641
-------
69
6.0184395918716165e-05
4.452808039507424e-05
0.9999398156040813
-------
70
5.542843652867848e-05
4.4528080395074256e-05
0.9999445715634713
-------
71
4.8508808547550524e-05
4.452808039507424e-05
0.9999514911914524
-------
72
5.96532339237111e-05
4.4528080395074256e-05
0.9999403467660762
-------
73
3.7096793553673035e-05
4.452808039507425e-05
0.9999629032064463
-------
74
4.109504146714591e-05
4.452808039507425e-05
0.9999589049585329
-------
75
4.466060065326638e-05
4.452808039507425e-05
0.9999553393993468
-------
76
2.9891679083363373e-05
4.4528080395074256e-05
0.9999701083209166
-------
77
3.9911882176508206e-05
4.4528080395074256e-05
0.9999600881178234
-------
78
2.9193913941002268e-05
4.452808039507425e-05
0.999970806086059
-------
79
2.6776634153558972e-05
4.452808039507425e-05
0.9999732233658465
-------
