0.02925 1.1796947479704059e-07
0.0585 5.969278021093127e-07
0.08775 1.405431099610808e-06
0.117 1.9969909425917475e-06
0.14625 2.7591624278628957e-06
0.1755 4.2336713319528656e-06
0.20475 5.762835774428468e-06
0.234 7.731593485600241e-06
0.26325 9.342593535672584e-06
0.2925 1.3467075197114603e-05
0.32175 1.4746633129083131e-05
0.351 1.3387532200708019e-05
0.38025 1.5167925893384754e-05
0.4095 1.9692550523301056e-05
0.43875 2.5502918977536928e-05
0.468 2.7101679898871775e-05
0.49725 4.157791777871701e-05
0.5265 2.8639801904370873e-05
0.55575 3.2335583320658115e-05
0.585 3.982858460173807e-05
0.61425 4.601727918395814e-05
0.6435 4.848620621367093e-05
0.67275 4.756803408168188e-05
0.702 4.046202651239195e-05
0.73125 5.636200172199085e-05
0.7605 6.221980936086627e-05
0.78975 7.504523581639633e-05
0.819 6.96228322586078e-05
0.84825 6.959995102726682e-05
0.8775 8.68900666535413e-05
0.90675 8.550639383478696e-05
0.936 6.511270835331689e-05
0.96525 8.145894627915867e-05
0.9945 8.05885439744733e-05
1.02375 7.178065285403068e-05
1.053 0.00011695850042246082
1.08225 0.00010994282259966171
1.1115 7.382195121692293e-05
1.14075 0.00013530648788683043
1.17 9.431324810862013e-05
1.19925 9.00768263193551e-05
1.2285 0.0001262976891277887
1.25775 8.836915674059851e-05
1.287 0.00012661168487647045
1.31625 9.512256508997499e-05
1.3455 0.00012304694683864314
1.37475 8.665455666134822e-05
1.404 0.00010782459302109492
1.43325 0.00010776906313016702
1.4625 0.000131681706824494
1.49175 9.348252477347135e-05
1.521 9.603276887282168e-05
1.55025 9.129632788260745e-05
1.5795 8.86519519891131e-05
1.60875 0.00011379083143004624
1.638 0.00010479175560212219
1.66725 9.039293908836193e-05
1.6965 9.588853735724464e-05
1.72575 8.261535588567054e-05
1.755 7.274352441036697e-05
1.78425 7.761204148278048e-05
1.8135 8.978397338004641e-05
1.84275 7.110684293516398e-05
1.872 9.382563587066164e-05
1.90125 8.265828825453437e-05
1.9305 6.47016519844632e-05
1.95975 7.003086623149962e-05
1.989 6.419644023373309e-05
2.01825 7.148782023595566e-05
2.0475 6.0184395918716165e-05
2.07675 5.542843652867848e-05
2.106 4.8508808547550524e-05
2.13525 5.96532339237111e-05
2.1645 3.7096793553673035e-05
2.19375 4.109504146714591e-05
2.223 4.466060065326638e-05
2.25225 2.9891679083363373e-05
2.2815 3.9911882176508206e-05
2.31075 2.9193913941002268e-05
2.34 2.6776634153558972e-05
