0.09200863412495482 0.9999806497538195 3.75501164157652e-05 4.9539031676737806e-05
0.14200863412495482 0.9999362848885714 6.770880715444869e-05 0.00011341342027071284
0.1920086341249548 0.999872919629202 0.00011268825683018727 0.00019978356826373802
0.24200863412495482 0.9997842621126728 0.0001803687128773786 0.0003101957563373273
0.29200863412495487 0.9996692812887543 0.00026657492278004476 0.0004880540557312636
0.3420086341249548 0.9995814997109458 0.0003334537276176364 0.0005933535538351262
0.39200863412495485 0.9994942684612982 0.0004043165132877498 0.0007357154534735691
0.4420086341249549 0.9993782626035729 0.000493111337395004 0.0008585782488236776
0.4920086341249548 0.999285078970551 0.0005547306578882165 0.0010019538150754833
0.5420086341249548 0.9991426694240801 0.000663353319267557 0.0012851933268252184
0.5920086341249549 0.9990648398888088 0.0007137221946146178 0.0012809843842092792
0.6420086341249549 0.9989754304544697 0.0007992795554838824 0.0015351614695042154
0.6920086341249548 0.9989492825754673 0.0008091689254600268 0.0014031333651518113
0.742008634124955 0.9989209280522252 0.0008381464928235127 0.0015398891021350047
0.7920086341249549 0.9989649935612127 0.0007791538219994299 0.0015160751271741876
0.8420086341249549 0.9988788832436376 0.0008765066185996117 0.0015334699544898851
0.892008634124955 0.9990022184078918 0.000774094267774656 0.0013781776841638041
0.942008634124955 0.9989739426070013 0.0007997376571456092 0.0015231699698590175
0.9920086341249549 0.999083922171932 0.0007106140016346513 0.0012709759506562754
1.042008634124955 0.9989790545608227 0.0007958837618298162 0.0014112201357313204
1.0920086341249549 0.9991340656943738 0.0006625469611225916 0.0012115591523619697
1.142008634124955 0.9991396446472556 0.000660397418801602 0.0012414176683464872
1.192008634124955 0.9993253014403395 0.0005284684145455883 0.0009624472588924331
1.2420086341249548 0.999322129379473 0.0005339247613865365 0.0009720721195366536
1.292008634124955 0.9993730339739127 0.0004897748411949713 0.0009121531869678252
1.342008634124955 0.9994795098769955 0.0004046092629836402 0.0007355338857378418
1.3920086341249551 0.9995468627749164 0.0003500079181551179 0.0006512032248910414
1.442008634124955 0.9996069424065279 0.00031242355573034834 0.0005761566801716604
1.492008634124955 0.999691184681657 0.0002475116125988436 0.00045476118407761625
1.542008634124955 0.9997596324949978 0.0001931636147104775 0.0003597957750371125
1.592008634124955 0.9998000174660333 0.00016169988388216165 0.00028192880517915
1.6420086341249551 0.9998452837732246 0.00012939849357460184 0.00022904801742717378
1.6920086341249552 0.999871031380627 0.00011056235099548466 0.0002055530106578944
1.742008634124955 0.999910873489382 7.94264583536868e-05 0.0001473787835594067
1.792008634124955 0.9999278297574878 6.801006774172798e-05 0.00012519596234864693
1.842008634124955 0.9999517707064478 4.887643365343675e-05 9.608816176302648e-05
1.892008634124955 0.9999618789487208 4.1049042234643415e-05 7.451878884004097e-05
1.9420086341249552 0.9999751729287208 3.1071028209568126e-05 5.731989088342981e-05
1.9920086341249552 0.9999837053546119 2.45467254794763e-05 4.42829589862838e-05
2.0420086341249553 0.9999906944232821 1.9501269497446456e-05 3.629460136291721e-05
2.092008634124955 0.9999948308875383 1.6451710162504458e-05 2.8835718793714813e-05
2.142008634124955 0.9999980855135545 1.422432354808273e-05 2.6858695037520236e-05
2.192008634124955 0.9999998832356088 1.2898559936076058e-05 2.321676442781543e-05
2.242008634124955 1.000002409405296 1.12311251817011e-05 1.9449893048446963e-05
2.292008634124955 1.0000021215086665 1.1274165427689316e-05 2.0900892181347575e-05
2.342008634124955 1.0000027459310048 1.116110291100865e-05 1.936215889048532e-05
2.3920086341249553 1.000004866181916 9.516903725020958e-06 1.767250634434647e-05
2.442008634124955 1.0000046935321203 9.811673219890559e-06 1.7127711233195135e-05
2.4920086341249554 1.0000047143432549 9.560636131054506e-06 1.5747071494376452e-05
2.5420086341249553 1.0000058231602917 8.889489374881084e-06 1.5320079441068194e-05
2.592008634124955 1.0000071454393076 8.048827863569977e-06 1.2840895595846727e-05
2.6420086341249553 1.0000074193588975 7.799090456246293e-06 1.2302784378365597e-05
2.692008634124955 1.0000080086741094 7.359565065295776e-06 1.0755232812575512e-05
2.742008634124955 1.000009560094161 6.338793071349047e-06 9.952676846938632e-06
2.7920086341249553 1.0000103383255319 5.717136029660403e-06 9.260740043447364e-06
2.842008634124955 1.000011168398871 5.039496126637298e-06 7.448444363876904e-06
2.892008634124955 1.000011775890146 4.784266558170017e-06 6.852578450130872e-06
2.942008634124955 1.0000120814937452 4.520269281746e-06 5.6785741625859725e-06
2.992008634124955 1.0000126418793043 4.049154707226488e-06 5.2299353303869074e-06
3.0420086341249553 1.0000125377909124 4.092005510386595e-06 5.818949266254252e-06
3.0920086341249555 1.0000131257453038 3.842834694323777e-06 4.509674501394647e-06
3.1420086341249553 1.0000132001973927 3.742907559790887e-06 4.516921355132993e-06
3.192008634124955 1.0000133712336148 3.5167303649296985e-06 4.306665164700727e-06
3.2420086341249554 1.000013979589829 3.25667021322265e-06 3.6503716873554846e-06
3.2920086341249553 1.0000137495725892 3.5830108336980433e-06 4.1722353282528875e-06
3.342008634124955 1.0000141675153666 3.2016728305917576e-06 3.6146075552016134e-06
3.3920086341249553 1.0000142264774228 3.1605317339064945e-06 3.426149567783349e-06
3.442008634124955 1.000014434020382 3.0527779618303064e-06 3.074391869777623e-06
3.492008634124955 1.0000146749359973 3.0343349282743717e-06 2.7793359533023023e-06
3.5420086341249553 1.000014559887099 2.8673104809674014e-06 2.8589307055346554e-06
3.592008634124955 1.0000147726766562 2.796360890233338e-06 2.5230457646518683e-06
3.642008634124955 1.0000150621097144 2.73305373684291e-06 2.471220357435473e-06
3.6920086341249556 1.0000149338930255 2.6856797398368057e-06 2.4780234768159065e-06
3.7420086341249554 1.0000150470478908 2.5862583344323616e-06 2.1972298739968673e-06
3.7920086341249557 1.000015030213844 2.4535660402224365e-06 2.1830249392697436e-06
3.8420086341249555 1.000015217451983 2.445163391058733e-06 2.214481572101296e-06
3.8920086341249553 1.0000153906750335 2.341290896968683e-06 1.8608435125439871e-06
3.9420086341249556 1.0000155139485396 2.3103154840295098e-06 1.762187590268677e-06
3.9920086341249554 1.0000155409993143 2.2722934742035586e-06 1.6316888179338593e-06
4.042008634124955 1.0000156216164457 2.1920352707347716e-06 1.5834723788950973e-06
4.092008634124955 1.0000156963363735 2.2451042772267076e-06 1.5698685265025495e-06
4.142008634124955 1.0000156443347115 2.152725585809416e-06 1.4972004883917836e-06
4.192008634124956 1.0000158155731729 2.1121517168783232e-06 1.1970487045975491e-06
4.242008634124955 1.0000157129164629 2.1974382777397306e-06 1.3014720238284438e-06
4.292008634124955 1.0000159534478443 2.0846252730520112e-06 1.2175620744681401e-06
4.342008634124955 1.0000159192017346 2.027866187117722e-06 1.3394341441859905e-06
4.392008634124955 1.0000159560993787 1.9019232162617392e-06 1.2322676534629644e-06
4.442008634124955 1.0000160185683613 1.959143429240217e-06 1.0415752627333166e-06
4.492008634124955 1.0000160429301956 1.90436243547806e-06 9.332297461705007e-07
4.542008634124955 1.0000160670009208 1.878319718844823e-06 9.309239238183271e-07
4.592008634124955 1.0000161700003485 1.8341227870692112e-06 9.98059736887212e-07
4.642008634124956 1.0000160365804294 1.7548126988840182e-06 8.967757484243178e-07
4.692008634124956 1.0000161136342804 1.7808143867276348e-06 9.502845810190217e-07
4.742008634124955 1.0000161764643014 1.7598388818003246e-06 7.534056713540408e-07
4.792008634124956 1.0000161785230839 1.7727200311583445e-06 8.288836021837981e-07
4.842008634124956 1.0000162427392947 1.6887229685350067e-06 7.386722163061935e-07
4.892008634124956 1.000016323669024 1.717547380468754e-06 8.489748159710054e-07
4.942008634124956 1.000016388978609 1.671119118660876e-06 6.889747360741108e-07
4.992008634124955 1.0000163702830005 1.5997389396979605e-06 6.649950359696003e-07
5.042008634124955 1.000016447991884 1.5944581193564246e-06 6.153260951143378e-07
5.092008634124956 1.000016398237121 1.6773021785463622e-06 6.042944585849299e-07
5.142008634124956 1.0000164866582744 1.537224701080332e-06 5.316493659757362e-07
5.192008634124956 1.0000164036458403 1.4370453037636863e-06 5.576966295252401e-07
5.242008634124955 1.0000165660918392 1.5124348855137896e-06 5.187424174286308e-07
5.292008634124955 1.000016401354372 1.593939741152749e-06 5.563026576870706e-07
5.342008634124955 1.0000165353072743 1.5695934305679943e-06 4.623532008196064e-07
5.392008634124956 1.0000165375434131 1.5285935077028378e-06 5.156249842781759e-07
5.442008634124956 1.000016492210887 1.5355038292745992e-06 4.3299509489006737e-07
5.492008634124955 1.0000165636069287 1.4812125722533772e-06 4.457960588823475e-07
5.542008634124955 1.0000165621679706 1.4152704356593574e-06 3.9460069347611e-07
5.592008634124955 1.000016490093099 1.4242556926801427e-06 4.3296260176025844e-07
5.642008634124955 1.0000166694697046 1.4335428019710323e-06 3.735625056661898e-07
5.692008634124956 1.0000165542937811 1.4406413826944006e-06 4.3652876834453016e-07
5.742008634124955 1.0000166464240285 1.3783215166205644e-06 3.3862846559943844e-07
5.792008634124955 1.0000166316008186 1.3104313102486612e-06 3.489825027988704e-07
5.842008634124955 1.00001666613223 1.2899245097599963e-06 3.6242812267873434e-07
5.892008634124955 1.0000166353001472 1.2811457985228868e-06 3.215771651398929e-07
