0.016 0.0005330726224592889 0.00040861935362442373 0.0012397452044572268
0.036 0.0005492851724719462 0.0004241945637705473 0.0012015933654424438
0.056 0.0005102564802516763 0.00038523326304479684 0.00110791317627006
0.076 0.0005210811719914205 0.0003881766270000247 0.0011195890402147224
0.096 0.0005634608880627303 0.00042067558558451097 0.0012932393138922556
0.116 0.000562197870596568 0.00042113211069268126 0.001303496486676746
0.136 0.0005747710671305999 0.0004451058659495426 0.0013727740054815668
0.156 0.0005427187244990106 0.00041094120504744415 0.0013087322930208927
0.176 0.0005365138514992502 0.00040657968947685057 0.0013032380175872886
0.196 0.0005723885216612603 0.00043023510770223456 0.0013179212215510502
0.216 0.0005763383795491083 0.0004377805335902688 0.0012812514596983794
0.236 0.0005459168601941982 0.00042232361509026665 0.001221022497475689
0.256 0.000541365839550011 0.00041855146900925957 0.0013115872808188514
0.276 0.0005348963536923599 0.0004094897426122051 0.001196716715809621
0.296 0.0005583411069713829 0.0004198868246117251 0.0012453106134418523
0.316 0.0005147717647516756 0.0003892818266249991 0.0011679526151680518
0.336 0.0005678985173273139 0.0004403159071576086 0.0011821131643009446
0.356 0.0005277984381685362 0.0003983912989040759 0.0011475279875069828
0.376 0.0005445714142141113 0.0004227772104190791 0.0012725641707770103
0.396 0.0005317706850627129 0.0004050194828531105 0.0012670149809329726
0.416 0.0005520966618453701 0.00042271135419898176 0.0012659676790034995
0.436 0.000522897047321538 0.0003943950659554134 0.0011722955252057576
0.456 0.0005401409874784477 0.0004084934352129716 0.0011991700044420872
0.476 0.0005444911953095186 0.0004223142053353694 0.0011552928216585381
0.496 0.0005491412969894331 0.0004239512717972249 0.0012261968066014457
0.516 0.000547171801152401 0.0004205896052086594 0.0011960069459316933
0.536 0.000521213511537905 0.00039392526479680454 0.0011973907841839391
0.556 0.0005067453660535134 0.00038296388721480894 0.0010165658167786249
0.576 0.0005432165832623456 0.00041134765019180676 0.0012229561512604387
0.596 0.0005228679763825645 0.00039779575085022975 0.0012752435587238828
0.616 0.0005420723565374928 0.00041235254636254424 0.0011795628031316316
0.636 0.0004918116169734585 0.00038071541832832207 0.0011017713947979067
0.656 0.0005344582466169209 0.00040470233394808013 0.0013152693744810675
0.676 0.0005005145773981364 0.00037235743309124486 0.001126817862879551
0.696 0.0005123969253312514 0.0003898864517653761 0.0010677815836314434
0.716 0.0005315942562229851 0.0004000306497053285 0.0012613403924502313
0.736 0.0005160714814695847 0.0003953954267859572 0.0011418010414561606
0.756 0.0004821947372918807 0.0003672322057654026 0.0011205016670331443
0.776 0.00047213863341090314 0.00035977132667850087 0.0010005243787306755
0.796 0.0005346628230013237 0.0004011290483401423 0.0012654633907341164
0.816 0.000517161033904745 0.00039054198033257727 0.0011654062620408633
0.836 0.0005087729241073877 0.00039210035714485854 0.0012175275715276693
0.856 0.0005082403236958155 0.00038747668669062915 0.0011268950787658883
0.876 0.0005048361306255559 0.00038356379332451335 0.0010480459288897252
0.896 0.0005159158889014709 0.00039015487349241797 0.0011460859171770893
0.916 0.0004933831636214057 0.0003771151482518687 0.0010580140509186464
0.936 0.000509715575631613 0.0003880692585971093 0.0011711929391109062
0.956 0.00048329514447783515 0.00036934617733634407 0.001084915733816958
0.976 0.0005283342296716394 0.00039707400018760484 0.001202990000101653
0.996 0.00048733269008810855 0.00036728095690998993 0.0010544963359060146
1.016 0.0005032789584982385 0.0003849344517436864 0.0011446916000026203
1.036 0.0005029230961352875 0.00038400026158861113 0.0011039456497992737
1.056 0.0005011792991029612 0.0003825422026372963 0.001122835781505329
1.076 0.0004831663395935535 0.00036693778978108224 0.001098489293737542
1.096 0.00044880229321623487 0.00034587366093233763 0.001047119403996077
1.116 0.0004703259486783516 0.00035865493821829735 0.0009512067425685453
1.136 0.0005100706381125267 0.00038830332957842916 0.0011205760621412436
1.156 0.00046491610884045255 0.00035976571076756195 0.001056003356359133
1.176 0.0004736144601407384 0.0003617140062602422 0.000997071218648093
1.196 0.0004864127092613833 0.00036731919146872636 0.001223214765276285
1.216 0.0004538974400830011 0.0003478873616283316 0.0010440780354525972
1.236 0.00048004090698677333 0.00036739629045332456 0.0010118469069296924
1.256 0.00048279351654251354 0.00037149612691430363 0.001048133507588098
1.276 0.00046794041859411653 0.00035756114574517233 0.0010204031813448125
1.296 0.0004391545751941921 0.00033686369379609687 0.0010305524583603114
1.316 0.00045996494482627775 0.0003511339779558155 0.0010909368726196695
1.336 0.0004743125203177471 0.0003699124950110375 0.001151664270392037
1.356 0.0004651278253359526 0.000354497877804009 0.0009815136684884138
1.376 0.0004638887134095982 0.0003535495781939094 0.0010104364907168406
1.396 0.0004627982639600891 0.0003565201679664342 0.0010337834061516062
1.416 0.0004599579296705117 0.00035008844387738073 0.0010674125225516751
1.436 0.0004800293977947092 0.00036620915435334563 0.0010343689229409983
1.456 0.0004640233912031287 0.0003554846778303403 0.0009760424925247462
1.476 0.00044999450694467705 0.000337638328877756 0.0009605164682655813
1.496 0.00042408843631830325 0.00031841006538989807 0.0009314024017631045
1.516 0.0004417649269437045 0.00033734709729963156 0.0009007755146358224
1.536 0.0004385768232975081 0.0003364912730275976 0.0010081892008813541
1.556 0.0004020954837992823 0.00030897638211682584 0.0009104427435151139
1.576 0.00043113713133119836 0.0003318688522200118 0.0009011056106368442
1.596 0.00041069486423768654 0.0003126519172782261 0.0009086179259037965
1.616 0.0004531856524587764 0.0003478951742420234 0.0010456008787119288
1.636 0.00044022858132855525 0.00033381612739239976 0.0009147857862602411
1.656 0.0004324201808708626 0.00033092126160786533 0.000981887278876369
1.676 0.000431826158464337 0.00032940491026319847 0.0009496740912645251
1.696 0.0004312699228090523 0.0003283208116306452 0.0009265323998554327
1.716 0.0004267301646481626 0.00032858464852781753 0.0009537727438527537
1.736 0.0004270093837030137 0.0003269352248504436 0.0009086979329324853
1.756 0.0004193547112636812 0.0003184034138149185 0.0009185009348555669
1.776 0.00042908185442361876 0.0003277145065203103 0.0009104137106580746
1.796 0.0004333386561803579 0.00033118708057002465 0.0009548232111572241
1.816 0.00042918862680020234 0.00032659394116378495 0.0009260328628203557
1.836 0.0004378507040271459 0.0003373763304075772 0.0009714347102865084
1.856 0.0004236361799043305 0.0003209840630265045 0.0009407110391432529
1.876 0.0004315966640250739 0.00032861294419106414 0.0009889648341619335
1.896 0.0004536730930241692 0.0003438386314902727 0.0009787503734167548
1.916 0.00041831308463504107 0.0003192482764299222 0.0008776446252128707
1.936 0.0003991786883519759 0.0003071288772115126 0.0008441857981755701
1.956 0.0004195235650731083 0.00032767864168784807 0.0009916125236154477
1.976 0.0004261735499891878 0.0003237350017609378 0.00092837743344787
1.996 0.0004110919154184988 0.0003116543248515187 0.0008825554446711687
