0.14 0.001965439242962182 0.0015105567057484036 0.00425170677398831
0.19 0.0020494998145813613 0.001546241670520049 0.0046971586587947435
0.24 0.0020002713003026552 0.0015220369168121154 0.004517239569388972
0.29 0.0019355987141658482 0.0014815965985866578 0.004718642996283387
0.34 0.0018905481240576213 0.0014543022053787869 0.0042409756441065954
0.39 0.002050242497659729 0.0015845786728160473 0.004405260372640661
0.44 0.0018855479997771918 0.001431042957887318 0.004121964863189493
0.49 0.0019219187111771958 0.0014423382636405998 0.0044188351802049355
0.54 0.0019175268374956248 0.0014792870030400334 0.00427480005313128
0.59 0.0017893604913318567 0.0013723726821774993 0.004164419973792721
0.64 0.0016961505475828792 0.0012863017081987005 0.003660296430322477
0.69 0.0017337438194508933 0.001296192903924705 0.003681881893352503
0.74 0.0016684632647517065 0.0012591737930067349 0.00365925526464366
0.79 0.0017409697030311224 0.001320645718486019 0.0037460305910381785
0.84 0.0014892436008736647 0.0011208738097731926 0.0030685260905445005
0.89 0.0015682559471026179 0.0012078210541688996 0.0036371143118999368
0.94 0.0014548409687625782 0.0011205768451633398 0.003112558000573341
0.99 0.0014206460440608756 0.001071621438107955 0.0030602055560972727
1.04 0.0012773038559720207 0.000973892669270071 0.0029400391851938283
1.09 0.0013441480765243792 0.0010261842070741806 0.0029496582776959673
1.14 0.001193232052158186 0.0009102461457753481 0.002691561189802405
1.19 0.0012486193289583823 0.0009551825433961319 0.002590590544519938
1.24 0.0011964857546728502 0.0009199456482119322 0.0025961346607635133
1.29 0.0012048257709597475 0.0009089136130588586 0.002596336823399424
1.34 0.0011286230871594524 0.0008648153728139733 0.002615389036255719
1.39 0.001070968128575702 0.0008181472950184933 0.0022326439021543225
1.44 0.0009382474652615547 0.0007201337942841395 0.0020221562438085473
1.49 0.0009090234727012198 0.0006861681834980382 0.0020849855667952008
1.54 0.0009502196342524976 0.0007176730526339531 0.002050355677739487
1.59 0.000810493050706161 0.0006129041673812064 0.0017475511894651749
1.64 0.0008058388969298915 0.0006129750163922309 0.0018529565243731324
1.69 0.000758051338234036 0.0005760869875401636 0.0018075361801459917
1.74 0.0007506832253055315 0.0005658544234220499 0.0017505804215471605
1.79 0.0007162272454654348 0.0005429995159436974 0.0014714847516153948
1.84 0.0006962057760910271 0.0005263556478914223 0.00163865774459231
1.89 0.0006589513860516944 0.0005084076841094956 0.0015162287234779773
1.94 0.0006396388750504923 0.0004904344952444948 0.001568597087811044
1.99 0.0005830870728786459 0.0004419580594211462 0.0012153635560864945
2.04 0.0005832455187548107 0.00044399053723013235 0.0013305291762045323
2.09 0.0005246088585878171 0.000400743650665484 0.0010851691795006316
2.14 0.0005095957481509549 0.00038938881100266385 0.001082085595837029
2.19 0.0005094997603059002 0.0003931267018856525 0.0012007905805428271
2.24 0.00047416591634449786 0.00036098566093436374 0.0010181677943483449
2.29 0.0004627073960673989 0.00035416449288398923 0.0010498197038167453
2.34 0.00046084033419476324 0.0003493414187084674 0.0009775431189767716
2.39 0.0004646789072172669 0.00036141417862659535 0.001026050423798992
2.44 0.00047127600330511613 0.0003634405218517369 0.0010300456245772428
2.49 0.00044056545968982973 0.00033636385122509595 0.0009706905199426613
2.54 0.0004673161927427079 0.00035096830938155093 0.0010064359587867134
2.59 0.0003967943970877505 0.00030006316393898613 0.0009190135432390991
2.64 0.0004241938832384831 0.00032512975343462064 0.0009514904333017523
2.69 0.0004143636730890264 0.0003168836748521978 0.0008685839018812922
2.74 0.0004253195014621951 0.00031964819607803555 0.0009189805255750031
2.79 0.0003975052737288379 0.00030094303092854344 0.0008736324119794166
2.84 0.0004164219347912306 0.0003183818563684868 0.0008836604420331895
2.89 0.000379089672417756 0.00028900417587116094 0.0009067724034110081
2.94 0.00040439679792177223 0.00030715528059885777 0.0008610965412786798
2.99 0.0004212287824611139 0.0003192158410754703 0.000911398612141964
3.04 0.0003929804500988449 0.0003019261396936555 0.0008655758178185346
3.09 0.0004087708411887229 0.00031301202600677593 0.0008588557588597716
3.14 0.00041409722790883806 0.00031904474008452496 0.0009061113809980358
3.19 0.000408825545238899 0.0003065374703476429 0.0008623763257013221
3.24 0.0003852848871771608 0.00029755403312491384 0.0008991544093503395
3.29 0.00040490458554157956 0.0003068842261299361 0.0008360004441313841
3.34 0.00039712125012801363 0.00030622046422162333 0.0008238300973791808
3.39 0.00040069938376292223 0.0003065915701160466 0.0009433998762245642
3.44 0.0003900681800838957 0.00029744487188258887 0.0008825686369830519
3.49 0.00040670669580562206 0.00031164380310788034 0.0009802116181620991
3.54 0.00041427080683934127 0.00031636054021035276 0.0008851876788678808
3.59 0.00040582892459137596 0.0003102431278834419 0.0008724721064433059
3.64 0.00040973971759365095 0.0003109032465668176 0.0009484983564632956
3.69 0.0004028786117818114 0.0003088991586306806 0.0008611576511738916
3.74 0.00039837383563680936 0.00030672340435191297 0.0009384993482286788
3.79 0.00041385237677128706 0.0003179062016484431 0.0008961168713352945
3.84 0.000414663542849757 0.0003239271748247365 0.0008998255943343724
3.89 0.00040092895510385207 0.000307349167155474 0.0008852161708711476
3.94 0.0003817942542242887 0.00028632722173415053 0.0008282871729299937
3.99 0.0004262154404362121 0.00032467860847121277 0.0009830735827771686
4.04 0.0004020166929462468 0.0003082545361591739 0.0009568933302900156
4.09 0.0004050439652143513 0.0003118017761967444 0.0009516297591408924
4.14 0.0003797367864242588 0.00029014407784064814 0.0008324212823802087
4.19 0.00042800074291532544 0.0003267794612121232 0.0009321992509939842
4.24 0.0004085464659003125 0.00030916681812296774 0.0008385653411136316
4.29 0.00040447205845865546 0.0003044632187116833 0.0008291129129182374
4.34 0.00039490429839248174 0.000300376092680128 0.0008982857187226403
4.39 0.0003883183948459251 0.00029538831931523034 0.0007955415963344764
4.44 0.00040876565384582433 0.0003102457505115046 0.0009137013269422291
4.49 0.0004001316433748849 0.0003018621202316222 0.0008732550012094557
4.54 0.00038964264174565607 0.0002977730608006734 0.0009128242700417984
4.59 0.0003989732694419778 0.0003012195463914026 0.0008453012910938556
4.64 0.0004003511038097457 0.00030765627836986927 0.0008909626829210522
4.69 0.00038223976285612206 0.00029072766964149445 0.0008896969880154532
4.74 0.0004018880037907531 0.0003066028615003872 0.0008700436112931015
4.79 0.0004119672860364258 0.0003157316453787748 0.0008749042550552949
4.84 0.0003738363679937878 0.0002894456107654757 0.0008578806945937413
4.89 0.00040264905505498 0.00030433621704592685 0.0008874350947452889
4.94 0.0003971904927506993 0.00030414186631543385 0.0009004594766835221
4.99 0.0004103624673363557 0.00030915029831515725 0.0009692744321010454
5.04 0.0004056468736265413 0.0003108613588721604 0.0009294952306089517
5.09 0.0004057847876939211 0.0003079382871757615 0.000943787149225199
