0.04 0.012906677939851554 0.009793204334985272 0.025012760106952754
0.09 0.01578996421712176 0.011894311505399388 0.03308104594530824
0.14 0.015014446899383707 0.011497270757793394 0.03439151758525432
0.19 0.015488610561469291 0.011807990773660317 0.03340753842079332
0.24 0.014060460211521544 0.010834310940686685 0.03191231290748576
0.29 0.015480750528766579 0.01185105538758367 0.03161643866215015
0.34 0.014697668851555235 0.011151467562424956 0.03178818194212642
0.39 0.01408280457956489 0.010833574168652448 0.030619384307971398
0.44 0.013284729993957037 0.010162604108283738 0.027945573703614
0.49 0.013585313296815667 0.010248659239490166 0.027784549142696548
0.54 0.01397726382412752 0.010720872000048174 0.03166732228088635
0.59 0.013033464170469166 0.010115966395859688 0.029392036663689402
0.64 0.012803501805937484 0.009891851739033305 0.02730432699888402
0.69 0.01247208369119909 0.009407200596622362 0.027486385606210702
0.74 0.012162945686468989 0.009285339241441901 0.02703550459548653
0.79 0.011153505600055836 0.008428826999030643 0.02413495654776573
0.84 0.010572564756518946 0.008069492210971217 0.0227557363377506
0.89 0.010872916908995708 0.008341511031266655 0.023942662606537938
0.94 0.010298108831522393 0.007936401221586458 0.022247835405743967
0.99 0.010295134335544642 0.007732795857346135 0.022932187994764996
1.04 0.00853605707752469 0.006587398593573016 0.019815866320250678
1.09 0.009079919382228002 0.00693835206335254 0.02028401365330691
1.14 0.008186296302274661 0.006201569269185308 0.017787329776486123
1.19 0.008126263882391228 0.006172266820664205 0.017015966703157366
1.24 0.007868058509603534 0.005933911188573081 0.01677561814417433
1.29 0.007252582399072205 0.005458894423528799 0.015139981903608005
1.34 0.00683864519527783 0.005260081111701724 0.015143953985514689
1.39 0.006100125273859038 0.004596429823496279 0.013637258102544514
1.44 0.005896353700843891 0.00450598599098794 0.01180068528031691
1.49 0.0050924084690543835 0.0038659017040501903 0.010902076393473892
1.54 0.004626796936875436 0.003508735765139691 0.009954808428396966
1.59 0.004875713443596378 0.00367410147392276 0.010367006326751175
1.64 0.004248274027308449 0.0032151378737812993 0.008869979856230122
1.69 0.003906611660500316 0.002907772966084331 0.008339509320613812
1.74 0.0035805487816330866 0.0027339762859786934 0.008083373573490395
1.79 0.003423642553516835 0.0025516641202884324 0.0072089514690996115
1.84 0.002874108965174331 0.0021648241173302584 0.006379661976195022
1.89 0.002687147018190365 0.0020386771858338757 0.005612307410552017
1.94 0.002549287499219614 0.0019374772176955317 0.0054812148102351835
1.99 0.0021597294108407026 0.0016369629320977213 0.0049682622278060685
2.04 0.001953813890407835 0.001473341233868158 0.004472832378970068
2.09 0.0017396298846093228 0.0013118729943033187 0.004058106428099047
2.14 0.0016122467655330839 0.0012147976441667222 0.003730678287220933
2.19 0.0014091182672203867 0.0010658133842458626 0.0032215688055604033
2.24 0.0012362977409978047 0.0009346841744101726 0.002904444816789495
2.29 0.0011341814528072394 0.0008540484036977348 0.00266979467531213
2.34 0.000996562605952332 0.0007514937495653728 0.0020555770373929163
2.39 0.0008754366883525835 0.0006563812536247052 0.001888918629188782
2.44 0.0007700632280092901 0.0005821854700269189 0.0016514414915486768
2.49 0.0007422503456249698 0.0005707969684009293 0.0017251852927553802
2.54 0.0006334740217523214 0.00047595489894537886 0.0013600916157142993
2.59 0.000567186253338273 0.00043247779846472474 0.0011875429054311092
2.64 0.000555817992567339 0.00041907877856108694 0.0011937950942973905
2.69 0.0005002344242653207 0.0003741903624471639 0.0011413480428822348
2.74 0.0004674419512738873 0.0003448358618559972 0.0009694378135319554
2.79 0.00045335663014656397 0.00034322621069545514 0.0010131714912998287
2.84 0.0004433711142690179 0.0003293768387665056 0.0009483327428617433
2.89 0.00041956425887883263 0.0003167731191807964 0.0009430367184689257
2.94 0.00041346005136830115 0.0003140938151723358 0.0008935329354217163
2.99 0.0004210491893277031 0.0003169165433517201 0.0008685285172968157
3.04 0.0003831795946383804 0.0002894609850616719 0.0009268589771690627
3.09 0.00038834688239486586 0.00029529437095824143 0.000812995596412427
3.14 0.0004070641874000293 0.00030465093500535754 0.0008792914469760658
3.19 0.000401943093302291 0.0003027523318490705 0.000891017143662607
3.24 0.0004327364882627047 0.00032936967346141227 0.0009659429385830891
3.29 0.00042782733168166475 0.000321309695564118 0.0009077881226002939
3.34 0.00043312356632407915 0.00033076218967634946 0.0010577710523330007
3.39 0.00044159740040730893 0.00032820174158647617 0.0010912773927911341
3.44 0.000462296016607216 0.0003498594113226036 0.0010231835692972291
3.49 0.0004803070405633097 0.00036626160341234683 0.0010572575164680465
3.54 0.0004703499463593032 0.00036289309258819827 0.0010830562600292824
3.59 0.00045700783596518883 0.0003528972529261202 0.0010056873640800143
3.64 0.00047576755136673996 0.0003564582963213417 0.0010495636974218552
3.69 0.0004702069718256031 0.00035762568346730454 0.001029333220150382
3.74 0.0005068872373487377 0.00038018965702237847 0.0011444022967731296
3.79 0.0004539811973280247 0.0003424150258071955 0.0009946447731323932
3.84 0.0004675535951389708 0.0003558299989662721 0.00101775255188298
3.89 0.00046644935768143847 0.00035356888774364147 0.001008444907350685
3.94 0.0004715295230353639 0.00035939259355640383 0.0009763833935429224
3.99 0.0004673655894669067 0.00035209017645908313 0.0009723354383227998
4.04 0.00045362538353312836 0.00034701089313732264 0.0010724795899613791
4.09 0.00044132087597402865 0.00033812149010778615 0.0009389528434668249
4.14 0.0004441338845347602 0.0003340930050998305 0.0009440936518247585
4.19 0.0004764057583662001 0.00036342726443779825 0.0010591299926438016
4.24 0.0004829247863274295 0.0003701143275565621 0.0012063787937580737
4.29 0.0004750800081417228 0.0003630337304475964 0.0011472106395866884
4.34 0.00046890392368078855 0.00035597981500874786 0.0009972204853942203
4.39 0.00046536148404724713 0.00035657037123214687 0.000988977807495857
4.44 0.0004051387313616304 0.00031055324882537294 0.0008813380627448693
4.49 0.00045110714100464846 0.00034318078446313535 0.0010383670450772255
4.54 0.00046401573027009024 0.00035616780106081784 0.0010362493140453405
4.59 0.0003921495453369858 0.0002994648681341393 0.0009210832289384544
4.64 0.0004196650661431518 0.0003220468520182433 0.0009279014815087271
4.69 0.000402886857395201 0.00030908880382480626 0.0008343378341361897
4.74 0.0004222987889053137 0.0003186131616606704 0.0008574380956071935
4.79 0.0004300806027821598 0.00032479342493655895 0.0009255253482564653
4.84 0.00039389021047753285 0.00029954401390550045 0.0008635559085799367
4.89 0.0003830551636726708 0.00029323897069501815 0.0008119458266561455
4.94 0.00041081531641793426 0.00031580697530459985 0.0008821873479624383
4.99 0.0003895764312673118 0.00029565865287344603 0.0008639543432024199
