0.1008 0.001885037016073576 0.0014318771423612077 0.00427231216234996
0.1018 0.0017904572837853135 0.0013464389395580006 0.003879888564432915
0.1028 0.0019722617602903245 0.0014884277489833227 0.004392940367897446
0.1038 0.0018710346218323993 0.0014077274540283953 0.004019157495410962
0.1048 0.001995191138217143 0.0015481319093775376 0.0045700431600230575
0.1058 0.0019432783585184709 0.0014675883594612344 0.004201214222519437
0.1068 0.0018419631334946121 0.0013992997807954232 0.0041917352527885005
0.1078 0.0020116948226246664 0.001543013749157497 0.004437944795595903
0.1088 0.001756597815006259 0.0013526528934889963 0.003967868781731901
0.1098 0.0017903880843866897 0.001358753340596384 0.003957589403690712
0.1108 0.0018551941613159707 0.0014236048091528432 0.004305332243838755
0.1118 0.0018676661264212212 0.0014269100016568023 0.0038915852323360644
0.1128 0.0019721490692150684 0.0015137319142790539 0.0042974428238142775
0.1138 0.0019127188414524428 0.0014716806182609864 0.004496159154821291
0.1148 0.001921732541734985 0.001473630651852132 0.004172934115501902
0.1158 0.002025230048184177 0.0015825887215900644 0.004626092693218735
0.1168 0.0019681591297275717 0.0014838516576353394 0.003844421598077588
0.1178 0.001843855892738795 0.0013857560905451891 0.0038553916487883443
0.1188 0.0019010256712531607 0.0014461928251126243 0.004063867578362007
0.1198 0.0017304044777683163 0.0013458073232381147 0.0038154761873733746
0.1208 0.0018551607951488237 0.0013976425919080067 0.0037131777183992895
0.1218 0.0018140435476190838 0.0013536797676602177 0.004119133706896096
0.1228 0.0019067335865085744 0.0014449031531082051 0.004410509443744886
0.1238 0.001872092751331611 0.001440316273445414 0.0037489514991246474
0.1248 0.0018685778896741785 0.0014389034068914726 0.00426363507894949
0.1258 0.001915904519492992 0.0014487159852313361 0.004133216238334112
0.1268 0.0019714406421585317 0.0015100082787972147 0.004618886842074542
0.1278 0.0017867692553799708 0.0013515693547474215 0.003686508014283287
0.1288 0.0018684145030586745 0.0014112447610610433 0.004192725522819684
0.1298 0.0019113930059253138 0.001463192349542292 0.004391219047968588
0.1308 0.0018836913262458145 0.0014220348527591424 0.0042563233271425095
0.1318 0.001908833188546449 0.0014638317234955604 0.004298802521509231
0.1328 0.0019852292505728093 0.0015079673607501654 0.004159450025477444
0.1338 0.0017495922318182659 0.0013257276122004026 0.0036040563827522626
0.1348 0.0018175740559496938 0.001380826683924404 0.0038256363414994514
0.1358 0.0019304497830956134 0.00148620149726945 0.004401171540747151
0.1368 0.0019883345533766475 0.0015069387059831838 0.0040969094212559036
0.1378 0.0018896468296370511 0.0014373058821325374 0.004280548946124931
0.1388 0.0018915764180637566 0.0014412903591299886 0.0038885949739011633
0.1398 0.0019428986247128376 0.0014710829224324692 0.004236542690367305
0.1408 0.0018626653523342689 0.0014321634455397249 0.004172041432706263
0.1418 0.0018028299218899708 0.001356999793337112 0.003942723115144134
0.1428 0.0018908479984444397 0.0014420647752007173 0.004003940562325055
0.1438 0.0018870016483010315 0.001421434260845435 0.00393813791937316
0.1448 0.0018437066250152991 0.001409336056782562 0.003940345496361375
0.1458 0.0018421131649882978 0.001394343465703694 0.004124690916627887
0.1468 0.0019448668711904995 0.0014917747368290918 0.00443574121661372
0.1478 0.0017769497227308802 0.0013538224994179542 0.0038194434793785677
0.1488 0.0019235146876790978 0.0014477424959357245 0.004106784282189227
0.1498 0.0020210664301431773 0.001539566176988873 0.004679939763976932
0.1508 0.0018895088119597649 0.0014282071966763717 0.004103331106568268
0.1518 0.001959014587241009 0.0015053985025521132 0.0044655500624539955
0.1528 0.0018712252151968207 0.0014138940309581852 0.004131229423455519
0.1538 0.001853189526083539 0.0013883642075085507 0.0040119402427721785
0.1548 0.001928678890919203 0.0014610583430785973 0.003952425140985809
0.1558 0.0019722206157617773 0.00149445954450558 0.004417647643498876
0.1568 0.0018707195661879325 0.0014147253152426969 0.003918049297596851
0.1578 0.0019397609662189248 0.0014723877870332735 0.004533289993941968
0.1588 0.0018658870828931525 0.001398901594823325 0.004697699113074722
0.1598 0.0018603075932235136 0.0014071181328856415 0.004028459142277514
0.1608 0.0018716683119963649 0.001435623624762093 0.004264854102887497
0.1618 0.0018681246802933534 0.0014130912716547761 0.004105394211697275
0.1628 0.0018827729857662581 0.0014514090173600412 0.004097836883890689
0.1638 0.0018037192368826106 0.001374287117058736 0.0038174917478181864
0.1648 0.001884016176184495 0.0014227104228696362 0.0041242803978040615
0.1658 0.0018931420029087605 0.001463260335418917 0.004308921984245486
0.1668 0.0018750934971156798 0.0014191019642151646 0.004109768233922181
0.1678 0.0019506837198575437 0.0014810844496046254 0.00413177718811344
0.1688 0.00196975411173612 0.001506831885735359 0.004473267657021611
0.1698 0.0019727985777288157 0.0015242596974426655 0.00422808735816912
0.1708 0.0019361196889465966 0.001473632817846456 0.004092606817521294
0.1718 0.0019033132966927904 0.0014611497573184602 0.003695135893525935
0.1728 0.0017990376304295348 0.001360178338696233 0.00427806738355307
0.1738 0.00190523417235809 0.0014468487446547011 0.004252637652987228
0.1748 0.0018906121488933218 0.0014477916390113498 0.004230997658889153
0.1758 0.001830168219296057 0.0013925656526188699 0.0038694747304277048
0.1768 0.0019195506448682908 0.0014547204355374876 0.004425189086750403
0.1778 0.0018023678208856655 0.0013798957093915166 0.003930709730812301
0.1788 0.0019790573761630332 0.0015106004949796048 0.004316165191691717
0.1798 0.001958091185268967 0.0015019405265922245 0.004259185420694332
0.1808 0.0018687369534537833 0.0014474670826255948 0.004325405529593769
0.1818 0.001975633609607234 0.0014859175836071095 0.004460315072856904
0.1828 0.0018503691005967479 0.0014393942865105413 0.004028868926046312
0.1838 0.0018711331375642249 0.0014267149639638273 0.004061960784322002
0.1848 0.0018923485694696865 0.0014538046235612117 0.004515981610433447
0.1858 0.0018990253656849692 0.0014483581225320351 0.00416978050372792
0.1868 0.0019143046559711749 0.0014667330113175105 0.004659239460707354
0.1878 0.0019536772637249117 0.0015004356447447073 0.004167767488752649
0.1888 0.0019856828450698595 0.0014991539876395114 0.004275886441808227
0.1898 0.001971996191277745 0.001482519634183103 0.004484192280041975
0.1908 0.0019137072960506555 0.00146838288936926 0.00418126152429503
0.1918 0.002049459228246249 0.0015549602361690674 0.004728496623009443
0.1928 0.0019148404332689853 0.001452044958576506 0.003895598242833418
0.1938 0.001867462049221065 0.001444545150348794 0.004202198940803319
0.1948 0.0019494318288184656 0.001476965424438289 0.0040511803702980315
0.1958 0.0017616859375122848 0.0013202220315642217 0.0038519799975339983
0.1968 0.0018200004504689445 0.0013770634689398622 0.003990930315413557
0.1978 0.00188119179118682 0.0014487378907887983 0.004194035312843357
0.1988 0.0018398946741649848 0.0013988149527251973 0.0041471062491838595
0.1998 0.0019270860504113957 0.001476756763585769 0.004288504468454405
