0.036 0.0005300486577209155 0.00040566237585275294 0.00118966069984979
0.076 0.0005592529015801563 0.0004277169754866193 0.001276376084196575
0.116 0.0005496008697886282 0.000420947481433031 0.0012278148188652133
0.156 0.0005701363798237021 0.00043659073845464194 0.001306837777373123
0.196 0.0005314932037378255 0.0004068650980163536 0.0012402517118963673
0.236 0.0005461619182790505 0.00041825870109261763 0.0012384564897694283
0.276 0.0005444458550051812 0.0004143253811917516 0.0012296854369506626
0.316 0.0005405236941601672 0.0004119136319612361 0.0012587289284753654
0.356 0.0005412397209089542 0.00041046227921514363 0.0011802375299212091
0.396 0.0005443248981067607 0.00041556489710625164 0.0012169795969859758
0.436 0.0005479328707338903 0.00041800074668861515 0.0012194042471877944
0.476 0.0005340596934598818 0.0004102824811856148 0.0011987895854437976
0.516 0.0005358268212725577 0.0004091208474783058 0.0011899255008092937
0.556 0.0005320183030708654 0.0004074909484688581 0.0012064981773081186
0.596 0.0005275376866549963 0.0004042828941796722 0.001185232136464505
0.636 0.0005275700500021202 0.0004043240851915214 0.0011742405385394943
0.676 0.0005361453617456102 0.0004100740712683677 0.0012310674979073943
0.716 0.0005216864525428009 0.00040027882877449955 0.0011182515058902132
0.756 0.0004965594845271323 0.00037929386088798547 0.0011069378561216234
0.796 0.0005103078474318713 0.00039225798646880597 0.0011647587679011627
0.836 0.0005102640544915148 0.0003903161689978783 0.0011183980471952677
0.876 0.0005064117943251299 0.00038776954292329995 0.0011396270074424727
0.916 0.0004993489730996557 0.00038259491435159996 0.0010967180398331795
0.956 0.0004957913297888123 0.00037819670032998614 0.001129949202700888
0.996 0.0004974430715514735 0.00038050690417328287 0.0011077502206170494
1.036 0.0004813329321715699 0.00036732489835802635 0.0010702695919791946
1.076 0.00048637436092066437 0.0003725781883078495 0.0010915826449960774
1.116 0.00048415243690491433 0.00036996146616637555 0.001050362352282447
1.156 0.00047427074473246667 0.0003616357289086229 0.0011007829313766928
1.196 0.00047517403309785137 0.0003658812793783309 0.0010762756149093747
1.236 0.0004806141343108898 0.0003701393058746102 0.0010731462557293534
1.276 0.00047421440562747793 0.00036155297255833433 0.0010704523959292464
1.316 0.00046108620414916403 0.0003512089002211913 0.0010318112553625702
1.356 0.00045675710392446833 0.00034797458867077974 0.001035322406049551
1.396 0.00046346336090835735 0.0003536320795822476 0.0010372186339555579
1.436 0.00046608241152085893 0.00035284574583098585 0.001026291830382046
1.476 0.00045693544168407864 0.00034861260867602407 0.0010193954329766023
1.516 0.0004483344123024032 0.0003413945930711219 0.000989921351721728
1.556 0.000435751424931429 0.00033263978668708236 0.0009897441317075369
1.596 0.000436874536157582 0.00033708047081565124 0.0009713809230473394
1.636 0.0004455873984673467 0.000339604114332355 0.0010225614429717924
1.676 0.0004406540418653255 0.0003361193521996943 0.0009728661725068677
1.716 0.00042920167109081257 0.0003270869743703562 0.0009781691369511723
1.756 0.0004241946458731621 0.00032520847206505914 0.00092092880753507
1.796 0.0004298360588313862 0.00032731775019950233 0.0009912847890125804
1.836 0.00041697339390391963 0.0003180826734713064 0.0009477644988559273
1.876 0.0004177080394239514 0.00031913880276958253 0.0009436884728372789
1.916 0.0004146282191683233 0.00031699142514328134 0.0009300460750374442
1.956 0.00042460213730850934 0.0003234331050067802 0.0009237325160993167
1.996 0.00042046946379772074 0.0003227206045580933 0.000930060266557161
2.036 0.0004111021186503941 0.00031437623390562854 0.0009040972744385712
2.076 0.00040850760842357157 0.0003113962207447563 0.000886887636501325
2.116 0.0004076055212088203 0.0003113567380658961 0.0009330581047674764
2.156 0.00041703580758490006 0.0003168259676951405 0.0009282659718829955
2.196 0.00040967117694253806 0.00031287149524539807 0.0008912312922420686
2.236 0.00040782924665079285 0.0003098895985564976 0.0009234301568720393
2.276 0.0004022221698700224 0.00030571231126581735 0.0009123575862123468
2.316 0.00039989982124115 0.0003041930804245973 0.0009094770195895758
2.356 0.000413328403234706 0.00031487988952749567 0.0009089839642606758
2.396 0.0004010372809128402 0.00030592321677296665 0.0009052001282604914
2.436 0.00040907322482446415 0.0003114129294038642 0.0009125024788300611
2.476 0.0004025387927906258 0.00030580903190350933 0.0009133547420378165
2.516 0.0004041948845945356 0.00030839114742447024 0.0009098127274733949
2.556 0.00040823554200855594 0.0003122172847201535 0.0009243044661218586
2.596 0.0004058527956687148 0.0003101665234145814 0.0009160543063839579
2.636 0.00040652998996866475 0.0003109393975052927 0.0009041699524861597
2.676 0.0003946441234805081 0.00030053934719154255 0.0008664701651136815
2.716 0.00039262197748981214 0.00029925061594862016 0.000874899907540076
2.756 0.00040016390673918166 0.0003057018531662969 0.0008938343821061296
2.796 0.00039207267383915297 0.0002976733212829306 0.0008706089017144955
2.836 0.00039789624164577876 0.0003028580005289017 0.000906004410719314
2.876 0.00040183043970142137 0.00030625382672222115 0.0009097147783805395
2.916 0.00039586798207050375 0.00030093129401459256 0.000913307722979202
2.956 0.00040078298488294053 0.00030712834515919007 0.0008762074899693502
2.996 0.0004067225530925185 0.0003097733502453263 0.0009211348474480177
3.036 0.00039290381342783497 0.0003015426977111271 0.000877556664190915
3.076 0.0003973680445901186 0.00030258840627590795 0.0008801990245665584
3.116 0.0003958020394297509 0.00030213398605565044 0.0008951770371681097
3.156 0.0004071881268605976 0.0003107311082383808 0.0008964885375580148
3.196 0.00039770634926521034 0.00030238164984616435 0.0008780115550275122
3.236 0.0003987791063652904 0.0003055057220569502 0.0008895046463407653
3.276 0.00039148829153443185 0.0002968991959129573 0.0008784080201412675
3.316 0.00039178774136964357 0.00029860813301943944 0.0008755924108167879
3.356 0.00039634561119208814 0.0003005921752732764 0.0008682397560400886
3.396 0.000395622621701971 0.0003007886037034081 0.000887397100065982
3.436 0.00040077513858427825 0.00030576412878584113 0.0009050577510795015
3.476 0.00040086816643993006 0.0003043193998336164 0.0009005773753592297
3.516 0.00040779139842092045 0.0003111691901308341 0.0009139053999990456
3.556 0.0004043665578730317 0.0003092159086394615 0.0008876353463809841
3.596 0.00040624297708411643 0.00031027959792208424 0.00091067376828529
3.636 0.0003963627316144959 0.0003025848028993528 0.000916171627451445
3.676 0.0004111307321784317 0.00031557477953310994 0.0009144539762390991
3.716 0.00039480191207361544 0.00030174135691346467 0.000883958273568553
3.756 0.0003971756661191545 0.00030205708823011896 0.0008772651932938975
3.796 0.0004001731144253163 0.0003058628405579238 0.0008803186150345072
3.836 0.0003987921165351351 0.00030593151080359106 0.0008702067620278532
3.876 0.0004003191103411017 0.0003060907478099088 0.00090658891106341
3.916 0.0003946462758093637 0.0003006265148763607 0.0009057500837883761
3.956 0.00039655460854030704 0.0003026121117387549 0.0008925036050558465
3.996 0.0004055647739213145 0.0003105979701879313 0.0009303299471406141
