0.008 0.009914733178218768 0.007520415056802352 0.02138452600171716
0.018 0.013955455002427295 0.010609624894466776 0.02797876103554297
0.028 0.015118205335924955 0.011582733353489662 0.03181237484578043
0.038 0.015272250111634822 0.011683914872927447 0.037850259049227654
0.048 0.014754535284187192 0.011418679508679034 0.032153020818021086
0.058 0.015193749679566191 0.011711566414011313 0.030880092767258227
0.068 0.015068296923143834 0.011397727327557792 0.033674081000387754
0.078 0.015545816505542922 0.011808954495095605 0.03238224211247022
0.088 0.015068123903711591 0.011528072256730231 0.03376819176302741
0.098 0.01574820707442511 0.011965016285942714 0.03413904295745792
0.108 0.015289934264477579 0.011411865140563904 0.0333311913276359
0.118 0.015600158633522243 0.011834715220890224 0.032245210878443266
0.128 0.014436847212264759 0.01101037079792063 0.031826785290059965
0.138 0.014628352853598866 0.011190635806520044 0.03254301426695406
0.148 0.014871912609693788 0.011335744044603979 0.03205258407740526
0.158 0.014047376210424529 0.010666097957882849 0.02853014286162278
0.168 0.015056504012257907 0.011603035140506332 0.033761478059553304
0.178 0.01495350503381256 0.011510482511946085 0.0323581410076893
0.188 0.014188529113554055 0.010792605629510444 0.03279750196073487
0.198 0.014839172816609635 0.011351406305172873 0.03280818197737584
0.208 0.015334241108245269 0.011634375034818118 0.03106663980801575
0.218 0.015192245224040843 0.011861380936794301 0.03416287713862158
0.228 0.01541487858016857 0.011746951931437448 0.03214455853183007
0.238 0.015435499651719137 0.011926108759709154 0.03337937338028591
0.248 0.015036854975585202 0.011479746027423451 0.032987186459361335
0.258 0.014708300318818429 0.011168288213242792 0.032682976472345
0.268 0.014265426770027668 0.01079614456385394 0.029342358187921535
0.278 0.013993155977209838 0.010652491357412053 0.028634015089902987
0.288 0.015308763717085765 0.011647338341411994 0.03174973328266897
0.298 0.014273363680650922 0.010941951968015652 0.032159009830092275
0.308 0.014040561059887912 0.01067997990823689 0.03208015104839254
0.318 0.014340979612163398 0.011142417436378583 0.029987786800420357
0.328 0.014831509789736694 0.011001005360500957 0.03169535709341585
0.338 0.014048494142887438 0.01063871053531212 0.030480893718849655
0.348 0.014674045867417487 0.011041747582980484 0.03137093585204622
0.358 0.014625558710127728 0.011011759458740644 0.02981478056452519
0.368 0.01431694801527617 0.010770628889457774 0.030550666508536085
0.378 0.01444050051004333 0.01074003256334624 0.027670588614085084
0.388 0.014207525492152637 0.010787305704389037 0.031950679691554656
0.398 0.014238326294468057 0.010913934224492754 0.031311650944842055
0.408 0.015055269742112876 0.011275196391254252 0.032778184090442176
0.418 0.013997037391179976 0.010466396337861084 0.02875346693714733
0.428 0.013788077111574717 0.01038287838772212 0.030383172720422274
0.438 0.013605609446401292 0.01024112526465351 0.030549757102720426
0.448 0.01364334020794655 0.010323626484117467 0.02831224449041706
0.458 0.0129353029159721 0.009778024977015656 0.02678965225986172
0.468 0.01363358403071357 0.010497640879608795 0.030170707581360128
0.478 0.013713936776767766 0.01042964955848458 0.027908483522120574
0.488 0.01332315040384412 0.010084279011744746 0.027300766973683242
0.498 0.013632413676530685 0.01044805489455457 0.028807215056808572
0.508 0.014149270392797675 0.010868159326197155 0.03020200591645098
0.518 0.01265434867237208 0.009731429043476925 0.026969302019013885
0.528 0.013569012402316848 0.010382454592904237 0.030406088777783436
0.538 0.012535643844494205 0.009510942586665537 0.028888140658869438
0.548 0.013819836284225794 0.01041054319597333 0.02917703866494057
0.558 0.01309735830588819 0.009968968494501915 0.028310696857412776
0.568 0.012730095304797767 0.009567325582773966 0.027565792363718193
0.578 0.013258168817474037 0.00992414454692368 0.02795111056248954
0.588 0.012807932743767486 0.00972577417769329 0.02698504553798729
0.598 0.012215296012802548 0.009355930189297177 0.02579426263866182
0.608 0.013183063814091655 0.010004605227832487 0.028169433763330642
0.618 0.012075593088951562 0.00915151519657036 0.028388035548620665
0.628 0.012493631577294462 0.009554305268510435 0.02515891942584672
0.638 0.012629433020123839 0.009664448755950503 0.028241575806791718
0.648 0.012729913538115506 0.009647481833457167 0.027497828748079222
0.658 0.01208636125860776 0.009272561731172631 0.026109824573492545
0.668 0.012614417359247676 0.009553388814275579 0.026537155677189415
0.678 0.013267204452632204 0.01005280486848796 0.029337525292241474
0.688 0.012002311367114412 0.009090633664555528 0.023773043197420782
0.698 0.011411629006652685 0.008661357090804525 0.02498802808909045
0.708 0.012334668702893941 0.009415319954588108 0.025368021146401555
0.718 0.012028617797750269 0.009224834842683587 0.02653816543513874
0.728 0.011186012632293147 0.008466414022594973 0.023645883146464684
0.738 0.0112154426813835 0.008666753130728583 0.024680491482371995
0.748 0.011882463424763314 0.009014764103914344 0.02582953666553071
0.758 0.011476581741122566 0.008731505842618266 0.023949846542798817
0.768 0.01150131368212648 0.008729989724161457 0.027007839902286855
0.778 0.011061732190126334 0.008542734873192197 0.024532163629477445
0.788 0.011290812782699064 0.00858349197067297 0.0258839076263395
0.798 0.010901216322899475 0.008461986727898406 0.02332164855831536
0.808 0.011172787570942113 0.008569822191417251 0.02382565991826114
0.818 0.01122954528103851 0.008576317334563835 0.02401482658772005
0.828 0.011418387715868738 0.008752175910699498 0.0244736862525216
0.838 0.011918932917485768 0.00914794884100383 0.025100506329672718
0.848 0.010440703053926978 0.007910502249694506 0.02170534997662076
0.858 0.011051109746208253 0.00858351341241314 0.022236872795912542
0.868 0.010090801363585125 0.007688247835230098 0.022304761721001227
0.878 0.010578812210043372 0.00811693741068069 0.02241797119137137
0.888 0.010734175318546004 0.008000998929303631 0.022561829841436697
0.898 0.009952020101560335 0.007700649353601388 0.021880835504123695
0.908 0.011357816487018672 0.00867394247204053 0.022215014560729784
0.918 0.009538903430813418 0.007336605544088876 0.02151125988350865
0.928 0.010921055866853865 0.008365894889535664 0.02357600938466748
0.938 0.01010484819801417 0.007566359701325134 0.023119621084490918
0.948 0.009739771731505649 0.00725781524129329 0.02027860139426965
0.958 0.010294510651180522 0.007811318781651111 0.02272572249379497
0.968 0.009473212289798026 0.0071258352881649 0.01977736760228328
0.978 0.010303305397282603 0.008001292363974481 0.022043554678712496
0.988 0.009382801107376024 0.007150266618819526 0.0215627789071312
0.998 0.00947977281407018 0.007150367571653123 0.019892460891070194
