0.14 0.0014627674773238161 0.001108977965322281 0.0033203340452152203
0.19 0.001498638781611826 0.0011268376456973854 0.0033632755863166547
0.24 0.0014419609138273531 0.0010883265263794612 0.0029830115827638305
0.29 0.0014222735131800327 0.0010844458191335252 0.0031462041883995517
0.34 0.0014069362515184587 0.001066697123911922 0.0029404727271471723
0.39 0.0013546358003469062 0.0010290279213550704 0.0030427396369083295
0.44 0.0013286911987472872 0.0010137079908702044 0.003031112993113664
0.49 0.0013220964924703959 0.001012361319176594 0.0031178976859902994
0.54 0.00129689842618963 0.0009854973889255163 0.0028446597388440548
0.59 0.0012836011075855345 0.0009721917842809603 0.002803159905669916
0.64 0.0012919289373733323 0.00098521499064372 0.00285520131026691
0.69 0.0011528839773683173 0.0008779894747519303 0.0023922711591438735
0.74 0.0010907661726144127 0.0008453246924373847 0.00251749119770085
0.79 0.0011369159360077766 0.0008705063158433122 0.002544863538336005
0.84 0.0010120643752133088 0.0007622955114921571 0.0023675327513766656
0.89 0.001023190191659273 0.0007753659559485614 0.002483885825190353
0.94 0.0009440260836332861 0.0007212409271253701 0.0020714060025434832
0.99 0.0009701027812983891 0.0007393057824041959 0.0021630257151024684
1.04 0.000910116864553867 0.0007042180460743425 0.001966264809245119
1.09 0.0008369451609027822 0.0006377287336775089 0.0018816700476131341
1.14 0.0008070028428911332 0.0006099159345925308 0.0016948144000408457
1.19 0.0007624533430169537 0.000587199815896482 0.0016836155297928613
1.24 0.0007076433990380094 0.0005378171344057058 0.0015503121523284722
1.29 0.0006946405128699644 0.0005199588782409141 0.0015192631132348218
1.34 0.0006118604135964126 0.0004712670730944124 0.0015078182398169312
1.39 0.0005729314509260515 0.00043412406298076213 0.001237768626533208
1.44 0.0005489346101632674 0.0004218898450142408 0.001209296254348324
1.49 0.0005261178157505876 0.00039617626367672426 0.001189985642524941
1.54 0.00045822934001955976 0.0003536513827867699 0.0010973047780706833
1.59 0.0004299542481369646 0.0003335723998336117 0.000970765449430619
1.64 0.00039165961362183323 0.00029700941700353537 0.0009079424548306706
1.69 0.0003545237448033527 0.00027066726293358743 0.0007609689897947192
1.74 0.00033062851489615904 0.00025400066941457894 0.0006846847643632597
1.79 0.00030951244715477703 0.0002362468469193977 0.0006644686644212627
1.84 0.000257136058070099 0.00019655443789946044 0.0005432854518741468
1.89 0.0002220196906402649 0.00017030379968843197 0.00046304310361972945
1.94 0.00022298631449119448 0.00017155999705664862 0.000489342710735343
1.99 0.0001827008118758898 0.00014031331123831706 0.0004456879007631814
2.04 0.0001658680560574655 0.00012699973269361824 0.00036856669947182266
2.09 0.00014309527703879402 0.00010768923137930335 0.0002899766658982513
2.14 0.00011873645894644906 8.986402893303494e-05 0.00023701599031091943
2.19 0.00010348946166714882 7.927215378602868e-05 0.00023284969166593165
2.24 8.857474860853318e-05 6.77723736886181e-05 0.00020062294083469318
2.29 7.739627947020189e-05 5.8474437468240584e-05 0.00015674746231596654
2.34 5.67075745780463e-05 4.3321688885626184e-05 0.00012348330221693707
2.39 4.932577802319951e-05 3.772427934963253e-05 0.00010730677806212407
2.44 3.808166519659179e-05 2.9174454237163653e-05 8.621061493680255e-05
2.49 3.0512730027752146e-05 2.3286890071863598e-05 6.245293736230646e-05
2.54 2.490028430001818e-05 1.8940902656247333e-05 5.613196613605174e-05
2.59 1.8212958300236773e-05 1.3734095195635569e-05 3.8773749961726485e-05
2.64 1.342143447315607e-05 1.024964104018636e-05 3.0805197675211094e-05
2.69 9.845231045964927e-06 7.5179674259373315e-06 2.4228472653965113e-05
2.74 6.666967656605475e-06 5.0432653231932855e-06 1.4329547383382324e-05
2.79 4.507683095137153e-06 3.4349970983929403e-06 1.0088075763997148e-05
2.84 2.4438703728991125e-06 1.8542206936841523e-06 5.327944781116272e-06
2.89 1.2868064248166619e-06 9.673963091928507e-07 2.5950041080984856e-06
2.94 4.619585208903066e-07 3.414014642171393e-07 1.087654305667553e-06
2.99 1.2349134140314835e-07 9.058885765142385e-08 2.810956603679407e-07
3.04 8.337439987902598e-08 6.073369676034916e-08 2.3231714801455354e-07
3.09 3.1580785183369806e-07 2.3620584034279245e-07 7.369892196216407e-07
3.14 7.113371010479989e-07 5.374145001962508e-07 1.5526593218178458e-06
3.19 1.4128900303641603e-06 1.0726615615154063e-06 3.1781819696175654e-06
3.24 1.970947553599787e-06 1.5000198278956356e-06 4.297606478584866e-06
3.29 2.7131795656377807e-06 2.0625366345084902e-06 6.6921534575214785e-06
3.34 3.4738265223303305e-06 2.6287871665307195e-06 7.665093790009954e-06
3.39 4.224236277100551e-06 3.232357980610639e-06 9.381641066886449e-06
3.44 5.281520999013758e-06 3.9355359498693986e-06 1.0290985700991446e-05
3.49 5.554281428626432e-06 4.235073981695576e-06 1.1880463894809832e-05
3.54 6.33627615622632e-06 4.808625552115927e-06 1.3939267932765135e-05
3.59 6.569498093351804e-06 4.960958502895725e-06 1.432771135452747e-05
3.64 7.263966294945165e-06 5.537774697344448e-06 1.6557086330356683e-05
3.69 7.4669974624474224e-06 5.714405688220968e-06 1.6656664805416278e-05
3.74 7.615344048340347e-06 5.81198175694845e-06 1.7427483925975292e-05
3.79 7.684280368325195e-06 5.917848460448998e-06 1.6334486952312542e-05
3.84 7.407223404765065e-06 5.666210630094198e-06 1.656055091117365e-05
3.89 7.686488359074946e-06 5.757748615478317e-06 1.6404172893036307e-05
3.94 7.128815977886742e-06 5.51919639863708e-06 1.59354933885649e-05
3.99 7.254346133612047e-06 5.4679669416986415e-06 1.573607475550886e-05
4.04 6.276360167033647e-06 4.732566569365354e-06 1.3482427558408284e-05
4.09 5.953945313724039e-06 4.588464645453647e-06 1.303199839141641e-05
4.14 5.595050467121437e-06 4.252410196578265e-06 1.2224927478824004e-05
4.19 5.493377762550988e-06 4.167455977796567e-06 1.1853459755420454e-05
4.24 4.801521857837919e-06 3.643485951622434e-06 9.768765641764875e-06
4.29 4.150936206921698e-06 3.1123745185233975e-06 9.317540054571087e-06
4.34 3.6533618749807363e-06 2.771113635564898e-06 8.223880125190715e-06
4.39 3.306592076738934e-06 2.4953193222383183e-06 7.1052444773263114e-06
4.44 2.6869206183887836e-06 2.0256078779391823e-06 5.721610059009959e-06
4.49 2.233859825046007e-06 1.711296333027301e-06 4.759294709989243e-06
4.54 1.8484800107527193e-06 1.4307061877200473e-06 4.1975684254133745e-06
4.59 1.4903242018061166e-06 1.1404115173641463e-06 3.4495247281231206e-06
4.64 1.1551363550218196e-06 8.673342599478375e-07 2.4723961864255372e-06
4.69 8.744464209268098e-07 6.663289257598744e-07 1.937980377554512e-06
4.74 6.029257355524983e-07 4.538731322561782e-07 1.2736339414785327e-06
4.79 3.838459401333112e-07 2.921410591508456e-07 8.269034873742042e-07
4.84 2.492075837973309e-07 1.9086582752402995e-07 6.134161520996083e-07
4.89 1.3668732129340947e-07 1.0443890396920519e-07 3.0534095944761005e-07
4.94 5.2536642240530034e-08 3.939265422596934e-08 1.2535859078335317e-07
4.99 1.320844846659357e-08 9.78945997370101e-09 3.247899695960598e-08
5.04 8.750588379591915e-09 6.366008263441584e-09 2.1140496575464217e-08
5.09 3.3862435940330416e-08 2.5063917787076857e-08 7.664107468278747e-08
