0.14 0.0005328807909145417 0.00040373078801454846 0.0012823767346941376
0.19 0.0005335238059050699 0.0003997482931752899 0.0011901329729573126
0.24 0.0005449625049710868 0.0004181771009378327 0.0012562048632425095
0.29 0.0005161880458032266 0.00039471754801647687 0.0011451995865436
0.34 0.0005509372854618418 0.0004214464626580031 0.001190606952588544
0.39 0.0005209849642278971 0.00039588196017268415 0.0011486617813146916
0.44 0.0005259562089078545 0.0003993994819063534 0.0012316616794844706
0.49 0.0005635759831512315 0.00042634220641221384 0.0012092097513001132
0.54 0.0005653259453127534 0.0004295043363154938 0.001295451681467235
0.59 0.0005214095732740344 0.00040525950092534677 0.001100978364623282
0.64 0.0005434334451574058 0.00041742716058253485 0.001212026894614315
0.69 0.0005044384145676029 0.0003850370714539117 0.001187678786305209
0.74 0.0005170382830030674 0.0003917050442552852 0.0010874775968090702
0.79 0.00053134823418962 0.00040107189543256704 0.0012056181124589737
0.84 0.0005548580469961952 0.0004140343042008273 0.001216360348760296
0.89 0.0004953055859900647 0.0003790593836864592 0.0010918412932927237
0.94 0.00048062611428933597 0.0003645486218383342 0.0010307867931934383
0.99 0.0004748245537375522 0.00036227699699066453 0.0010952989880535472
1.04 0.0005115912060699793 0.0003924088788867513 0.001094952040470823
1.09 0.0004905956302640594 0.00037562902656177333 0.0011158774662780593
1.14 0.0004805878145811604 0.00036567344763063596 0.001018363834085447
1.19 0.00044845289266511013 0.0003392399085468396 0.000951214959678592
1.24 0.00046677698834794246 0.0003605771356663547 0.001095359954114603
1.29 0.0004645726535816569 0.0003493323353837814 0.0009880696412146166
1.34 0.000476755266125529 0.0003622441414917033 0.0010452178060830202
1.39 0.0004476565098505118 0.00034153230243763843 0.0009630233912169787
1.44 0.00047117181585529217 0.00035714099586371293 0.0010546818626378115
1.49 0.0004482080743009316 0.0003403022070579622 0.0010089557580388803
1.54 0.0004501908165093397 0.0003410978497378891 0.0009825857911499466
1.59 0.000455519898116071 0.00034682360267148293 0.0009532218863783165
1.64 0.0004409397793274933 0.00033340710042337895 0.0009029760276314917
1.69 0.00044216628667819395 0.00033957523779014635 0.0009693150422586217
1.74 0.0004314889088244715 0.00032764047749407464 0.0009228279225938659
1.79 0.00044388601284873564 0.0003382424751658023 0.001057872085153057
1.84 0.0003999845828644924 0.00030564835431860755 0.0009412060172625822
1.89 0.0003910736057286363 0.00030190559423486183 0.0008483179198905111
1.94 0.00040028152843310966 0.00030967011750028214 0.0009607238496540837
1.99 0.0004197826091697483 0.0003177942647878139 0.0009290683695443935
2.04 0.0004095637963297173 0.00031399429071959033 0.0009786549315106469
2.09 0.000423910289610686 0.00032904498460437385 0.0009935453241062815
2.14 0.00038956073748664413 0.0002944644867625023 0.0008921291023079143
2.19 0.0003963649559746526 0.0003020891330610527 0.0008276258147558652
2.24 0.000389731800740971 0.00029470208539435694 0.0008468902522172101
2.29 0.00039473692450352215 0.00030226143604540623 0.0008429197883490188
2.34 0.00040572231698754924 0.00031021298490838193 0.0008555491478459167
2.39 0.0004351347724561515 0.00033340369287306656 0.0010086893895326784
2.44 0.0004047987816914382 0.0003089722334548168 0.0008908207836492498
2.49 0.00041425038584025917 0.0003183955432540571 0.0009446296243287233
2.54 0.0003809774095869376 0.00029184793764517545 0.0009143815000403994
2.59 0.00040394517306586303 0.00030658093919678565 0.000877101476709706
2.64 0.00040598672478971186 0.00030806658371387467 0.0008745672505784914
2.69 0.00039347792303312935 0.0003010848392588497 0.0008953406719013464
2.74 0.00040897507719055463 0.00031309397320769615 0.0008810401489426738
2.79 0.0004019744339893147 0.0003066250217668446 0.0009391240544025043
2.84 0.00038047212563861743 0.0002909713406476353 0.0008091415614537289
2.89 0.00038156033121233363 0.0002896421956519118 0.0008108984848651422
2.94 0.00040101409912023767 0.00030032010130086263 0.0009188468916773203
2.99 0.00039744482176463025 0.00030363629663561075 0.0009206128742542096
3.04 0.0004110438076472451 0.0003123616829609524 0.000884668986750466
3.09 0.0003736551465802568 0.0002814672360759832 0.0008388686882867247
3.14 0.00039979577070389766 0.00030373187301680876 0.0008359638105875191
3.19 0.00038031809432178003 0.0002899886355931372 0.0008633075715266268
3.24 0.0003865199705940744 0.00029651748101486563 0.0008639840965366463
3.29 0.00040406456701868297 0.00030832197077558965 0.0008938971357482582
3.34 0.0004116069212601091 0.0003131244855198269 0.0008902271196225625
3.39 0.00041718979685871117 0.00031704472415053993 0.0009767985235123334
3.44 0.0003916096977430032 0.0002975970269030822 0.000915574776415179
3.49 0.00042574335147049726 0.00032266113532654497 0.0009007751826822206
3.54 0.0004070189412439893 0.00030834881117913033 0.0009175831564222067
3.59 0.00041940504582886124 0.00032021619984697427 0.0009245406522669488
3.64 0.0004055645939803821 0.0003074206296480168 0.0009189782861055197
3.69 0.00040997936249259495 0.0003148861713627019 0.001001756362973957
3.74 0.00040065723279335866 0.0003075373095951462 0.0009303674366986953
3.79 0.000389974706162802 0.00028841068166084394 0.0008308962369840495
3.84 0.0003857266406547918 0.00029691292792885916 0.0008782615001913794
3.89 0.0003874066700127531 0.0002943808845234832 0.0009018355425828857
3.94 0.0003833290303461095 0.00029378924595302073 0.0008944803392548536
3.99 0.0003885227091149176 0.0002966341226858271 0.0008633600735015535
4.04 0.00039168475168060773 0.00029479457416528685 0.0009338104546801421
4.09 0.0004148811884986419 0.00032081567477573037 0.000856417692601508
4.14 0.0004442635451533867 0.0003365865338537394 0.000993117099600786
4.19 0.0003960620642934461 0.00029751675023068156 0.000911763319714465
4.24 0.00037577514066280824 0.00028505814831564967 0.0008122412476817125
4.29 0.0004114416228785396 0.00031328856811955726 0.0009149219820034674
4.34 0.0003872255633074552 0.000298842443555701 0.0009373878874454741
4.39 0.00041089949572608653 0.00031321341735940963 0.000920885447841608
4.44 0.00039224355426405644 0.00029884266371025826 0.0008199106529318514
4.49 0.0004048712986669369 0.0003083849878822756 0.0009343670273929277
4.54 0.0004004954804471232 0.00030368139846288756 0.000885147372464181
4.59 0.00041093299141541854 0.00031227758620338094 0.0009058696731961566
4.64 0.0004054960806914776 0.00030985974985765476 0.0008379553727440008
4.69 0.00040573941247190745 0.0003095440503031895 0.0008925837911901621
4.74 0.00039630021937607073 0.0003012609300079113 0.0009807077454411259
4.79 0.0004261745190765304 0.0003270867432447616 0.0009543065610969233
4.84 0.00039743494394918423 0.0003007737709284712 0.0008471018662928726
4.89 0.0003849556780883231 0.00029131438882934127 0.0009052347237276014
4.94 0.00039862175943501595 0.00030402736890029357 0.0008821236847258624
4.99 0.00039061793012656876 0.0002996984888358135 0.0009115991235916641
5.04 0.0004142779779507359 0.0003158673654142176 0.0008911637730058344
5.09 0.0004043970891909121 0.0003048888304562605 0.0008576227679429832
