0.1016 0.0014684761026134779 0.00112988038653224 0.003025197760909451
0.1036 0.0015204366209729376 0.0011705477904843911 0.003390323821173253
0.1056 0.0015618217938361124 0.0011921773056244214 0.0032872744634475245
0.1076 0.0015643993912166584 0.0011746889090413863 0.0032648827989134044
0.1096 0.0015608406041377858 0.0011641790294039918 0.0029424991182095787
0.1116 0.0015049502045494203 0.0011406414538156465 0.0032388321156238435
0.1136 0.0015394085265455198 0.0011788106372117965 0.0035402787201355237
0.1156 0.0016790224930978738 0.00125190276823499 0.0036611235477551447
0.1176 0.001356078185597748 0.0010314584009990123 0.0031293937348196446
0.1196 0.0014014803634235184 0.0010726567290677 0.003353390701515767
0.1216 0.0016016725255504935 0.0012443222522057003 0.0035489195408407634
0.1236 0.001575149853119127 0.0012006413138047234 0.0032970615081267087
0.1256 0.001542390704579909 0.0011882889071469546 0.0035130239876550702
0.1276 0.0015198817802179263 0.0011552441784056047 0.0035889331079937623
0.1296 0.001429704168932381 0.001080549788347623 0.003096086609979908
0.1316 0.001582748512941709 0.0012094894870029096 0.0034805582124292126
0.1336 0.0015496283358010735 0.0011715701916961846 0.0032631372771440353
0.1356 0.0014298547778359475 0.0011049422679519185 0.0031034106644330928
0.1376 0.0014538396858804795 0.0011144614592597198 0.003395813616773115
0.1396 0.0014965450085906913 0.0011510380062585506 0.003407375998905155
0.1416 0.0014124510843325036 0.001076911777829716 0.003191043439692625
0.1436 0.0015561067256569764 0.0011976291541997961 0.0035077598729436102
0.1456 0.0015093136712472067 0.001143809011543117 0.0030850800881286923
0.1476 0.0014761574223228148 0.001154306831260756 0.0031654196319158925
0.1496 0.0014956318218920467 0.0011519397342366427 0.0032308025649847396
0.1516 0.0014743142259357608 0.001120912825291687 0.003399990872898503
0.1536 0.0015237287192432156 0.0011570914807260023 0.0034566042186555427
0.1556 0.0014955751887832137 0.0011484173451448351 0.0033689644237655733
0.1576 0.0014939717921514612 0.0011294361334640605 0.003130250834101007
0.1596 0.0014044905946817504 0.0010686110054293114 0.003230385870719353
0.1616 0.0014272155172472694 0.0010938457146515747 0.0031519522178279345
0.1636 0.0014797974400277752 0.0011423010345149487 0.003360147562637516
0.1656 0.001493645947306946 0.0011205629944064767 0.0032161903246387515
0.1676 0.001452956261004483 0.0010975522489861725 0.003209348620576459
0.1696 0.00151247464528245 0.0011671328879589182 0.0033302695940810104
0.1716 0.0015114715515234588 0.0011203499424847115 0.003320895898446
0.1736 0.001357086814763779 0.0010371841438655215 0.002797170606126255
0.1756 0.0014603258561392662 0.0010973195595058481 0.0029710311299070333
0.1776 0.0015596916711378753 0.0011893396178567536 0.003170960732625907
0.1796 0.001523419398169424 0.0011625488110373057 0.0033686168491648184
0.1816 0.0013759019031466522 0.0010354604393412344 0.0029381393139746017
0.1836 0.0014447941225600302 0.001105430497986105 0.0032135655634203467
0.1856 0.0013639009475080815 0.0010267246890922274 0.0029256429249727494
0.1876 0.0015471898522587523 0.0011863385394340824 0.003357908967272785
0.1896 0.0015020591086570504 0.0011493409791574177 0.0033546627145206237
0.1916 0.0014680173760552103 0.0011009324575688823 0.0032697507321190673
0.1936 0.0014679576380748414 0.0011158046338678046 0.00349787441967537
0.1956 0.0014929972908329016 0.0011316416296835413 0.0031700955655347093
0.1976 0.001459377288256885 0.0011310059359322892 0.0033406998815738013
0.1996 0.0014033938813893614 0.0010784111873411626 0.0031136060241024064
0.2016 0.0014423299451271673 0.0011030777446495586 0.0030633389101491658
0.2036 0.0014610504508483523 0.0011018298024397734 0.003210829268412396
0.2056 0.0014184143873134842 0.001095523457617512 0.0029516309486382706
0.2076 0.0015221556646163332 0.0011566933065134198 0.0031165768456265642
0.2096 0.0013732582190493683 0.0010637915792061309 0.0030310778258278766
0.2116 0.001510137257983431 0.0011428817714595305 0.0033969748290391955
0.2136 0.0014966855820771649 0.0011229626539244174 0.003361538900805853
0.2156 0.0014660952366769154 0.0011148383534485494 0.003221631776870372
0.2176 0.001379453135209967 0.0010546549767257388 0.002936117029627363
0.2196 0.0014441198800095266 0.0010851082568272168 0.0029842040319518056
0.2216 0.0014258319021709942 0.001087957891442028 0.0030658201393174308
0.2236 0.0014721476225255054 0.0011201207976128745 0.0032326094953567105
0.2256 0.0013905853981720328 0.0010647666000380778 0.003161811080874791
0.2276 0.0013117446951000926 0.0009838891217087066 0.0027931316049237776
0.2296 0.0015196267314399 0.0011536125942708023 0.0032201935973281077
0.2316 0.0014717377455219067 0.0011346943886505413 0.0032749008091606593
0.2336 0.0015078512964425974 0.001158558080412187 0.0034239211972919765
0.2356 0.0013588013121818491 0.0010224269468423106 0.002924043015076657
0.2376 0.0014499616056889437 0.0011105538665627406 0.003132897567198283
0.2396 0.0014654268432311315 0.001092283195727889 0.002871248102846675
0.2416 0.001433412601871455 0.0010836521644356206 0.0031873282043345754
0.2436 0.0015384183869363078 0.0011800974240946892 0.003539934104211718
0.2456 0.001522698257431 0.001176300275649328 0.00334808672658691
0.2476 0.0015503080880364384 0.001175555242758065 0.0033571726927006827
0.2496 0.0014319302728594914 0.0010864344802489897 0.0030873730549402303
0.2516 0.0015083385989967534 0.0011564047908961493 0.003282768126177648
0.2536 0.0014178091359804904 0.0010786754677220521 0.0033462153723199913
0.2556 0.00146263107123979 0.0010995958663881404 0.0030659752827804773
0.2576 0.0015008091278134689 0.0011368281275537392 0.0031795314373884173
0.2596 0.001558352678603349 0.001172185326182068 0.003324863731232891
0.2616 0.0014637456284317173 0.0011197632944339201 0.003137625244426563
0.2636 0.0015790036013039455 0.0011799452743934092 0.003571938642595468
0.2656 0.0014120239055073578 0.0010694827046631341 0.0032270757264756303
0.2676 0.0014459713515690626 0.0011166984378654793 0.003167340902477523
0.2696 0.0014582451200066532 0.0011180137073429016 0.003300616197477921
0.2716 0.0013860281822480319 0.0010650229048043652 0.003023788229772865
0.2736 0.0014098812822169124 0.0010756290126819378 0.0029334979558561657
0.2756 0.0014271642576498234 0.0010799083779111803 0.003086848716983265
0.2776 0.0014068420521534967 0.0010757833287415419 0.0030394652958985304
0.2796 0.001483269459769821 0.0011272149991102213 0.003332080634022746
0.2816 0.00142891676569741 0.0010809564156174893 0.0032203776332888332
0.2836 0.0014805705131690854 0.00111419417783203 0.0031140212948231262
0.2856 0.0014236524201434958 0.0010813176345150371 0.00313504775017255
0.2876 0.0014223310518353567 0.001070336288738841 0.0031245734385440304
0.2896 0.0014289054919549929 0.0010880773993007398 0.0029750846942998913
0.2916 0.0014201648503968489 0.0010818277418114491 0.003269896268672832
0.2936 0.0014360554947698801 0.0011019090755864207 0.003183505703584194
0.2956 0.0014691688072965118 0.001126966265756036 0.003172022632762727
0.2976 0.001437515499051447 0.0010840157741414482 0.003131970813169556
0.2996 0.0014556021395609414 0.001108678725978105 0.003408076358392316
