0.108 0.0018460771418919164 0.001384312054802065 0.004197184237769809
0.118 0.0018369370790180307 0.0013819420651611399 0.004321233304833918
0.128 0.0019159883688196293 0.0014561151492834615 0.0040640290398924975
0.138 0.0018322881974165053 0.001394986065455783 0.004241226221972916
0.148 0.0018537604860768661 0.001398274419688353 0.004076146450165503
0.158 0.0019270862184173547 0.0014708018956646255 0.004139404388860872
0.168 0.0018898596932956902 0.0014346737438419303 0.004044494977312406
0.178 0.001971087204069111 0.0014833420853870662 0.004162253533152299
0.188 0.0019126164774131843 0.001465937387784067 0.004184863192388157
0.198 0.0018714348057050335 0.0013946274639279447 0.004202484406799973
0.208 0.0018824981509641993 0.0014128818738197262 0.004066525577279914
0.218 0.0017691111621525063 0.0013484162077697758 0.004006986990907828
0.228 0.001805285758216871 0.00136859922315184 0.004029887632642347
0.238 0.001879552871948174 0.0014424581974716783 0.0043867812232537915
0.248 0.0018667949066226218 0.0014087144327629168 0.004036917273161793
0.258 0.001865226970701505 0.0013978439149724474 0.004068416404843995
0.268 0.001768480245234109 0.0013666866556176873 0.0038612060517838253
0.278 0.0019746429393660975 0.0015016345603973051 0.0043038746899099565
0.288 0.0018716444256845703 0.0014267175622485306 0.003893464683922216
0.298 0.0018270127858544185 0.0013919194375557604 0.003982827465700975
0.308 0.0018372038450734872 0.0014185059121833428 0.004025263280376529
0.318 0.0017310483130956844 0.0013227617086619735 0.003958785705943569
0.328 0.001846325546360632 0.0013856649443049099 0.0038580208838668523
0.338 0.0018524408640510676 0.0014071022999763265 0.003743400257690479
0.348 0.001743356615843955 0.0013182538086367016 0.0038385572642559034
0.358 0.0017789488723788521 0.0013587060631998673 0.003958435232850754
0.368 0.0018728645889216442 0.0014170790991629122 0.003934198913978403
0.378 0.0017969900656898904 0.0013662435431621826 0.0039840505348828995
0.388 0.0017737264382084196 0.001337327296147123 0.003715470682473916
0.398 0.0018612156234066267 0.001412243790662337 0.004026794866979036
0.408 0.001862206322262702 0.001400014813639759 0.004204914210220517
0.418 0.0018769081953108901 0.0014595086782332035 0.004037245987535034
0.428 0.001891125511554522 0.0014464390076707055 0.004063187585827675
0.438 0.001792245775301575 0.001371091026337599 0.003941279629771885
0.448 0.0017049864055325252 0.0012927554736002385 0.0034605685409108376
0.458 0.0016765364492159287 0.0012849582420850498 0.003899024174993466
0.468 0.0017557347892191307 0.0013222014196077518 0.004162933315632134
0.478 0.0017948780020557269 0.0013576912781979387 0.004015501168895671
0.488 0.001735660310703034 0.0013124136766988399 0.0040234834829367015
0.498 0.0017744514028988415 0.001355250267320705 0.0038864819818923866
0.508 0.001805280906007508 0.00140090590747599 0.003950456878809248
0.518 0.0016752336458810782 0.0012854946813778678 0.003704100992685201
0.528 0.0016586194099172454 0.0012636292447691774 0.003538268365165578
0.538 0.001724060874372892 0.0012827849159085121 0.003215708801067303
0.548 0.0017814479112388468 0.0013515573474001453 0.004179477469490771
0.558 0.0017176481920843385 0.0013060309346190862 0.0038897935484895536
0.568 0.0017135784544243845 0.001327388186057946 0.003980591956339061
0.578 0.0016308689182973502 0.001234080529812024 0.0037239471289961324
0.588 0.0017328958310386625 0.001317851782474795 0.003484090097925209
0.598 0.0016127581451669045 0.0012329488130703972 0.0036394034306349568
0.608 0.001720346448969279 0.0013200431512448059 0.0040233876272306734
0.618 0.0016213595925525545 0.0012389841566009352 0.0034706228300467783
0.628 0.001647783468588617 0.001238513473077163 0.0032502845462405996
0.638 0.0016163024675869553 0.001232869845233356 0.0034168296325576726
0.648 0.0016023469855155916 0.0012169898622537067 0.0035765770676673713
0.658 0.0015788620191331802 0.0012083629714240893 0.004150545774022422
0.668 0.001607032909975583 0.0012437572525792018 0.003861381695268482
0.678 0.001526114023174758 0.001167630259375147 0.0033254890431426813
0.688 0.0017138775552477032 0.001307861290352917 0.00357402819123276
0.698 0.0015410501988933302 0.0011774561058779428 0.0034089265861252825
0.708 0.001547089691528564 0.0011688305289499692 0.003295516627222927
0.718 0.0017525370028021747 0.001342315286826527 0.00370139622990706
0.728 0.001619856692730953 0.0012380441470159174 0.003585837661051673
0.738 0.001524743490467879 0.0011710297420348653 0.0031667529531783215
0.748 0.0014730101355459157 0.0011050356505780666 0.0031482496902558526
0.758 0.001574418071005597 0.0011938898283715468 0.0033065793464715637
0.768 0.0015828742010262121 0.0011881517595775312 0.0034776627784133297
0.778 0.0014503660877884519 0.001101761540412301 0.003328195345226377
0.788 0.0014527556915886843 0.0011258657792935437 0.003297994212541544
0.798 0.0014691315615880441 0.0011427257552347075 0.0032386757362284566
0.808 0.0014921683505560342 0.0011402379269603174 0.0033329007191768047
0.818 0.0016157400625131687 0.0012388915979898965 0.003830520481534589
0.828 0.0015279521731391538 0.0011725352270748198 0.00336927414649126
0.838 0.0014868728063164578 0.0011267749918669645 0.0032533256379636707
0.848 0.0013857280060168482 0.0010566309432330358 0.0028097119798797658
0.858 0.0013500642807973266 0.0010292260781768667 0.003186801095126044
0.868 0.0014212149306624382 0.0010832297923583718 0.002992457756712413
0.878 0.0014852466635464758 0.0011491102610352315 0.003442491620858191
0.888 0.0014804739995801681 0.0011110755804290978 0.003411811590560318
0.898 0.0013751021173689986 0.0010538483221078788 0.0032416962339308344
0.908 0.0014416534605304174 0.0010925758832306504 0.0031395585518241946
0.918 0.0013211899218458615 0.0010012156492073252 0.0027941558320978546
0.928 0.0014013995746468373 0.0010809426858831566 0.0032806495306883904
0.938 0.0013724771656641738 0.0010504125870433915 0.0032254377401403486
0.948 0.0013720458544487042 0.001055929727835339 0.0032340201683088857
0.958 0.0014308339599647076 0.001088639950697479 0.003195271567096819
0.968 0.001311961624897618 0.0009994414801873354 0.0028271721141300697
0.978 0.0013869944265308127 0.0010632549736763561 0.002874097570648198
0.988 0.0012821234291806004 0.0009767238168753428 0.0026390531043925104
0.998 0.0014085668998477026 0.0010699994686490747 0.0030845332281491137
1.008 0.0013849875443811936 0.0010603171882375918 0.0027318942018972796
1.018 0.001294867478128711 0.0009940491434494757 0.003116823944156025
1.028 0.001279764937141432 0.00097068510202428 0.0027242436126639325
1.038 0.001287067233806351 0.0009753845771918897 0.002802459160515539
1.048 0.0012953225188832723 0.0010058664497770349 0.002987605425370576
1.058 0.0012427007437498076 0.0009485158765918583 0.0027049428513569356
1.068 0.0012792555129230285 0.0009777357787864025 0.002890532112806852
1.078 0.0012773678602898302 0.000985974575535288 0.0025998704328520517
1.088 0.0013062094205720752 0.0009893986462631641 0.0026421368545950577
1.098 0.0012292288066058509 0.0009378646442416823 0.002690088278923524
