0.08775 6.473275700675523e-08
0.102375 1.2979724168472138e-07
0.117 1.922488538393375e-07
0.131625 4.194933620230745e-07
0.14625 6.188766798142803e-07
0.160875 8.823432307901796e-07
0.1755 1.3738130288178208e-06
0.190125 1.3927705992475018e-06
0.20475 2.1510762204423098e-06
0.219375 3.484303224506489e-06
0.234 3.90615178408729e-06
0.248625 4.743672198103352e-06
0.26325 5.5595036912853136e-06
0.277875 6.503438209593882e-06
0.2925 8.628115039036544e-06
0.307125 1.0580931224559516e-05
0.32175 1.0641159242564354e-05
0.336375 1.4209036492212136e-05
0.351 1.7196005732087425e-05
0.365625 2.2944299424780806e-05
0.38025 2.4467641541073647e-05
0.394875 3.225018575462097e-05
0.4095 3.456347338681454e-05
0.424125 4.525479444120389e-05
0.43875 3.690809539567906e-05
0.453375 3.719974741717466e-05
0.468 4.015381403926084e-05
0.482625 5.791657626104899e-05
0.49725 4.769216452056629e-05
0.511875 5.8712996864244387e-05
0.5265 7.689230959906814e-05
0.541125 7.61845730244744e-05
0.55575 0.00010244626931243452
0.570375 6.615913786352364e-05
0.585 0.0001162058187229564
0.599625 0.00011798377070415453
0.61425 0.00012636639886826287
0.628875 0.0001127752445977271
0.6435 0.00013760598101403065
0.658125 0.00012607366313199174
0.67275 0.00015628281164865282
0.687375 0.0001830502858774672
0.702 0.0001992827676354385
0.716625 0.00018834142219579847
0.73125 0.00016042743993390036
0.745875 0.00023448146071475186
0.7605 0.00019441263834938356
0.775125 0.0002089014538892741
0.78975 0.00019947510941328294
0.804375 0.000247299318479949
0.819 0.00024655322147120487
0.833625 0.00024096252860229375
0.84825 0.0002479207374790503
0.862875 0.00024281547939750085
0.8775 0.00027383849223921607
0.892125 0.00030545130727531336
0.90675 0.0003399801849588277
0.921375 0.0003763410436192477
0.936 0.00030341077846791556
0.950625 0.0003314304168083992
0.96525 0.0002967920804760094
0.979875 0.00032312177811329444
0.9945 0.0003694823656980124
1.009125 0.00040989051739875307
1.02375 0.0004235725502087482
1.038375 0.00044847388230677664
1.053 0.0003753596492019619
1.067625 0.00034363306269619246
1.08225 0.0003595546699452061
1.096875 0.00040432187843821363
1.1115 0.00032779723471669303
1.126125 0.00032695772867754035
1.14075 0.00031172204146047157
1.155375 0.000303856345046008
1.17 0.0004376953058480776
1.184625 0.00036038214703428163
1.19925 0.0003549147592086701
1.213875 0.0003312432701480449
1.2285 0.0003552082999485251
1.243125 0.00041863641665630663
1.25775 0.0004039766634503347
1.272375 0.0003027314109418972
1.287 0.0003499634149530121
1.301625 0.0003132284063482316
1.31625 0.0003330360185112915
1.330875 0.00026713082889181415
1.3455 0.00034491700234257896
1.360125 0.000312135744443907
1.37475 0.0002398653964884065
1.389375 0.0002781699028150128
1.404 0.00028721871714480583
1.418625 0.00032483985908021983
1.43325 0.0003026159095506109
1.447875 0.0002573622359871949
1.4625 0.00023274421616409924
1.477125 0.00026760849407641993
1.49175 0.00023943402030369575
1.506375 0.00021484209472532687
1.521 0.00018165996998451795
1.535625 0.0001583633268153413
