0.08775 1.079766219615522e-06
0.102375 1.475218985495997e-06
0.117 1.8373377315712243e-06
0.131625 2.176860404840311e-06
0.14625 2.858657876980563e-06
0.160875 3.917543003290651e-06
0.1755 4.218247577165674e-06
0.190125 4.867005824569233e-06
0.20475 6.012860771628625e-06
0.219375 6.771112763308315e-06
0.234 6.5328256403312816e-06
0.248625 7.987668642577307e-06
0.26325 8.998987943578385e-06
0.277875 1.0784230211086556e-05
0.2925 1.164880273369305e-05
0.307125 1.1492986152828064e-05
0.32175 1.4766663274830984e-05
0.336375 1.4671856668841822e-05
0.351 1.7746765009803087e-05
0.365625 1.6988825104166937e-05
0.38025 2.1451584790975388e-05
0.394875 2.1156639581203048e-05
0.4095 2.2855231284374804e-05
0.424125 2.543747835471267e-05
0.43875 2.4534551309878117e-05
0.453375 2.6745292866844422e-05
0.468 2.9814932275805375e-05
0.482625 3.187671488461331e-05
0.49725 3.037109080787545e-05
0.511875 3.44942262259113e-05
0.5265 3.1625799703591165e-05
0.541125 3.432547868880802e-05
0.55575 3.663259903102019e-05
0.570375 3.618902324838663e-05
0.585 3.4825818061988884e-05
0.599625 4.655803740229182e-05
0.61425 4.886559124117988e-05
0.628875 4.347794908633964e-05
0.6435 5.273665324734518e-05
0.658125 5.283526540789761e-05
0.67275 5.289275736665701e-05
0.687375 5.2131667821796594e-05
0.702 5.1541069123994824e-05
0.716625 5.5478837744085325e-05
0.73125 5.756422963756865e-05
0.745875 5.191714774725755e-05
0.7605 6.0184818607438636e-05
0.775125 6.122589448283544e-05
0.78975 6.385992759516686e-05
0.804375 7.03203396009277e-05
0.819 6.842031640369732e-05
0.833625 7.010342865581153e-05
0.84825 6.65446239979613e-05
0.862875 7.024506471707252e-05
0.8775 8.218308987259992e-05
0.892125 7.971916579412172e-05
0.90675 7.057092183201121e-05
0.921375 7.063432488896454e-05
0.936 8.612770293703956e-05
0.950625 8.759013599914323e-05
0.96525 8.157304884013718e-05
0.979875 8.610228460460336e-05
0.9945 8.965346972728108e-05
1.009125 8.09813059347853e-05
1.02375 9.105716698679171e-05
1.038375 9.543121723548976e-05
1.053 8.709747072529668e-05
1.067625 8.950404907179985e-05
1.08225 9.210460682197213e-05
1.096875 9.226021968930731e-05
1.1115 9.750380304744971e-05
1.126125 0.00010255484926161834
1.14075 0.00010208894024397697
1.155375 0.00011181322479058993
1.17 9.605346736588241e-05
1.184625 9.904363359210098e-05
1.19925 9.432235207520002e-05
1.213875 0.00011539902909546727
1.2285 9.608305861762134e-05
1.243125 0.00010377643331223688
1.25775 0.00012014496366853208
1.272375 0.0001059206816744838
1.287 9.793218687187896e-05
1.301625 0.00010812806533064437
1.31625 0.00010894323857779842
1.330875 9.911615417900149e-05
1.3455 0.0001064504692905005
1.360125 9.947852075315812e-05
1.37475 0.00010891432885863554
1.389375 0.00010843306373078243
1.404 0.00010246063361300658
1.418625 0.00010637483263174039
1.43325 0.00010790049583496728
1.447875 0.00010529213345926008
1.4625 9.067374877580565e-05
1.477125 0.00011201338779439765
1.49175 9.787129698437517e-05
1.506375 0.00010424985264524015
1.521 9.576963717802826e-05
1.535625 0.00010968413212413042
