δ=1999.9999999999998
ΩR=0.9999391999999999
Ωprime=0.9999391999999999
12566370614.35917
280984046.9370711
280984046.9370711
5.000304018484324e-07
nl is 117
0
0.0292517785081333
6.731212412944473e-05
4.452808039507425e-05
1
0.0585035570162666
6.741958651753805e-05
4.452808039507425e-05
2
0.0877553355243999
6.734568493949511e-05
4.4528080395074256e-05
3
0.1170071140325332
6.732779494596591e-05
4.452808039507425e-05
4
0.14625889254066649
6.719448427981248e-05
4.452808039507425e-05
5
0.1755106710487998
6.736845834421464e-05
4.4528080395074256e-05
6
0.2047624495569331
6.770657431537654e-05
4.452808039507425e-05
7
0.2340142280650664
6.728630802061565e-05
4.452808039507425e-05
8
0.2632660065731997
6.716368527550016e-05
4.452808039507424e-05
9
0.29251778508133297
6.755177494707222e-05
4.452808039507425e-05
10
0.3217695635894663
6.753171071267113e-05
4.452808039507425e-05
11
0.3510213420975996
