0.02 1.5718049592615327e-08
0.04 1.2495059121576162e-07
0.06 3.1720379463585335e-07
0.08 5.640557673460995e-07
0.1 1.1178640532400155e-06
0.12 1.5479657202091286e-06
0.14000000000000004 1.7125718708488847e-06
0.16 3.5386817227683394e-06
0.18 3.0627492649926526e-06
0.2 5.940032484047484e-06
0.22 1.6594654871232719e-06
0.24 8.735964480353852e-06
0.26 8.724787215083626e-06
0.2800000000000001 8.716023349961005e-06
0.3 9.805840107965851e-07
0.32 1.412337111737291e-05
0.34 9.649644071426524e-06
0.36 2.429462987791943e-05
0.38 1.0622058407861373e-05
0.4 5.142675345832818e-06
0.42 2.5304341869619094e-05
0.44 -6.6425833485276675e-06
0.46 4.960162096544806e-05
0.48 1.175053118908454e-05
0.5 7.630324920820995e-06
0.52 8.03282857992823e-05
0.54 4.329612641379839e-05
0.5600000000000002 -2.8064986272900055e-05
0.5799999999999998 -1.3923729500556583e-05
0.6 1.5649729240369166e-05
0.62 8.127831945384603e-05
0.64 -5.265886974925268e-06
0.66 0.00010624296997793634
0.68 -2.3488679498127093e-05
0.7 9.474089785395574e-06
0.72 3.137641599197487e-05
0.74 8.756877223107227e-05
0.76 7.327479055211858e-05
0.78 -1.559322296691354e-05
0.8 9.616302454446522e-07
0.82 2.5394018545171998e-05
0.84 -8.731279336947665e-06
0.86 0.0002204830761595094
0.88 -0.00013567619585759354
0.9 4.200634648008359e-05
0.92 8.561194134776621e-05
0.94 -9.095265955245328e-06
0.96 3.756107862233995e-05
0.98 1.0244133494418392e-05
1.0 -7.72976784907621e-05
1.02 0.0001681690617312433
1.04 8.752097109553602e-05
1.06 -0.00011774629343037381
1.08 0.00014771404026628354
1.1000000000000003 4.530061702141949e-05
1.1200000000000003 -0.00013384825678165626
1.1400000000000001 0.00028742592847387006
1.1599999999999997 -0.00022927254226320958
1.18 6.04051563293784e-05
1.2 -6.891158309106616e-05
1.22 0.0002023974326523883
1.24 0.00020144811448857586
1.26 -4.3769570320382426e-05
1.28 -0.00015649450658817882
1.3 0.0001286737672577022
1.32 -0.00019482407366273836
1.34 0.00025031725690594954
1.36 -3.915893800873738e-05
1.38 0.00024869813956077623
1.4 -0.00012128687899549094
1.42 4.509963960142222e-05
1.44 -0.00028438066023556315
1.46 0.0002860810900496419
1.48 -0.00021422115808033822
1.5 -6.533345502112158e-05
1.52 -1.6811751111700437e-06
1.54 0.00025388864240274544
1.56 -0.0003904261029309107
1.58 0.000276104877187981
1.6 -1.669498906506318e-05
1.62 9.167647947647367e-05
1.64 -0.00012002961507054442
1.66 0.00023957924603056568
1.68 -0.00028235123649382097
1.7 9.936103335369444e-06
1.72 -6.718739378964132e-05
1.74 2.361533971017432e-05
1.76 0.00020405886619818806
1.78 0.0001309832270641716
1.8 3.282899985867257e-05
1.82 -0.00026902540622489985
1.84 -8.394040806714389e-05
1.86 0.0003257033207409966
1.88 -0.00012221513905997898
1.9 -7.5467117432652e-05
1.92 1.9004217340597976e-05
1.94 5.1439875294848015e-05
1.96 9.172149121495425e-05
1.98 -0.0001168361139469807
2.0 -0.00012490105506380894
2.02 0.0003681474305938608
2.04 -0.0002832578639649808
2.06 -0.00020283250140697108
2.08 0.00013780186290337907
2.1 0.00017179700424609112
2.12 -8.067374385995352e-05
2.14 -6.0026768256015795e-05
2.16 0.00022340869723464526
2.1800000000000006 -0.00016642957222029963
2.2000000000000006 -0.0001417102855350641
2.2200000000000006 0.0003677401215413645
2.2400000000000007 -0.00018570359862702616
2.2600000000000007 -1.1837838408497794e-05
2.2800000000000002 -5.2285203405482567e-05
2.3000000000000003 0.00012054565905056662
2.3199999999999994 0.0001409190381985578
2.34 -0.0002185515360441084
2.36 -0.00010387983525919652
2.38 -2.032388006039049e-05
2.4 8.513592396025321e-05
2.42 5.299987028089723e-05
2.44 5.867031299780804e-06
2.46 0.00019460156151859028
2.48 -0.0001019792273365557
2.5 -0.00012523802062573784
2.52 6.465851425751915e-05
2.54 -1.7488483101699235e-05
2.56 -0.00010970496978735802
2.58 0.0001886487542340472
2.6 -0.00031088719696588016
2.62 0.0003766957298778112
2.64 -0.0002695160638802965
2.66 5.433155256305707e-05
2.68 0.000256880658574933
2.7 -0.00024026722957964366
2.72 -0.00011728252331933472
2.74 0.00029921973147908746
2.76 -9.040426651668143e-05
2.78 -5.035776493938246e-05
2.8 -0.00010695684854941743
2.82 0.0002227369685580962
2.84 -8.702981562428119e-05
2.86 0.00020712751964284144
2.88 -0.00010115435846118413
2.9 -4.391609128435569e-05
2.92 -1.5110633606098831e-05
2.94 -3.649391238575404e-05
2.96 -0.00025878990590187494
2.98 -3.882202721411723e-05
3.0 0.0005316417710281938
3.02 -0.00016556267621842973
3.04 -0.000103002791228396
3.06 -9.724284391780889e-05
3.08 7.929910674287985e-06
3.1 0.00012560224555001678
3.12 5.007100861797098e-05
3.14 -0.00020017920044281944
3.16 0.00023813414035503563
3.18 -0.00023806605179866442
3.2 -4.806261423993992e-07
3.22 8.346760017773286e-05
3.24 0.00011800589267892017
3.26 -6.153634574563812e-05
3.28 1.7099815867396666e-05
3.3 -0.0002578913479290971
3.32 0.0005232022143761529
3.34 -0.0003192879013216314
3.36 0.0001667004024663492
3.38 -0.00036909566395134426
3.4 0.0004505511104627273
3.42 -0.00022314256688724804
3.44 1.9381782210459554e-05
3.46 -8.056093372133476e-05
3.48 -0.00015219912901352339
3.5 0.00024996707650435626
3.52 8.620102866862167e-05
3.54 -4.640240460556072e-05
3.56 -8.121388215966358e-05
3.58 2.32817666682328e-05
3.6 -0.0001062568325971595
3.62 0.00032366347616352644
3.64 -0.00012777472712121674
3.66 -0.00010743327864691206
3.68 -0.00015549465865809025
3.7 5.3697846588805255e-05
3.72 0.00013751240951841528
3.74 -0.0002169576522656866
3.76 -4.859521922608804e-05
3.78 7.794615131072303e-05
3.8 0.00031320543248121295
3.82 -1.0606551129234507e-05
3.84 -0.00012409503066751525
3.86 -0.00017690538436479367
3.88 1.3264975444354007e-06
3.9 6.94685616645914e-05
3.92 3.1038445871283196e-05
3.94 0.00018458597021856903
3.96 -0.0002212710524704467
3.98 1.6762197732522657e-05
4.0 0.00019801893229746351
