0.37 0.005311055731224407 0.004051309155078116 0.011430475845089178
0.3825 0.005151413482802841 0.00382736357218239 0.011661451846665819
0.395 0.005239057225120371 0.003936965384499656 0.011277713080268936
0.4075 0.005854124866055839 0.004466228200158725 0.012231970723189243
0.42 0.005638740649285842 0.004379510869058465 0.011754851437211384
0.4325 0.006210163940083703 0.004790105329949942 0.015072460986977192
0.445 0.006398501349861194 0.004874070135402136 0.01249189879876515
0.4575 0.006049008152933756 0.00458380331826924 0.013061602209519501
0.47 0.006234380245800039 0.004806470268266765 0.01408266916548597
0.4825 0.00630369276140641 0.004760284930988239 0.013895852456537941
0.495 0.006486917448143045 0.004882225423734654 0.014227792711408269
0.5075 0.006484240288212999 0.004936022039695664 0.01457385033837637
0.52 0.0066747754935301135 0.005063806157712232 0.01522735963882832
0.5325 0.006604421237073202 0.005032148879023298 0.015002099344025702
0.545 0.006899316799331116 0.005215785981479493 0.014638444509958302
0.5575 0.007870446049557283 0.006003906867965061 0.01769955609015547
0.57 0.007416797275038272 0.0056769742109122855 0.015659483048844014
0.5825 0.008033155874171447 0.0059854930731462344 0.018299567731219338
0.595 0.008123210282644072 0.006156673465557022 0.01708545101701222
0.6075 0.008018160748046498 0.0060756179759794355 0.01946155960095303
0.62 0.007890362262811864 0.005974221703409995 0.01695731432465935
0.6325 0.007921358908285384 0.005975421454803924 0.019663846227809322
0.645 0.008352888514881425 0.006425489615152426 0.016968729031813668
0.6575 0.008960493969558858 0.0068526137571328785 0.021011691382465506
0.67 0.008892895338206426 0.00683299566954245 0.019413507067414123
0.6825 0.00977307369842165 0.007528987753344417 0.02048878621292599
0.695 0.008838351581932883 0.006704288376822209 0.01804984419533019
0.7075 0.008667381120025897 0.006485847483691454 0.020167586947223988
0.72 0.01002610754342481 0.007652771355372536 0.02044128092616312
0.7325 0.008947341375008033 0.0069640847712318646 0.021391391188405728
0.745 0.009110035882319638 0.0069508177461236244 0.020020217700448588
0.7575 0.009857695312179142 0.007463049317445539 0.02199197118504421
0.77 0.009608208737752158 0.007314558543947926 0.022883798427763724
0.7825 0.009691669515163918 0.007400851490766089 0.020809475760456175
0.795 0.010450534911034233 0.007978265386029543 0.022848701702460443
0.8075 0.009571986029840236 0.0074027202004605976 0.020646782525962526
0.82 0.010417383759295984 0.007994074437083902 0.022571558705167853
0.8325 0.010258517018539788 0.007733724707936167 0.020877960152046796
0.845 0.010731219451760464 0.008128939569116792 0.024813864191564318
0.8575 0.011023438423203687 0.008258155422607485 0.02228689875872191
