0.0092 9.181261015583162e-05 6.746055601301416e-05 0.0001228427563029013
0.0142 0.0002113057404381603 0.00016347126821859598 0.0004706680935240977
0.0192 0.00020154942619467865 0.00015133814785573622 0.0004360564316308473
0.0242 0.00021944865199863755 0.00016570037367316345 0.00047996269197519975
0.0292 0.00021382184412368295 0.00016198062977245125 0.00047132018246144115
0.0342 0.00020525042479882473 0.00015792719169174693 0.0004633058639345907
0.0392 0.00020499410962528258 0.0001588028952971171 0.0004480777479833329
0.0442 0.00021444206244786984 0.00016586160965651486 0.0005028835510056902
0.0492 0.00020397491341690876 0.00015542575539295508 0.0004558498557191882
0.0542 0.00020864052976537738 0.0001598620150466553 0.00043570616602589036
0.0592 0.00020945703441181134 0.0001599693792395575 0.00048215054421944597
0.0642 0.00020739121850610115 0.00015782489127650126 0.0004707241642231697
0.0692 0.00020171823641487683 0.00015087782536486193 0.00042719468803318673
0.0742 0.00022801704459333278 0.00017004903032534952 0.0004890125403324178
0.0792 0.0002257732020617095 0.00017067828327971477 0.0005152348573846358
0.0842 0.00021901751354284573 0.0001702222244025031 0.00043811251784217186
0.0892 0.0002023334986687042 0.00015347837390702513 0.00044826144889637746
0.0942 0.00021578245754907377 0.0001646440969550955 0.0004901502742318465
0.0992 0.00020221913161778032 0.0001535382653785181 0.0004310112789151301
0.1042 0.0002069368814981601 0.00015961989728908885 0.0004387617988668541
0.1092 0.0002266559373343225 0.00017526683767544234 0.0004844240456377817
0.1142 0.00021062589357942187 0.00016171372793722858 0.0004548201223269648
0.1192 0.00022027815417665923 0.00016886550992568903 0.00048301560586102866
0.1242 0.00020900906768172922 0.0001575272697193468 0.0004630690380792518
0.1292 0.00022271180598063892 0.00017089888785067758 0.0004901571230747935
0.1342 0.00021305779273385794 0.00016363387214973578 0.0004995633201683331
0.1392 0.00021995201448203207 0.00016744977950115724 0.0004806059139422728
0.1442 0.0002048530214467627 0.0001541997506714642 0.0004391157489015051
0.1492 0.0002140688604299752 0.00016546176142133396 0.00047155522154081626
0.1542 0.0002195133971169329 0.00016599671031782232 0.00047623762820114303
0.1592 0.00019270224008182334 0.0001445864420784633 0.0004109023538993862
0.1642 0.00021657917477394022 0.00016740207265624737 0.00047289917978054206
0.1692 0.000209214774336048 0.00015949922056121985 0.0004929600418128454
0.1742 0.00019930640406780374 0.00015277246264880817 0.00046511476324802737
0.1792 0.00020205485195767502 0.00015479092484226896 0.0004365307075454829
0.1842 0.00020900586958903143 0.00015988904228056276 0.0004894101209649016
0.1892 0.00019360684124569604 0.000144807803311556 0.00038907097670312884
0.1942 0.0002136268631834173 0.00016238047529501138 0.00048447890330867845
0.1992 0.000192519044182272 0.0001475571546452283 0.00041476129488141365
0.2042 0.000221271150611694 0.00016464942367938764 0.00045510350920767326
0.2092 0.0002219607046241528 0.0001732137838317256 0.00046343658341398847
0.2142 0.00020968912426451078 0.00015993683358626938 0.00044461347524440487
0.2192 0.00020843389517790966 0.00015999906344381557 0.0004966304507387719
0.2242 0.00019844235683596988 0.00015260967226289637 0.0004474813509292166
0.2292 0.00019684377195650982 0.00014992944383622226 0.00045436317592879253
0.2342 0.00020792429663106868 0.00015811778420388362 0.0004200625930368974
0.2392 0.00022000453801613944 0.00016975933996492862 0.0004909683037202998
0.2442 0.00021568571073416018 0.00016288393334062693 0.0005017758725219494
0.2492 0.00020562213180812656 0.0001573314527693414 0.0004548841802977433
0.2542 0.00021549521557322687 0.00016800385846986853 0.000526761458097902
0.2592 0.00020694345047067437 0.00015660311875245208 0.000474512006897694
0.2642 0.0002018303233588176 0.0001533840602145576 0.00045158811397407047
0.2692 0.00020307709046888748 0.00015334343402810963 0.0004905651734940503
0.2742 0.000215719382364277 0.00016639851387502015 0.0004972685431347137
0.2792 0.00021666028879109366 0.00016725583855917663 0.0005323314474885651
0.2842 0.0002113405854531952 0.00015723695833351432 0.00047619674055647646
0.2892 0.00019608353254985944 0.00014909748306351958 0.00045886128945263696
0.2942 0.00020544139520641352 0.00015816349586239675 0.000437690667867199
0.2992 0.0002071864560085161 0.00015617915662452872 0.00047541251564881437
0.3042 0.00018076343347536096 0.00014200674504781082 0.00039185963500146015
0.3092 0.00019227439898182415 0.00014819038044499485 0.00042124319252745293
0.3142 0.00020492502899130787 0.0001576929748204436 0.0005392123751599474
0.3192 0.00020687164033053753 0.00015835436062640768 0.0004890631513457992
0.3242 0.00020015630337504476 0.000154759373873289 0.00045356703720961336
0.3292 0.0001844015139532446 0.00013935701843028166 0.00038704367890149974
0.3342 0.00019883572464138145 0.00015197338010775925 0.0005293984033784302
0.3392 0.0002031263933532534 0.00015367539137102422 0.0005001986552124212
0.3442 0.00020723816992410866 0.000155464776291406 0.00047090430845971926
0.3492 0.00020351675200287647 0.00015407787704602957 0.00048162524589988375
0.3542 0.00020935581107761386 0.00016026376567012366 0.00043299001671475964
0.3592 0.0001986911882383314 0.00015314613351086943 0.0004469063174780807
0.3642 0.00018540150305506247 0.00014029853547173327 0.00041181926941175696
0.3692 0.00019274593016147874 0.00014603929803302712 0.00043046139230079746
0.3742 0.00020881529110664484 0.00016077988581798076 0.00044103863711105623
0.3792 0.0001915983403112436 0.0001465532403725977 0.0004414246656976955
0.3842 0.00018993751289335227 0.00014591074697691537 0.00041077089590592445
0.3892 0.00020682548972349963 0.00015682135006622977 0.00046012315899789905
0.3942 0.00018921005020529482 0.00014758358973742528 0.000448954830110349
0.3992 0.00019389907399357454 0.00015167765432974527 0.0004262203092572221
0.4042 0.00020756133449610875 0.00015664620587846958 0.0004353089075072588
0.4092 0.0001845941003226532 0.0001402280486865619 0.0004209504902759542
0.4142 0.00020435912295119037 0.00015793387935302678 0.0004608001417836767
0.4192 0.00018899696748028152 0.00014438292381778873 0.0004219718850252616
0.4242 0.000182567333315991 0.00013815970359402685 0.00039121347433408434
0.4292 0.0001912884295411057 0.00014376629940422912 0.0004430762459633484
0.4342 0.0001939004221482888 0.00014614326444448226 0.0004424882024167184
0.4392 0.00019725318070167714 0.0001529907657695064 0.00039286364202097124
0.4442 0.0002060526389998542 0.00015921786959112975 0.00045949035802042023
0.4492 0.00019680953222196162 0.00014887297329035888 0.0004334505534035199
0.4542 0.00017965576182347721 0.00013768250638892122 0.00039133277065097575
0.4592 0.00017033736978579344 0.00012951965876193723 0.00038099073753732407
0.4642 0.0002024049882372733 0.00015580962138609048 0.000412155873298028
0.4692 0.00018507653992447335 0.00014005797612432565 0.00042527037389938075
0.4742 0.00018384387801052447 0.0001417177093822747 0.0004416095383693942
0.4792 0.00019022415715482606 0.00014642701708061467 0.00042114330605970396
0.4842 0.00017966621112744526 0.00013951444901044526 0.0004237143303008147
0.4892 0.0002016052438536047 0.00015710840658283837 0.0004644083894375453
0.4942 0.00021003477853737102 0.00016086188243597145 0.0004843421175746054
0.4992 0.00020005080648558942 0.00015093245313505438 0.00044661369573157007
0.5042 0.00020732533865228453 0.00015801181382192302 0.0004933745316190074
0.5092 0.0001902536928714543 0.00014394906536878904 0.0003703533560038545
0.5142 0.00016981411221334868 0.00013085157434103027 0.00036721730712642
0.5192 0.0001870987488905173 0.00014215358924659117 0.0004099074381423349
0.5242 0.00019187641969599817 0.00014499987485887757 0.00042013373020591255
0.5292 0.00017516021788886445 0.0001323713632481523 0.0003987899609568157
0.5342 0.0001782871987404277 0.00013765561378658477 0.00038613664997855083
0.5392 0.00018679266486958088 0.00014568632260505393 0.00042818062763523573
0.5442 0.00019029964314546034 0.0001434269457428592 0.0004250444899051912
0.5492 0.00018164854697793484 0.00013973663128905925 0.00040257666093849114
0.5542 0.00018393793044471887 0.00014079255270539446 0.0004022206200580858
0.5592 0.0001909062523237508 0.00014690201941230675 0.0004278074794713196
0.5642 0.00019240226077890402 0.00014541051478647786 0.00043263331468013175
0.5692 0.00018422790455661271 0.00014084673957844436 0.0004189066673147659
0.5742 0.0001804010506131243 0.00013970614129868157 0.00041591541300434485
0.5792 0.00017995063430575854 0.00013812076180039586 0.0003869451862246634
0.5842 0.0001775159678649352 0.00013653537346680934 0.0004016795885642115
0.5892 0.0001802918065721507 0.0001377247586350048 0.0004046272214791491
