0.0 0.9999847598445137 3.917024325950029e-05 1.0544151475835877e-05
0.05 0.9999406921880418 0.0001361194635498411 4.280417734719092e-05
0.1 0.9998543006486438 0.00028690623421182357 0.00010699205765854148
0.15 0.9997295595358833 0.0005092845940000685 0.00020294605526103435
0.2 0.9995667328310553 0.0009171856462821212 0.00032774352380169215
0.25 0.999354901907551 0.0013452937103050314 0.00049353540159251
0.3 0.9990520954343063 0.0022209952694152994 0.0007214995134096659
0.35 0.9989207050285022 0.0025085237010934605 0.0008166994188373335
0.4 0.9985692465522777 0.003130363990339454 0.001087281722314601
0.45 0.9984850123613075 0.003034545832842908 0.0011436397240691357
0.5 0.9982874205494199 0.0037502791441664457 0.0012990486760965235
0.55 0.9978928118084416 0.004573564397743188 0.0015964537293037264
0.6 0.9978311261510959 0.004916236689441166 0.0016716117300086305
0.65 0.9975411430484781 0.005585339542335356 0.0018631271728765078
0.7 0.9975066716493265 0.005480217669598695 0.0018874841727657063
0.75 0.9974228869370831 0.006127812419563442 0.0019568594166967995
0.8 0.9971787116356833 0.00647448117179543 0.0021775054343102615
0.85 0.9971917161303796 0.006567621027122024 0.0021262507826591494
0.9 0.997434223255635 0.005544271932219233 0.0019385891408058259
0.95 0.997314110181952 0.005281213966715992 0.0020383243891776964
1.0 0.9975919938126089 0.004988974176124286 0.0018254011411644837
1.05 0.9978563813185894 0.005098860004541514 0.0016131333480574159
1.1 0.9979278842511732 0.0046111679905806585 0.0015850748214722582
1.15 0.9979431718908173 0.004576114183304706 0.0015587841301390997
1.2 0.9984474779195972 0.003206561842181084 0.0011659241558876071
1.25 0.9986541594599799 0.0028976642976380747 0.0010273683760283487
1.3 0.9988043912789594 0.002516618548032079 0.0009076287305362049
1.35 0.998919273314725 0.0022095520929562517 0.0008381416696194831
1.4 0.9991184554233001 0.0019602841108011648 0.0006640163303379376
1.45 0.9992767836453548 0.0014707029763542671 0.0005578878179726486
1.5 0.999465428477443 0.0011547178433109699 0.0004178310590125416
1.55 0.9995811160387491 0.0008383417224263882 0.000322354565821051
1.6 0.9996915201318004 0.0006039378444408054 0.00023642915456276723
1.65 0.999774767248984 0.000500516157187187 0.00017100157744891773
1.7 0.9998481005231288 0.00038528219791970924 0.00011457941774592543
1.75 0.9999054865826622 0.00020232390184282326 7.017150986289018e-05
1.8 0.9999512660661659 0.00010930219537226691 3.7112680932991206e-05
1.85 0.9999746266722763 5.7608911605935576e-05 1.8656332957593983e-05
1.9 0.9999905809765965 1.8699289908590917e-05 6.683607711328518e-06
1.95 0.9999978978927502 4.007785878568402e-06 1.0816337041012202e-06
2.0 0.9999981712017404 2.899193857999631e-06 8.884113602574013e-07
2.05 0.9999941112622481 1.2097195345344677e-05 4.0529750744026515e-06
2.1 0.9999880641481741 2.7555358970559237e-05 8.512590503483156e-06
2.15 0.9999793457689293 4.357227730271002e-05 1.4881897583385429e-05
2.2 0.9999730984818811 5.9334915244471145e-05 2.0265522672815873e-05
2.25 0.9999660272860509 6.89240217567186e-05 2.5388966238541307e-05
2.3 0.9999613845855079 7.989748920346242e-05 2.9013716029174132e-05
2.35 0.9999570738014484 8.855794969606053e-05 3.235868077613266e-05
2.4 0.999960772650173 7.934523817025445e-05 2.9684077033763716e-05
2.45 0.9999606781536573 8.184018320314202e-05 2.9871768913843345e-05
2.5 0.9999660046101372 6.918283160634e-05 2.5009471274175724e-05
2.55 0.9999739056001349 5.4256993605189984e-05 1.969306302845628e-05
2.6 0.9999767311063017 4.932527855050685e-05 1.7230685684395784e-05
2.65 0.9999802238371774 3.8212494022299115e-05 1.4464454520255376e-05
2.7 0.999985404571501 2.8545518527782156e-05 1.0639412802146921e-05
2.75 0.9999899456875312 2.371162464741143e-05 7.2520097440579065e-06
2.8 0.9999936240281528 1.3093962120200407e-05 4.39680092856398e-06
2.85 0.9999966410784903 6.930581327407472e-06 2.0890585888489127e-06
2.9 0.9999983949095604 2.2909055374472144e-06 7.904384256832125e-07
2.95 0.9999992691759968 4.3561459067717187e-07 1.2271567704395666e-07
3.0 0.9999993046322376 3.0006448852761855e-07 1.0085028269935136e-07
3.05 0.9999986399061754 1.8518129324157872e-06 6.195541671165719e-07
3.1 0.9999974654672044 4.071845328847082e-06 1.5234036312790442e-06
3.15 0.9999962080641722 7.037480384964477e-06 2.4785493808741008e-06
3.2 0.9999944930932189 1.0931625884971313e-05 3.8066967950588974e-06
3.25 0.9999931299332357 1.4357595737640998e-05 4.845457887261139e-06
3.3 0.9999924717803711 1.678341501540741e-05 5.344376244010701e-06
3.35 0.9999918433739998 1.7714046461457572e-05 5.797830843072519e-06
3.4 0.999991640229714 1.553889688663028e-05 5.87971332354309e-06
3.45 0.999991409953787 1.823468458803749e-05 6.1991547856914555e-06
3.5 0.9999919150131873 1.7589570105905573e-05 5.811695404594914e-06
3.55 0.9999929126023946 1.4677541525908024e-05 5.075880132236279e-06
3.6 0.9999935113817139 1.4036728330972585e-05 4.497752993165685e-06
3.65 0.9999947840997325 1.0704356619002942e-05 3.602604243004754e-06
3.7 0.9999963081309627 8.097586634546291e-06 2.4345587495816123e-06
3.75 0.9999972253389111 5.4831492955271305e-06 1.707259572653336e-06
3.8 0.9999979814907298 3.247775356338959e-06 1.1231382275428162e-06
3.85 0.9999987733990986 1.6979862751707514e-06 5.343412619517209e-07
3.9 0.9999992562996279 5.122538477997641e-07 1.83544842223245e-07
3.95 0.9999994890812244 6.097848786179406e-08 5.966220746736886e-08
4.0 0.9999994953221435 6.299966737970807e-08 6.453594374440123e-08
4.05 0.999999287369921 5.088547112581474e-07 1.6127190295428432e-07
4.1 0.9999989557406505 1.4108334946364718e-06 4.2100829232352607e-07
4.15 0.9999986053785724 2.058683826084438e-06 6.942947458896293e-07
4.2 0.9999980902643543 3.2953665787946066e-06 1.0428803508282268e-06
4.25 0.999997591979685 4.296186751280723e-06 1.4331801690212712e-06
4.3 0.9999970942159832 5.1620981536556e-06 1.8067079991306717e-06
4.35 0.9999970845930712 5.803965123907043e-06 1.7732848344081056e-06
4.4 0.9999970131635589 5.638086740537032e-06 1.9108962211257555e-06
4.45 0.9999968632768986 5.978313476048e-06 2.008674298954807e-06
4.5 0.999996851438939 6.421302794173923e-06 1.9811127802936644e-06
4.55 0.9999970895377157 5.785742398432935e-06 1.8781168059315503e-06
4.6 0.9999974485409493 4.476261445521941e-06 1.59488547946548e-06
4.65 0.9999979187007662 3.565238838931162e-06 1.229182252890165e-06
4.7 0.9999982680333184 3.3161275528653626e-06 9.610458610551067e-07
4.75 0.9999987228202636 1.9133720870527492e-06 6.200961416497802e-07
4.8 0.9999990500569911 1.2071922933707694e-06 3.8353195460540763e-07
4.85 0.9999993394390634 5.905929295893334e-07 1.8064971512507126e-07
4.9 0.999999511658496 1.1458575662371912e-07 1.0892402914618583e-07
4.95 0.9999996047866463 1.0947234209671118e-07 9.015411852698805e-08
5.0 0.999999609732229 1.0608996166676261e-07 8.882950045588984e-08
5.05 0.9999995435575761 1.20361607437407e-07 1.0759423270242043e-07
5.1 0.999999399792956 4.660920536193604e-07 1.5962340961176772e-07
5.15 0.9999992619199796 7.599906257764328e-07 2.550982490117849e-07
5.2 0.9999990532143002 1.0891926339692068e-06 4.075251007631653e-07
5.25 0.9999989437425024 1.447300554335493e-06 4.962933696596461e-07
5.3 0.9999986522309305 2.2722679274379504e-06 6.978695569138314e-07
5.35 0.9999984845578552 2.506511504642934e-06 8.439570686406408e-07
5.4 0.9999984562044619 2.733999636325612e-06 8.82478894608148e-07
5.45 0.9999984005805375 2.837612483267673e-06 9.13267041538439e-07
5.5 0.999998549291878 2.3673771648692296e-06 7.894471047070202e-07
5.55 0.9999986661282398 1.961073493116438e-06 7.113310244606061e-07
5.6 0.9999988289173602 1.641902505221051e-06 5.831538534864111e-07
5.65 0.9999989437396115 1.5435702523265492e-06 5.165874818848705e-07
5.7 0.9999990931813731 1.394019745369392e-06 3.959179196995049e-07
5.75 0.9999992954971175 7.347943699790483e-07 2.57985883929752e-07
5.8 0.9999994661607349 3.608691485522002e-07 1.701779794919459e-07
5.85 0.9999995675797639 1.5999796596857601e-07 1.3022965972992686e-07
5.9 0.9999996503880159 1.154455065133066e-07 9.165255827148606e-08
5.95 0.9999997011329026 1.512945563075478e-07 9.586311303016283e-08
6.0 0.9999997116076161 1.4482128444594688e-07 9.328737192048159e-08
6.05 0.9999996628214302 1.2609420777155633e-07 8.884648334255381e-08
6.1 0.9999996050926971 1.715110767959834e-07 1.1740339019001393e-07
6.15 0.9999995299890475 2.316853589446809e-07 1.5415239917046716e-07
6.2 0.9999994323857875 4.835898325645287e-07 1.8467516509359192e-07
6.25 0.9999993391186939 7.871033661552369e-07 2.54226940210897e-07
6.3 0.9999992933109099 8.80714500523155e-07 2.844126041315027e-07
6.35 0.9999991965976655 1.1164899743913985e-06 3.63395788563012e-07
6.4 0.9999991725270528 1.0770278409027908e-06 3.8243391821819107e-07
6.45 0.9999991417463713 1.2888162683330176e-06 4.06751750478867e-07
6.5 0.9999992053792977 1.0224884790017002e-06 3.6057975815844666e-07
6.55 0.9999992509002409 9.102484446765746e-07 3.303953166685682e-07
6.6 0.9999992701511826 9.339609224936442e-07 3.138981689028735e-07
6.65 0.9999993627977862 7.690090798794268e-07 2.5446387376322373e-07
6.7 0.9999994892074511 4.5921975568947547e-07 1.8487168172469206e-07
6.75 0.9999995620022211 2.7948523218517886e-07 1.5498994748734126e-07
6.8 0.9999996280746417 1.8375596222162087e-07 1.2378730381236623e-07
6.85 0.9999996954997434 1.3384992998543694e-07 9.569961292163468e-08
6.9 0.999999743557924 1.3970437982037856e-07 8.112926722288906e-08
6.95 0.9999997717467708 1.56605663496742e-07 8.698738548780302e-08
7.0 0.9999997652546494 1.5936695204327654e-07 9.605059306937386e-08
7.05 0.999999751735914 1.5221943075610033e-07 8.01538778661805e-08
7.1 0.9999997208167986 1.2813646712362248e-07 8.613166062957582e-08
7.15 0.9999996738449255 1.5941256812917403e-07 1.0944267784201112e-07
7.2 0.9999996286434228 2.6359364813382903e-07 1.353559301152114e-07
7.25 0.9999995782985752 3.477021391478986e-07 1.5578683572013656e-07
7.3 0.9999995473933708 4.44208651038342e-07 1.740317071524741e-07
7.35 0.9999994990418487 5.869713604463035e-07 2.0169823146870807e-07
7.4 0.9999994834779141 6.338034980960178e-07 2.1785892718510647e-07
7.45 0.9999994589225217 7.94363141377556e-07 2.3103055387033344e-07
7.5 0.9999994956932267 5.521890838872152e-07 2.0030178500834775e-07
7.55 0.9999995110942852 5.941255693512897e-07 1.994022389124274e-07
7.6 0.9999995620707203 4.5981792498899666e-07 1.7876982013697535e-07
7.65 0.9999995870731473 4.2046152939841257e-07 1.488406455497902e-07
7.7 0.9999996412155423 2.8131910336861e-07 1.33194237300798e-07
7.75 0.9999996941117602 1.9000610645900668e-07 1.0951165673402003e-07
7.8 0.9999997446602541 1.2634462071744967e-07 9.08688213413504e-08
7.85 0.9999997727363718 1.4212102539588564e-07 7.636097902824607e-08
7.9 0.999999800938478 1.6195679346244827e-07 7.29624237637383e-08
7.95 0.9999998086516225 1.6180066105186795e-07 9.161267494477497e-08
8.0 0.9999998152512599 1.6900579514314645e-07 8.774463078481693e-08
8.05 0.9999998122944496 1.6101101514357909e-07 7.135363066398082e-08
8.1 0.9999997861914003 1.5613981430417216e-07 7.632955995811868e-08
8.15 0.9999997703508805 1.252303121981187e-07 7.92525386904893e-08
8.2 0.999999738531165 1.3074437670260346e-07 9.347179577604475e-08
8.25 0.9999997171201 2.0406395398501608e-07 1.094861487944222e-07
8.3 0.9999996786509544 2.5979613838467107e-07 1.2796293209912235e-07
8.35 0.9999996508700331 3.526165578378958e-07 1.4023231412169336e-07
8.4 0.9999996501241951 3.4048893475664865e-07 1.4528443285096064e-07
8.45 0.9999996587817654 3.884155415214535e-07 1.3798050317773326e-07
8.5 0.9999996517578822 3.3562198017899026e-07 1.4286901338486117e-07
8.55 0.9999996888674465 2.527021762569822e-07 1.2841174969304266e-07
8.6 0.9999996778466809 2.860124214878455e-07 1.2749603627953754e-07
8.65 0.99999971359955 2.3253209108595867e-07 1.1260466044830935e-07
8.7 0.9999997526304615 1.5137056362404947e-07 9.914953372127819e-08
8.75 0.999999777698939 1.321267265924504e-07 8.189035729823248e-08
8.8 0.9999998014509456 1.3470937458820882e-07 7.440348865825729e-08
8.85 0.9999998335265409 1.278861709541125e-07 6.2510842002412e-08
8.9 0.9999998459685893 1.4924701139353818e-07 6.723384514591925e-08
8.95 0.9999998558063354 1.410105403865584e-07 7.275390447149857e-08
9.0 0.9999998623968064 1.3718927858070626e-07 7.137414634714306e-08
9.05 0.9999998526844383 1.4863260530359104e-07 6.765263681419793e-08
9.1 0.9999998386324651 1.4392307799711665e-07 6.468934160074779e-08
9.15 0.9999998237200566 1.2356857500012034e-07 6.595391279539031e-08
9.2 0.999999814692874 1.171060550093006e-07 7.382975435955319e-08
9.25 0.9999997979647172 1.3109068363964514e-07 7.942343652200855e-08
9.3 0.9999997772091644 1.628420977148348e-07 8.934768049247997e-08
9.35 0.9999997662227436 1.884929493836516e-07 9.413995001547751e-08
9.4 0.9999997600349144 1.9986521889619862e-07 9.222690553476223e-08
9.45 0.9999997543581904 2.264818916377675e-07 9.7265475225958e-08
9.5 0.9999997556402909 2.0674093889154463e-07 9.794289057230607e-08
9.55 0.9999997645076658 2.4042942240790117e-07 9.389138416383596e-08
9.6 0.9999997822492791 1.8306669521615358e-07 8.226715907369056e-08
9.65 0.9999998018696549 1.5678752948846429e-07 7.51812004076942e-08
9.7 0.9999998210585181 1.279935910408662e-07 6.648808534958554e-08
9.75 0.9999998404515442 1.2454092952554597e-07 5.9103093361532736e-08
9.8 0.9999998616628367 1.377538774781467e-07 5.4484955907061434e-08
9.85 0.9999998729930916 1.5552078042689683e-07 5.126864822861263e-08
