0.0 0.0009929954324699875 0.0007649111556485184 0.002199801564483745
0.05 0.0009303275127202744 0.0007199849550898051 0.0019326543710673078
0.1 0.0009514802823538665 0.0007326026063163199 0.002063163311263719
0.15 0.0009429756837430335 0.0006996064425594926 0.0019174952773318703
0.2 0.001040200888176913 0.0007856840673492937 0.002149364588416357
0.25 0.0009057411644606134 0.0006979276386652506 0.00213894392892465
0.3 0.0009749636673190433 0.0007470040881722285 0.002131563475368484
0.35 0.0009685358829299306 0.0007436208114741201 0.0020914439588120086
0.4 0.0008910842975503016 0.0006767526441303498 0.0020120078976370967
0.45 0.0009012981435363537 0.0006941639210573638 0.002220473387272207
0.5 0.0009689436395648268 0.0007261177767925766 0.001996361557188145
0.55 0.0007855880424488334 0.0005939558107913224 0.0017552847944498045
0.6 0.000847103269138888 0.0006514461889423322 0.0018824345695454573
0.65 0.0008342848636413562 0.0006386505620319022 0.0019021390722903228
0.7 0.0007568600383017785 0.0005841296323903638 0.0017312834528272062
0.75 0.0006581342841740165 0.0004932541574533116 0.00154101553753094
0.8 0.0007041326726917453 0.0005319116286192619 0.0015427659637883883
0.85 0.0006876778945531077 0.0005275942927105603 0.0016357669794097355
0.9 0.0006358524409740739 0.0004821247033711108 0.0013839757241506214
0.95 0.0005614734230613997 0.0004308818438452078 0.0012014911477832013
1.0 0.0006283449173748188 0.0004795961131812149 0.0013691186573900453
1.05 0.0005426567693690934 0.0004147752858494863 0.0012224121721081018
1.1 0.000489735620646832 0.0003827692682366506 0.0011517372630541467
1.15 0.00048818443137142514 0.00036904367790689153 0.0012581076449712882
1.2 0.0004758322639293573 0.0003548076075757472 0.0008831962742906631
1.25 0.0004369680668140426 0.00033400337560557174 0.0009562255192886454
1.3 0.000397406286378627 0.00030269013836338216 0.0008692313794902261
1.35 0.00037407260063580827 0.0002891426661292261 0.0007557054856876935
1.4 0.0003363463372240931 0.0002572525514768968 0.0008058241266856891
1.45 0.00033847918578452165 0.00026249400525601855 0.0007228834536344321
1.5 0.00030076065226367966 0.00022558493351027662 0.0006348759921804863
1.55 0.0002685691295302833 0.00020386988220676106 0.0006254755300284428
1.6 0.00027013251556701586 0.00020648447826268789 0.0005838879140033195
1.65 0.00021816194136173298 0.00016510259384153788 0.0005223726777831261
1.7 0.00019464322048599232 0.00014621861089681872 0.0004006455626359436
1.75 0.0001911325281581815 0.00014555910087477898 0.00043805038047999576
1.8 0.00016398763784285762 0.0001291465415662206 0.0004056909310561359
1.85 0.00013232003428055654 9.930727460340397e-05 0.00032288948571152333
1.9 0.0001345828997928648 0.00010442924472015127 0.0002942920826081418
1.95 0.00011354024642425793 8.625701430163436e-05 0.000259551474350134
2.0 0.00010992569955922724 8.529559071571887e-05 0.00021700529808579066
2.05 8.724033291280584e-05 6.570057881878698e-05 0.00018979596855348336
2.1 8.855413119988015e-05 6.834888990909305e-05 0.00019496189795861903
2.15 6.64482656115782e-05 4.9784550030360304e-05 0.0001493653627977358
2.2 5.4570490882255675e-05 4.2011053478087445e-05 0.00012038335841685871
2.25 4.605239948091387e-05 3.511265043110421e-05 9.6598395080414e-05
2.3 3.6798835475893664e-05 2.7815849755289355e-05 8.963026892231452e-05
2.35 3.06693681323216e-05 2.3571042376703436e-05 6.6498166586944e-05
2.4 2.287372981120155e-05 1.7602875047599066e-05 5.492501492131289e-05
2.45 2.0370778107442685e-05 1.5120022326787238e-05 4.05009082989844e-05
2.5 1.542891828887429e-05 1.1576094650357975e-05 3.803980357924524e-05
2.55 1.197800148236395e-05 9.131002588812371e-06 2.6989357430785848e-05
2.6 8.782436811968691e-06 6.7516237159872385e-06 1.9657932422746823e-05
2.65 5.971569844036942e-06 4.58443204487106e-06 1.4052597667784614e-05
2.7 4.09158709390613e-06 3.1134180470300625e-06 8.76148247641386e-06
2.75 2.604815602219886e-06 2.0211608236025522e-06 5.71557558208989e-06
2.8 1.4402840821342774e-06 1.097794192580726e-06 3.964283160028184e-06
2.85 7.904805116105485e-07 5.960031137882011e-07 1.7296169625120675e-06
2.9 2.509022810268477e-07 1.889930845645843e-07 5.575123078702528e-07
2.95 5.0699436064095654e-08 3.712741203055242e-08 1.1054811232461263e-07
3.0 4.922302528203727e-08 3.511929792168685e-08 1.3078586903712857e-07
3.05 2.026818042039388e-07 1.5071595741947341e-07 4.788645767673379e-07
3.1 5.102680757040869e-07 3.8889696355471837e-07 1.0103620294665446e-06
3.15 8.900503782193512e-07 6.755927054472504e-07 1.8915552691083252e-06
3.2 1.3141049135081793e-06 9.889378822326992e-07 2.665983785494129e-06
3.25 1.8450447520611107e-06 1.4110036709270535e-06 4.313670437256162e-06
3.3 2.5393649648174174e-06 1.9148090431887377e-06 5.457455824076315e-06
3.35 2.748813949212007e-06 2.062369472093975e-06 5.872356785870409e-06
3.4 3.2181670726019566e-06 2.4524734984452937e-06 7.465563149308154e-06
3.45 3.698631573567228e-06 2.8448699149211864e-06 8.29004855473342e-06
3.5 4.346095490966032e-06 3.2382779695251977e-06 9.461115792372865e-06
3.55 4.456649955792618e-06 3.3502023453148863e-06 9.818385190684033e-06
3.6 4.248380655486157e-06 3.181691369701284e-06 1.0002539038501442e-05
3.65 4.706130654423229e-06 3.580562716211738e-06 1.0880875418455126e-05
3.7 4.983660504010811e-06 3.831036425278475e-06 1.2698196694230342e-05
3.75 4.909805259943761e-06 3.761223820670305e-06 1.1214192799336583e-05
3.8 5.0867520326234525e-06 3.824839672281265e-06 1.0675275513494127e-05
3.85 4.982234558698593e-06 3.810891840059887e-06 1.0750876464978579e-05
3.9 4.897853882838942e-06 3.7713328415825065e-06 1.0273983290497027e-05
3.95 4.536991623354064e-06 3.5146635630568254e-06 9.129543312239198e-06
4.0 4.423312842586227e-06 3.4101714731970814e-06 9.789493395847206e-06
4.05 4.0656313107343834e-06 3.1360940092150978e-06 8.246744451790312e-06
4.1 3.753519824028031e-06 2.8586442717865796e-06 7.705927695386154e-06
4.15 3.5231600443356185e-06 2.6488738212684908e-06 7.190415473077401e-06
4.2 2.837470797093351e-06 2.1163465733557926e-06 6.447939343842704e-06
4.25 2.713597270667374e-06 2.0852507372727244e-06 6.000853783441051e-06
4.3 2.361161699745607e-06 1.7950481091990412e-06 5.211423622924916e-06
4.35 1.9740362598356865e-06 1.5103624090545568e-06 4.698112956325248e-06
4.4 1.5863590188774228e-06 1.2107759160841487e-06 3.476560558547349e-06
4.45 1.4345677762928445e-06 1.0804184835516477e-06 3.287767007385703e-06
4.5 1.1902583407045975e-06 9.155533045410444e-07 2.762425896559953e-06
4.55 9.956220684730032e-07 7.560945469925997e-07 2.289213122318119e-06
4.6 7.382380296186233e-07 5.669167154044988e-07 1.7744239698212284e-06
4.65 5.127066316924529e-07 3.935910373247741e-07 1.2399367147829195e-06
4.7 3.757959826916292e-07 2.9056273336236455e-07 9.054431289606212e-07
4.75 2.726945328208001e-07 2.039492500069484e-07 5.922891816388355e-07
4.8 1.6127193622534178e-07 1.2606192325645004e-07 3.4087157154890513e-07
4.85 7.152939356278157e-08 5.3964665812340234e-08 1.488503277533156e-07
4.9 3.010466645325652e-08 2.2373955861448516e-08 6.734752704835962e-08
4.95 5.410518620178187e-09 3.90814116867546e-09 1.2674898441684561e-08
5.0 5.109975658055732e-09 3.7180911926157813e-09 1.0703177059089464e-08
5.05 2.3599816626934467e-08 1.768609442335874e-08 5.3335054700994e-08
5.1 5.975074691851114e-08 4.47089488126787e-08 1.2925684585042955e-07
5.15 1.2141998596061986e-07 9.193715257839084e-08 2.7600373461996054e-07
5.2 1.635240086975046e-07 1.2308554891007427e-07 3.6397408477408005e-07
5.25 2.520084725964781e-07 1.971070485708359e-07 5.699395030254472e-07
5.3 3.289382351362887e-07 2.480374022336062e-07 7.184151583027246e-07
5.35 4.2941786672609086e-07 3.2371454472577303e-07 1.0596933263307699e-06
5.4 4.858345553012432e-07 3.695394097772923e-07 1.0486289190434547e-06
5.45 5.334611334849117e-07 4.1222136252552506e-07 1.2415819957867148e-06
5.5 5.707319315881972e-07 4.3780318877386136e-07 1.1624801335460293e-06
5.55 6.661399567717605e-07 5.022305721851009e-07 1.5474213590922773e-06
5.6 7.385918661221481e-07 5.438164069732489e-07 1.7510527549223776e-06
5.65 7.701663731632846e-07 5.795543470293002e-07 1.6374084800894226e-06
5.7 7.685358439640156e-07 5.830793272104564e-07 1.6003701283553932e-06
5.75 8.625133119538673e-07 6.405939414171875e-07 1.891672539864055e-06
5.8 7.480422750090454e-07 5.8029191262346e-07 1.6988813705293574e-06
5.85 8.368982059878278e-07 6.3981388931997e-07 2.0174944152184662e-06
5.9 8.463631222315555e-07 6.601396537044051e-07 1.9057425532130617e-06
5.95 8.050887216270726e-07 6.268837753722023e-07 1.8651095539386116e-06
6.0 7.817956306377159e-07 5.915395387347439e-07 1.8117674338403123e-06
6.05 7.732842677395146e-07 5.868684191774488e-07 1.5756345020583985e-06
6.1 7.753835419625627e-07 5.847419944318013e-07 1.823300041788926e-06
6.15 7.381051196357838e-07 5.616414682460768e-07 1.7457170262316157e-06
6.2 5.862506818125663e-07 4.4846636690265653e-07 1.496295304344461e-06
6.25 5.480517526984789e-07 4.18197079024523e-07 1.3122858662374795e-06
6.3 5.224461105892458e-07 3.969844092848344e-07 1.0592420733355201e-06
6.35 4.599645930174628e-07 3.4690252040037294e-07 1.062157721725727e-06
6.4 3.64212219686308e-07 2.775933493850229e-07 8.087219312850561e-07
6.45 3.2004654731906903e-07 2.44696774676129e-07 6.574516900410202e-07
6.5 2.661609150441597e-07 2.0105496180928163e-07 5.464658467402358e-07
6.55 2.0002313255792815e-07 1.5118984918205756e-07 4.2614516708512896e-07
6.6 1.7203260690871324e-07 1.3136075047033783e-07 3.8797806317926285e-07
6.65 1.2547697137011137e-07 9.30261956605319e-08 2.7393535585863054e-07
6.7 7.764324346304743e-08 5.84221169263051e-08 1.6388516338686726e-07
6.75 5.8540556702239056e-08 4.3822376746563505e-08 1.3410482318040252e-07
6.8 3.460270671716365e-08 2.607566053895837e-08 7.852983361894233e-08
6.85 1.8205381888114894e-08 1.3546885852700114e-08 3.792112342328207e-08
6.9 6.381058628076171e-09 4.791015251726191e-09 1.4989314771163346e-08
6.95 1.2970970432568767e-09 9.084585326698565e-10 2.912938090004732e-09
7.0 1.3780890613615371e-09 9.888686912404283e-10 3.5647203002328945e-09
7.05 6.1286269401762e-09 4.523064610707849e-09 1.4465341360441836e-08
7.1 1.6384944878941115e-08 1.2533910159111143e-08 3.750236106721684e-08
7.15 2.727043962361598e-08 2.031611227438916e-08 5.991070929190992e-08
7.2 4.2085872257651365e-08 3.200300947367433e-08 1.0148181908156328e-07
7.25 6.644822755020273e-08 5.038828745552e-08 1.3927710645372262e-07
7.3 8.431414087787315e-08 6.361694376071208e-08 1.6772679535570715e-07
7.35 1.0403470524038441e-07 7.78428985686228e-08 2.5956022556586046e-07
7.4 1.327505704711286e-07 1.0114165861986653e-07 2.845461383446688e-07
7.45 1.507204229977901e-07 1.1480770903692272e-07 3.423087384942813e-07
7.5 1.6866091859235965e-07 1.2766579550045036e-07 4.347614767294449e-07
7.55 1.983162263792285e-07 1.4822478340395414e-07 4.435958453716634e-07
7.6 2.0999813156747274e-07 1.5845202360288404e-07 4.527972916296633e-07
7.65 1.9485613743186854e-07 1.496495080273251e-07 4.5700427166133247e-07
7.7 2.2333769721249314e-07 1.739821355868174e-07 4.6673207872511395e-07
7.75 2.2441674934631713e-07 1.7177229153884285e-07 4.879918685912844e-07
7.8 2.2736668517132588e-07 1.7181892116746026e-07 5.151594959961792e-07
7.85 2.4776975123642394e-07 1.8949742558224748e-07 5.819892446862539e-07
7.9 2.5138935861218605e-07 1.8885241767175087e-07 5.278322703151119e-07
7.95 2.5011089293581625e-07 1.8519916080602278e-07 5.466786131060298e-07
8.0 2.3803319406247428e-07 1.7877669901789903e-07 5.105754747348979e-07
8.05 2.2100937895115822e-07 1.6829115125001162e-07 5.164865509047768e-07
8.1 2.1446403201514783e-07 1.61150683437621e-07 4.395133051819043e-07
8.15 2.3801257690344637e-07 1.833976134044e-07 5.403646835079237e-07
8.2 1.9774353935387935e-07 1.5012024630145444e-07 3.889156127766208e-07
8.25 1.9018675182841922e-07 1.4595264337776654e-07 4.1719287304782696e-07
8.3 1.4721034295530258e-07 1.1230338801701423e-07 3.066257516506067e-07
8.35 1.368649933618647e-07 1.0533226549611645e-07 2.7738036837536146e-07
8.4 1.2337205741284076e-07 9.570379074274735e-08 2.895723937684749e-07
8.45 1.0329119487417487e-07 8.000382220263916e-08 2.1799634803087698e-07
8.5 9.08896530853405e-08 6.94629842470775e-08 2.0263814943261358e-07
8.55 7.342749462435482e-08 5.6376278064333606e-08 1.5734193309862627e-07
8.6 5.749105970021014e-08 4.3961563980091033e-08 1.286915040064431e-07
8.65 4.2746137150846435e-08 3.2822240013379333e-08 8.920990930399292e-08
8.7 3.356885150713161e-08 2.5492480023505024e-08 6.874133504711327e-08
8.75 2.1015544301639253e-08 1.5958121298307645e-08 4.873338041981124e-08
8.8 1.311378193937157e-08 9.892995246359117e-09 2.9060485730503302e-08
8.85 6.025710849884193e-09 4.660969639332339e-09 1.4192955282749392e-08
8.9 2.436256851243796e-09 1.8179279504319398e-09 5.357581221146448e-09
8.95 4.891848962514639e-10 3.588160490271224e-10 1.068186101172594e-09
9.0 4.6489614342592954e-10 3.374415981772114e-10 1.0777049976828951e-09
9.05 2.2941194354965846e-09 1.6975373850605146e-09 4.9861570983998534e-09
9.1 5.728035537395917e-09 4.319421929520944e-09 1.2781799796606396e-08
9.15 1.1085251695396745e-08 8.386169667743517e-09 2.5585116841754097e-08
9.2 1.5810650353113053e-08 1.1780269431535085e-08 3.8318080829028976e-08
9.25 2.3220054682288645e-08 1.7722643388031065e-08 5.416815069530423e-08
9.3 2.8034277023906784e-08 2.1407360284414238e-08 6.634254696685361e-08
9.35 4.0290170281926446e-08 3.063688713170834e-08 8.889139332296969e-08
9.4 5.157352919246168e-08 3.924049162250324e-08 1.1168683122583423e-07
9.45 5.7594024875995426e-08 4.3477455342527374e-08 1.1861659740178071e-07
9.5 6.329935330361416e-08 4.916721543630156e-08 1.3705383837561493e-07
9.55 7.458050905268188e-08 5.7764405796166336e-08 1.6339759916723606e-07
9.6 8.532543175404353e-08 6.502265489598038e-08 2.000882069420536e-07
9.65 9.245742186584891e-08 6.992477672811445e-08 2.0576933978193368e-07
9.7 8.879427614081895e-08 6.803403439486675e-08 1.9172880319916385e-07
9.75 1.0045765888549818e-07 7.658560542797382e-08 2.3210111629940798e-07
9.8 1.0167832940073181e-07 7.653020096817297e-08 2.1527199353925024e-07
9.85 9.869353722268598e-08 7.586369966499846e-08 2.2728454450453613e-07
