0.25 0.0003504981941497677 0.0002624421486242818 0.0008147800616032334
0.3 0.0003292817237852406 0.00025034294050138984 0.0007751568365810132
0.35 0.00034665157094301944 0.0002640035083843133 0.0007519052166732817
0.4 0.0003432764497560364 0.00026242664561827695 0.0007044175216044067
0.45 0.0003052232254370107 0.00023621759019364837 0.0007242804021550712
0.5 0.0003325940390364953 0.00025314822572980125 0.0006835428801816234
0.55 0.00031534440946770536 0.00023717209841040074 0.000676863465767664
0.6 0.0003021094809419384 0.00022668024039360302 0.0006922652386281063
0.65 0.00030912721461363955 0.00023478383764718742 0.0007317631824143676
0.7 0.0003048937303820802 0.00022881152282000334 0.0007421794692764661
0.75 0.00032077223485093496 0.00024243082958472857 0.0007729992944679762
0.8 0.0003389654079500613 0.00026125582388030854 0.000804883176626247
0.85 0.0003291781508883708 0.0002497478414829614 0.0006903132988668213
0.9 0.0003004821927244584 0.00022745997853183123 0.00064038256865172
0.95 0.00031724452761601837 0.00023922336922019584 0.0006442828118358355
1.0 0.0002860449953663614 0.00022089279471553257 0.0006278371586407018
1.05 0.0003098414000148376 0.0002328358980750804 0.0006049295119814317
1.1 0.0002982155015685412 0.00022718597425662262 0.0006682333864836833
1.15 0.00030568784930923054 0.000228269653066988 0.00069194021653449
1.2 0.000295238339346693 0.00022481482194562568 0.000723666062190104
1.25 0.0002500674263695437 0.00018719216067676696 0.0005156467366794887
1.3 0.00028945698820561917 0.00022243403489940417 0.0006517080330014619
1.35 0.0002690677522236069 0.0002040324740879692 0.0006029509315536857
1.4 0.00027025383676388835 0.00020466446259119855 0.0006138311928157868
1.45 0.0002791182144135883 0.00021273846966413898 0.0005992235844614527
1.5 0.00026423286676736045 0.00020499283288480516 0.0006005225325066124
1.55 0.000275378323829068 0.00020974421834384562 0.0006076950367162672
1.6 0.0002663097114508718 0.00019832045561477677 0.0005530684244401053
1.65 0.0002651222455735281 0.00020257718802794763 0.0006769529660589736
1.7 0.0002607411461348193 0.00019793781087704867 0.0005165701859305289
1.75 0.00026833053919181246 0.00020387861472137168 0.0007003407650357553
1.8 0.00026983326489215934 0.0002092979704233827 0.0006084573357823192
1.85 0.0002450701984884341 0.00018885290395907132 0.0005998623430400694
1.9 0.00024753459145362153 0.00018742566521889347 0.0005194113892392142
1.95 0.00024480959300512186 0.00018581127610114287 0.0005101106284906396
2.0 0.00027010271739282715 0.00020805700469980567 0.0005866205009079068
2.05 0.0002637245141922788 0.00020522786616153626 0.0006453062639807669
2.1 0.00028912098793609087 0.0002229862738434106 0.0006556130203902501
2.15 0.0002591087868663666 0.00019610847134249264 0.0005274319570340709
2.2 0.0002489105082813818 0.00018907553567349891 0.0005826207786932622
2.25 0.00024585249216587654 0.00018971793635483574 0.0005902178833085493
2.3 0.00025350503968408773 0.00019241335708815945 0.0005538787936828007
2.35 0.0002573524225085224 0.00019731950747515372 0.0005272469727019602
2.4 0.0002527365592332624 0.00018891624692570286 0.0005905001866067355
2.45 0.0002649244853150299 0.00020066958133739538 0.0005609828501856218
2.5 0.0002551088417094676 0.00019802982858966298 0.0005771065195725092
2.55 0.0002405355057044412 0.00018701469103048579 0.0004859756552936863
2.6 0.0002434740040232228 0.00018200805522687738 0.0005429009880758946
2.65 0.00023956523354740956 0.00018154670815291466 0.0005933529463393179
2.7 0.00023281017742082498 0.0001795963897655607 0.0004968043392286675
2.75 0.00026809340654339233 0.0002058109978251625 0.0005583192424935475
2.8 0.0002165862906515211 0.00016425506314238217 0.00046289298074314936
2.85 0.00023976107502760014 0.0001828521944427717 0.0005272499059338658
2.9 0.0002440799107184671 0.00018342209860594912 0.0006018902034638621
