0.25 6.41466235407814e-05 4.919273327647951e-05 0.0001519337834385343
0.3 4.9905029886541766e-05 3.80341570566471e-05 0.00011555417290368983
0.35 4.38407727377957e-05 3.3882297773142974e-05 9.493609433837088e-05
0.4 3.698502415549551e-05 2.814222756380066e-05 8.026443652871732e-05
0.45 3.2705654337839296e-05 2.5074595013345968e-05 7.463366525649615e-05
0.5 2.7976141326052895e-05 2.1139985379893782e-05 5.8118701973562626e-05
0.55 2.4547091432133614e-05 1.852286868261575e-05 5.014733900667568e-05
0.6 2.3304262601509052e-05 1.790497251722497e-05 5.632652286677193e-05
0.65 2.0023940751106753e-05 1.5227921214589933e-05 4.428864765437641e-05
0.7 1.8917898124027614e-05 1.4239831267617714e-05 4.10708632954175e-05
0.75 1.697102954409374e-05 1.31773930329349e-05 4.62818459355271e-05
0.8 1.436901015500393e-05 1.0715147371581227e-05 3.704618707151212e-05
0.85 1.248092117084553e-05 9.593419819805379e-06 2.8262071050650753e-05
0.9 1.2175753527571684e-05 9.297654970407726e-06 2.7169874738743496e-05
0.95 1.1174345313384744e-05 8.646150105457937e-06 2.3513939048126767e-05
1.0 9.865247646553927e-06 7.5010085007970146e-06 2.1737745532313302e-05
1.05 8.43590111999086e-06 6.521392984508625e-06 2.0272022581500477e-05
1.1 7.998947474373232e-06 6.1561488445371374e-06 1.7816790744071225e-05
1.15 7.412220982248738e-06 5.554229388909353e-06 1.7418460903303765e-05
1.2 6.63386011670214e-06 5.0972772637390325e-06 1.4548158046602671e-05
1.25 6.181334646516763e-06 4.775007156730443e-06 1.4534479253721715e-05
1.3 5.391820111867315e-06 4.048258143165978e-06 1.3905103532128219e-05
1.35 5.0236835833710455e-06 3.825750072488184e-06 1.0301870414605204e-05
1.4 4.452577893462778e-06 3.380351648747026e-06 9.904966448349885e-06
1.45 4.293950474453434e-06 3.2954355760497358e-06 9.393618325039504e-06
1.5 3.2327661927210596e-06 2.469738012187018e-06 7.230492116023905e-06
1.55 3.2194280953408537e-06 2.489104894384858e-06 6.663639347796374e-06
1.6 2.904753215073045e-06 2.2008343190497817e-06 6.614444161894472e-06
1.65 2.8477314748648942e-06 2.1947619091598816e-06 5.842430319721183e-06
1.7 2.4677183170852665e-06 1.874491256643323e-06 5.3397591826318345e-06
1.75 2.2688042176162924e-06 1.7450390400990215e-06 5.071136521158651e-06
1.8 1.9033811349337111e-06 1.434238801843612e-06 4.167180637193473e-06
1.85 1.8536436214258258e-06 1.419448527926207e-06 4.343146038216579e-06
1.9 1.589842296681481e-06 1.2203738080258064e-06 3.835631688409497e-06
1.95 1.4551416799589679e-06 1.1422452828489021e-06 3.3032312638530867e-06
2.0 1.3783953085256523e-06 1.0354180137201064e-06 2.750042633242404e-06
2.05 1.246213221684951e-06 9.340534589068927e-07 2.441207173849157e-06
2.1 9.949662739375744e-07 7.798403218877344e-07 2.35182004781873e-06
2.15 9.609745554273776e-07 7.41627976456916e-07 2.42184533329114e-06
2.2 8.161655196785531e-07 6.208944921927532e-07 1.9105612231647683e-06
2.25 6.930593120043241e-07 5.383981874901028e-07 1.6687596604108129e-06
2.3 6.32888712768834e-07 4.7299727413687594e-07 1.2571003315530012e-06
2.35 5.98403543178605e-07 4.4899508282052575e-07 1.353687202730192e-06
2.4 5.715446931986384e-07 4.316204740140065e-07 1.25909094574563e-06
2.45 5.266011131172933e-07 4.0244949674701835e-07 1.2143890263469216e-06
2.5 4.4471203861441705e-07 3.4721186745165453e-07 1.0045272528029392e-06
2.55 4.403779316371741e-07 3.329639205450092e-07 9.906060160498435e-07
2.6 4.175885298765084e-07 3.174451074772629e-07 1.0292442947173437e-06
2.65 3.254904236347574e-07 2.474342025659075e-07 6.751761647901626e-07
2.7 2.992806338695179e-07 2.265333863963777e-07 6.93285087373457e-07
2.75 2.8273582735531376e-07 2.1260596339005662e-07 6.023684207377552e-07
2.8 2.6221473116232606e-07 1.9558676503695248e-07 6.167972886181576e-07
2.85 2.554568832908164e-07 1.9506279622275458e-07 5.784259221761672e-07
2.9 1.9979175572251974e-07 1.534033225926309e-07 4.5243314683466146e-07
