0.1 5.533637608900783e-05
0.2 6.215362421935196e-05
0.3 5.8802661233874835e-05
0.4 0.00011430129093318805
0.5 1.4169436450395376e-05
0.6 3.7109377645350064e-05
0.7 0.00011623350229300421
0.8 7.302149475384699e-05
0.9 -0.00012841660630943274
1.0 0.00015040235951666503
1.1 1.143082267902949e-05
1.2 0.00013527771980200289
1.3 -0.00011182974228953293
1.4 0.00010813376931839171
1.5 1.606720756547038e-05
1.6 -0.00012198679397544651
1.7 2.655427647026685e-06
1.8 0.0002495827253413028
1.9 -6.376401593331999e-05
2.0 -6.66180974162688e-05
2.1 -1.378541770624274e-05
2.2 -9.557567567293067e-06
2.3 6.853893241192245e-05
2.4 3.839529363165164e-05
2.5 -9.990568002223813e-05
2.6 -4.314537718410098e-05
2.7 0.00013493587204416603
2.8 -1.3984152461365886e-05
2.9 -4.128533239040118e-05
3.0 -5.993974491912872e-07
3.1 7.515378817054359e-05
3.2 -2.6815886241159906e-05
3.3 7.130987079527473e-05
3.4 -6.411836802802055e-05
3.5000000000000004 1.0669679151972767e-05
3.6 -5.637062834631067e-05
3.7 9.210603612547533e-05
3.8 5.836586823070738e-05
3.9 -7.422361779883607e-05
4.0 9.483641981747706e-05
4.1000000000000005 -0.00016240087201729511
4.2 -1.5932726945725156e-05
4.3 -7.608113951021217e-05
4.4 6.757704698750935e-05
4.5 7.853083773973668e-05
4.6 -0.0001167979923590546
4.700000000000001 8.702625772338585e-05
4.8 0.00014019911420246035
4.9 -0.0001323741566230304
5.0 7.167489597470966e-05
5.1 -6.445410645731348e-05
5.2 5.846346979114568e-05
5.3 -5.0283912656397755e-05
5.4 1.4908964510602029e-05
5.5 -5.037344813961758e-05
5.6 -8.555305664887736e-05
5.700000000000001 0.00012396556174622275
5.8 2.888845918428459e-05
5.9 -6.293237805824056e-05
6.0 -1.1199395251524041e-05
6.1 8.044022293767221e-06
6.2 -2.191220288103176e-05
6.3 4.217455554128937e-05
6.4 1.2020964591196587e-05
6.5 -0.00012052979893105778
6.6 0.00013686338159002822
6.7 2.2937331403264315e-05
6.8 -6.85518402813248e-05
6.900000000000001 -4.016934205405332e-05
7.000000000000001 -4.18668639129183e-05
7.1 4.3376387590841935e-05
7.2 7.849743261259697e-05
7.3 1.6278631785567868e-05
7.4 -5.114848667987738e-06
7.5 -5.07827616604324e-05
7.6 -7.191807409762249e-05
7.7 0.0001780563741627905
7.8 -0.00022281756954408176
7.9 9.09208504156347e-05
8.0 0.00019050384250603094
8.1 -9.716223226631667e-05
8.200000000000001 2.762267093765346e-05
8.3 -0.00013247583079156603
8.4 1.2703953186507782e-05
8.5 2.2338847194059482e-05
8.6 7.641580039119693e-05
8.7 -0.000110138582258807
8.8 0.00012326101831104728
8.9 -0.0001425583325756996
9.0 8.261358087201622e-05
9.1 -2.477608380648433e-05
9.2 9.916333567996742e-05
9.3 1.7144482770665862e-05
9.400000000000002 -0.00013869792516286116
9.500000000000002 -9.035097738172059e-06
9.6 0.00016349627023787164
9.7 -5.8180098810461456e-05
9.8 4.410326917379933e-06
9.9 -7.37560098652614e-05
10.0 0.00013716754163506741
