0.25 9.795057184105965e-14 7.272106028329721e-14 1.950188343480831e-13
0.3 9.320073917328594e-14 6.892472472450486e-14 1.9830581791540856e-13
0.35 9.864362151815853e-14 7.320643148979288e-14 1.9632101139274604e-13
0.4 8.795497829751799e-14 6.557219250768549e-14 1.8564913420879158e-13
0.45 9.411462329313931e-14 6.976505463717107e-14 1.9744221662338588e-13
0.5 9.936822420134443e-14 7.359343906192784e-14 2.1351077201862787e-13
0.55 9.347029924193784e-14 6.94509134533197e-14 2.2718116621012165e-13
0.6 8.554227427295102e-14 6.34412298048909e-14 1.7644018439838215e-13
0.65 8.609401844087641e-14 6.374228664857567e-14 2.036822790893761e-13
0.7 8.378100148703842e-14 6.200527818232595e-14 1.6362811028992888e-13
0.75 8.274662643870684e-14 6.205253681667903e-14 1.7109700245090867e-13
0.8 7.48051548076676e-14 5.434589232907739e-14 1.4546025741426483e-13
0.85 7.71999337612622e-14 5.6235324067817247e-14 1.6596811968258778e-13
0.9 7.302945733037575e-14 5.24010529361625e-14 1.5052322118798355e-13
0.95 6.590034325843797e-14 4.879109281571542e-14 1.3152764574046878e-13
1.0 6.70723066822523e-14 4.9316884805918026e-14 1.302244519008345e-13
1.05 5.780407328345712e-14 4.1624518795688425e-14 1.1878981834240823e-13
1.1 5.886561385316643e-14 4.345859567562195e-14 1.2436490992175058e-13
1.15 5.588936036123893e-14 4.0775583341885984e-14 1.2101973605544589e-13
1.2 5.1970574404945005e-14 3.7947888373968846e-14 1.0750820884013047e-13
1.25 5.068615188698498e-14 3.683412548205754e-14 1.0745369639384393e-13
1.3 4.701245792595122e-14 3.416831993380015e-14 9.285078498328271e-14
1.35 4.17309848853656e-14 2.959522455452916e-14 9.422874832469874e-14
1.4 4.448825099657972e-14 3.154545979633195e-14 9.062856266676175e-14
1.45 3.492845806479752e-14 2.4918786260636365e-14 6.770903477005654e-14
1.5 3.253481980268245e-14 2.2688558239076667e-14 6.324322312156349e-14
1.55 3.532221441936524e-14 2.4966101364092498e-14 7.154388246994255e-14
1.6 2.9042252719314814e-14 2.015380924909488e-14 6.307151981971764e-14
1.65 2.638875447494313e-14 1.8200606830770487e-14 4.940421307678307e-14
1.7 2.5401959140078698e-14 1.727279904817358e-14 4.546029344723758e-14
1.75 2.2606024721901496e-14 1.5003800901826616e-14 4.664094738683157e-14
1.8 2.0613717784071112e-14 1.3492693232866218e-14 4.1326913679940456e-14
1.85 1.9560020971352725e-14 1.2854263240445539e-14 3.8507800250762584e-14
1.9 1.7191209829913855e-14 1.1026616977124187e-14 3.27908809996231e-14
1.95 1.4940721161466026e-14 9.16946093815009e-15 2.5741603173263015e-14
2.0 1.4674648419543358e-14 9.114244428498955e-15 3.0079015557230294e-14
2.05 1.3104750826621278e-14 7.890223807229998e-15 2.149113913566134e-14
2.1 1.1476520677341255e-14 6.781819269637467e-15 1.9514337484045827e-14
2.15 9.813546236701217e-15 5.403767116589504e-15 1.547203093452222e-14
2.2 8.671289851990909e-15 4.4907928612930945e-15 1.3176126205641367e-14
2.25 8.28994931652459e-15 4.2370330861427656e-15 1.2483177890557254e-14
2.3 6.796473240324213e-15 3.0882340045434374e-15 8.828822776495448e-15
2.35 6.119137398356248e-15 2.6479331524668566e-15 7.754128525620557e-15
2.4 5.56550856489277e-15 2.1518123175343215e-15 5.627566229533673e-15
2.45 4.7591394285466985e-15 1.5670517527548979e-15 4.667734158883049e-15
2.5 4.7019124181474164e-15 1.5197740227654798e-15 4.1745531022755515e-15
2.55 4.073661346121699e-15 1.0531609087195085e-15 2.877094380852313e-15
2.6 3.7193205954247895e-15 7.791836356112616e-16 2.2967522827346953e-15
2.65 3.491379352352778e-15 6.277865310416968e-16 1.7920528218811034e-15
2.7 3.2373253144927058e-15 4.1323391923512007e-16 1.1346338614183579e-15
2.75 3.0832956096101112e-15 3.028030644047112e-16 9.6244017405699e-16
2.8 2.9104011804158006e-15 1.670380984498978e-16 5.226790794166581e-16
2.85 2.8153627189567223e-15 9.244659546871376e-17 2.4885116895336487e-16
2.9 2.753364964703745e-15 4.6053095595278317e-17 1.3675513181911366e-16
