0.25 0.0007523187265860778 0.0005826963812089447 0.0016178594041917575
0.3 0.0013500226282612607 0.0010291590920203974 0.003054051439235878
0.35 0.0016874670848833844 0.001293856601862667 0.004346954311945536
0.4 0.0024122993620256735 0.001841969755076841 0.005177390860443124
0.45 0.0028445139295586964 0.002179486678371245 0.006883594970162068
0.5 0.003312703495683863 0.0025091136159373474 0.00646139089497982
0.55 0.004270693809738891 0.003210506050170728 0.00969213688035182
0.6 0.00517076144138231 0.004050738299331595 0.011228730554257577
0.65 0.005857324389948949 0.004483586342398086 0.011960246504762548
0.7 0.0070190170742476 0.005368303892979967 0.015975105488908955
0.75 0.007426280949450517 0.0055402355132832355 0.016123246949021612
0.8 0.008133193256196247 0.006244742155259301 0.016784821642952457
0.85 0.009480978668001721 0.00738400784137754 0.021171340016863483
0.9 0.009703768046639734 0.007446947200508543 0.021344734237727193
0.95 0.011007342776753531 0.008544846837318869 0.02657676707580903
1.0 0.011123708937955636 0.008213098677046346 0.026356324308605284
1.05 0.012294385589926708 0.009285109789904178 0.02446902898038495
1.1 0.012079241161240619 0.009137134914135816 0.02776101070365601
1.15 0.013171288990352447 0.009966842684812079 0.02937569970921867
1.2 0.012937494231898147 0.010002952911477176 0.028446836098170794
1.25 0.01354188418677801 0.010237921678887544 0.03416555351064468
1.3 0.015623530433939284 0.011799487343398644 0.037009670825083954
1.35 0.014129884611090104 0.010781608091265878 0.02992555094054731
1.4 0.014320335182993487 0.010837145057943955 0.03217140929047946
1.45 0.01375558067708564 0.010458476797117207 0.02931595510348667
1.5 0.014350349252559545 0.011089221163261847 0.03138996155420091
1.55 0.013756337448097533 0.01025889064619736 0.02913263946764928
1.6 0.012939372105948333 0.009668407455543997 0.029496193238651602
1.65 0.013590114547103007 0.010437611284026682 0.027266043284187604
1.7 0.012534727177330361 0.0093954938963278 0.02746007016925089
1.75 0.012622300229416336 0.009593080658412302 0.026224732102914688
1.8 0.011738784432299214 0.00889255851761916 0.026146276678097834
1.85 0.012156944566740466 0.008962312539066224 0.025008470928105084
1.9 0.011505313468795204 0.008421191590534725 0.02377100247707535
1.95 0.009969905607694776 0.007409261812468148 0.02044989604164817
2.0 0.01016510825848534 0.007437698584991827 0.020283342514014514
2.05 0.009100949487045113 0.006810291995648978 0.01880539193698995
2.1 0.008594819232389432 0.006325024099818415 0.01823756181847184
2.15 0.007641557777355451 0.005696896275741608 0.01501019000751409
2.2 0.007483563510279656 0.005576689512006512 0.01612534395516254
2.25 0.005856219268291436 0.004333015291600158 0.012470950842307761
2.3 0.006007085889936002 0.004364232912279313 0.012034609748903973
2.35 0.005142500732254589 0.0038010284101487424 0.012194376160349223
2.4 0.0047013834665037115 0.003436446004501711 0.009219218104058461
2.45 0.003803156947802337 0.002692556406738002 0.007376954578694726
2.5 0.0032173282448528556 0.002383297702771521 0.006910890741982231
2.55 0.002831332901517613 0.002064088929836101 0.005512106911976004
2.6 0.002388762633194233 0.00175788364326416 0.004704770371803788
2.65 0.0019847757613115436 0.001407483815634301 0.004173608438133267
2.7 0.0016297122582299179 0.0011950710641275661 0.003840182926885969
2.75 0.0014157813671519498 0.001030112953303024 0.003544373433070988
2.8 0.0011431216509254153 0.0008443620743250901 0.002889725152854952
2.85 0.0009363323371187249 0.0007227670391686764 0.002972730676374166
2.9 0.0008705827520573711 0.0006761035536046755 0.0034186329661295774
