0.1170071140325332 6.719200855518786e-06
0.2340142280650664 1.7488528366125814e-05
0.3510213420975996 4.3556148876828374e-05
0.4680284561301328 6.109795961943546e-05
0.5850355701626659 6.921907460797712e-05
0.7020426841951992 0.0001046999740647648
0.8190497982277324 0.00012392491006179556
0.9360569122602656 0.00015365144238874156
1.0530640262927988 0.00016640394846199232
1.1700711403253319 0.00020006859499780365
1.2870782543578652 0.00023160064534645509
1.4040853683903984 0.00018993712942851762
1.5210924824229315 0.00019584718691268815
1.6380995964554648 0.00020999504979786856
1.755106710487998 0.00016362204773324857
1.872113824520531 0.0001652304299450389
1.9891209385530644 0.00013713608951292495
2.1061280525855977 9.185950829105568e-05
2.223135166618131 8.859790825748333e-05
2.3401422806506638 5.7921321146317435e-05
