0.1170071140325332 3.3741491200927593e-06
0.2340142280650664 4.9395495592173566e-05
0.3510213420975996 3.313786241416631e-06
0.4680284561301328 0.00015122111175929102
0.5850355701626659 0.0003235324186085189
0.7020426841951992 0.00019744567078981836
0.8190497982277324 1.3407434567231964e-05
0.9360569122602656 0.00016580958117455623
1.0530640262927988 1.5730059136070485e-05
1.1700711403253319 0.00022522817313716515
1.2870782543578652 6.779659425230229e-05
1.4040853683903984 1.3502766139192424e-05
1.5210924824229315 3.6615797285860346e-05
1.6380995964554648 1.635950621476603e-05
1.755106710487998 0.0002475926493404801
1.872113824520531 0.00010479066538749309
1.9891209385530644 0.00014882021968160171
2.1061280525855977 7.241956353151405e-05
2.223135166618131 0.00017929433372031352
2.3401422806506638 8.447376324771091e-06
