0.1170071140325332 1.6938867475534476e-05
0.2340142280650664 1.430474770337728e-05
0.3510213420975996 9.389625733171164e-05
0.4680284561301328 5.242586416754554e-05
0.5850355701626659 3.223215363837771e-05
0.7020426841951992 5.264123848772388e-05
0.8190497982277324 0.00020727154747007256
0.9360569122602656 7.216555122503901e-05
1.0530640262927988 6.220592263869933e-05
1.1700711403253319 8.703345171532402e-05
1.2870782543578652 0.00010449444937510152
1.4040853683903984 0.0001992793021884615
1.5210924824229315 9.482898689226478e-05
1.6380995964554648 0.00031174564540489515
1.755106710487998 9.459397667988473e-05
1.872113824520531 0.00012615139903800006
1.9891209385530644 0.00014646799178308408
2.1061280525855977 2.123421525317653e-05
2.223135166618131 9.538394330414347e-05
2.3401422806506638 3.924356759448643e-05
