δ=1999.9999999999998
ΩR=0.9999391999999999
Ωprime=0.9999391999999999
12566370614.35917
280984046.9370711
280984046.9370711
5.000304018484324e-07
nl is 117
0
0.1170071140325332
6.746798362917157e-05
4.452808039507425e-05
1
0.2340142280650664
6.614685984446504e-05
4.452808039507425e-05
2
0.3510213420975996
6.811859899182367e-05
4.4528080395074256e-05
3
0.4680284561301328
6.928827735774336e-05
4.452808039507425e-05
4
0.5850355701626659
6.441750357486867e-05
4.452808039507425e-05
5
0.7020426841951992
6.286503121327684e-05
4.4528080395074256e-05
6
0.8190497982277324
6.204184737882662e-05
4.452808039507425e-05
7
0.9360569122602656
6.652461441346028e-05
4.452808039507425e-05
8
1.0530640262927988
7.409591820809081e-05
4.452808039507424e-05
9
1.1700711403253319
6.505627651115805e-05
4.452808039507425e-05
10
1.2870782543578652
6.398529961173475e-05
4.452808039507425e-05
11
1.4040853683903984
6.942400229581467e-05
4.4528080395074256e-05
12
1.5210924824229315
6.646599028844435e-05
4.4528080395074256e-05
13
1.6380995964554648
7.048861063008306e-05
4.452808039507425e-05
14
1.755106710487998
6.675008358870364e-05
4.452808039507425e-05
15
1.872113824520531
6.43678936621055e-05
4.452808039507425e-05
16
1.9891209385530644
6.701119862917554e-05
4.4528080395074256e-05
17
2.1061280525855977
6.556067918537816e-05
4.452808039507424e-05
18
2.223135166618131
6.764839627858437e-05
4.452808039507425e-05
19
2.3401422806506638
6.724428443405607e-05
4.452808039507425e-05
