0.092 8.822954693693847e-06 6.6604102858828884e-06 1.982448530128196e-05
0.142 4.57849867703838e-05 3.397431886940712e-05 9.997531319904654e-05
0.192 0.00014289252431589649 0.00010867775558028003 0.000311604236502782
0.242 0.0003650989190457987 0.0002824296941155012 0.0008255660596453453
0.292 0.0006554322067845709 0.000498882787530446 0.0014923829361179605
0.342 0.0012274358389603745 0.0009333738093764014 0.0029166769321538402
0.392 0.0020252071716456736 0.0015441862593522542 0.004732403429231388
0.442 0.002935462067032183 0.0022288284861739704 0.005993714629311153
0.492 0.004896476007148761 0.0036217879324265045 0.010937620485317509
0.542 0.006390022298584841 0.004884224474753317 0.014295187783078922
0.592 0.008185870433571657 0.006167975258067739 0.015862814687266056
0.642 0.010334888579512798 0.007822385385874996 0.023094812550075478
0.692 0.01244126634759615 0.009543594379913324 0.027188668783481786
0.742 0.01289876327535051 0.009713422464078822 0.025460918664525913
0.792 0.018542977573775606 0.014271263842853961 0.0456016890626363
0.842 0.019726071376503996 0.015267140765906604 0.04514126996711549
0.892 0.021945446077506238 0.016587589883237913 0.05118393925966409
0.942 0.022318816334117794 0.01688770893707589 0.05027333839073353
0.992 0.026347342386893534 0.02029509930601489 0.05634380322914204
1.042 0.02525123632464151 0.019680103651252764 0.053391696935807996
1.092 0.02654051837357767 0.020225157084581336 0.05905622096121421
1.142 0.025351057715065784 0.01887092956999102 0.057231302339941406
1.192 0.025115707369368582 0.01945204326876282 0.056547985768999706
1.242 0.02657978012574167 0.020000242366633534 0.05621759673883051
1.292 0.02430277222972145 0.018028520654548068 0.05152186664126786
1.342 0.024269450546776775 0.017989035731907577 0.05016574251177858
1.392 0.02140364735882321 0.016297917064844274 0.04909141353726979
1.442 0.020610865182444447 0.01584263736241154 0.046236807515961334
1.492 0.015230490745056051 0.011425046304597994 0.0326935714096283
1.542 0.012947289821258607 0.00966862121837237 0.023983290709148397
1.592 0.01135797941177703 0.00830017915069134 0.021352161740971962
1.642 0.00852536589207833 0.006371283138538441 0.02004148949086682
1.692 0.0069185781217461564 0.005169334029966807 0.014642366278434637
1.742 0.005308383507876281 0.0039832692602376745 0.011035326993126152
1.792 0.0034544220062113686 0.002546492232646344 0.007251795270985551
1.842 0.002504556469285586 0.0018645862166804072 0.006002697969376425
1.892 0.0015440110988589348 0.0011421347482002966 0.004242279786403635
1.942 0.001235862435206997 0.0009509970398167488 0.004994097628922353
1.992 0.0010788639034664366 0.0008571061322119845 0.004278179174794679
2.042 0.0010190251126093316 0.0007985435659449029 0.003643949505921549
2.092 0.001151083649651017 0.0008987165433611203 0.004216411580418747
2.142 0.0017659276833124746 0.0013427905767248209 0.004671306648350853
2.192 0.0019593158926769507 0.0014681276096263883 0.0068824143332685385
2.242 0.002267392651821045 0.0016559504406577468 0.005754880791494697
2.292 0.0025960286963764845 0.0019149910984212297 0.006959251871668979
2.342 0.002877803333455485 0.00212862979261494 0.007093844587835849
2.392 0.0032445468365864026 0.0023677844711456467 0.007650727093310029
2.442 0.0032437028180722894 0.002417287343129741 0.007539977151696013
2.492 0.002819528487279457 0.0020724489741378747 0.006230252921698304
2.542 0.0028000438033141863 0.0020603347170620743 0.005838337143326493
2.592 0.002602001990781497 0.0018773452205996164 0.006255638831860198
2.642 0.002465321728532109 0.00181398866199288 0.005589584525522688
2.692 0.0021046587207085316 0.0015210086134782592 0.005769803142819903
2.742 0.0017792135286903048 0.001309257273658851 0.004775681844585595
2.792 0.001304691604240077 0.0009913306908136098 0.003648197607726534
2.842 0.0010487198738924123 0.0007803317489034085 0.003083882351512734
2.892 0.0008553337560123778 0.0006608474475139569 0.002910749324779829
