0.092 0.0025014261315590212 0.0019077557181593026 0.006198110732640726
0.142 0.002401227816529761 0.001844924436558368 0.005590465335912776
0.192 0.002460730815695034 0.0018825662667016118 0.005511505932705689
0.242 0.00252420644284778 0.0019026629873690228 0.005507432379376088
0.292 0.002719587211376921 0.00210597203843581 0.006647767628582249
0.342 0.002668832179721777 0.0020256918650369497 0.0062938856412206754
0.392 0.0025748185818662518 0.001999258352201807 0.005361756206083983
0.442 0.0027930342901192175 0.0021109791509318606 0.006231916215426712
0.492 0.0026856149401495153 0.002097288522132209 0.00570184363380681
0.542 0.0028418991742683447 0.0021570554190363644 0.006490906432142304
0.592 0.003107274887857289 0.0023647730792942983 0.006831780132768597
0.642 0.003078969418146832 0.0023588484424260647 0.006923183654615999
0.692 0.002979526230354598 0.0022224232652834387 0.006716491473951776
0.742 0.0027310145838466493 0.0020506734734904043 0.005841739011841711
0.792 0.0032059872994876083 0.0024289520240134733 0.006978441986078556
0.842 0.002950101062331664 0.002270654216505333 0.006087460266110957
0.892 0.0029283267796276196 0.002257504440904196 0.007049227190713495
0.942 0.0029463514551951596 0.0022658007693856174 0.006696971355277505
0.992 0.00274704963939239 0.002121251560386298 0.005824203485084962
1.042 0.002990386367799758 0.0022847956692705657 0.0065378860432708024
1.092 0.003193082396117728 0.002388927734698776 0.007040150625639071
1.142 0.002763444530278748 0.002089025608788316 0.007040073681364144
1.192 0.0030344279293378347 0.0022917728711283176 0.00646877408289137
1.242 0.0027843715202234597 0.0020696802671593207 0.00621710614195189
1.292 0.0029081722430862934 0.0022128638653160487 0.006269496601032592
1.342 0.0027231194518061367 0.0020612269134090483 0.005957187567848042
1.392 0.002751250136099747 0.0020895846487584513 0.0061350849001814015
1.442 0.002583519258160791 0.001963193876676236 0.005385433208435242
1.492 0.002721071439045637 0.00210735235779638 0.006175239624658772
1.542 0.002832005021688562 0.0021508876026879653 0.006146387268438609
1.592 0.002682252869027888 0.002033255019108322 0.005898092112212696
1.642 0.0025070260802105286 0.0018830673338621267 0.005475510208825103
1.692 0.0026279616888331705 0.001997034871951219 0.005734812610223796
1.742 0.002295042107367823 0.0017676728312707721 0.00531142883212244
1.792 0.002505039986021908 0.0019122042406514565 0.005509425879259332
1.842 0.0024403644954045602 0.0018639381853159628 0.005504645593392283
1.892 0.0024383389026786627 0.0018951156810037542 0.00575065572773392
1.942 0.002538059191926778 0.0019207194537512581 0.005522489139724509
1.992 0.0026153052534082766 0.0020170741409604163 0.005796301733354691
2.042 0.002467428333745725 0.0018487139194609148 0.0052942547450918415
2.092 0.0027676390654914045 0.0021145538626225952 0.00647080442078933
2.142 0.002370208091792455 0.0017998910749245254 0.005357283568393015
2.192 0.002496075389671264 0.0018994921211793572 0.005005247118791256
2.242 0.002497593183943847 0.0019021154487776748 0.005662769177505025
2.292 0.0025005650760130745 0.001912631009393308 0.005697184376264613
2.342 0.002264742048131311 0.001735078301773302 0.005398921568299533
2.392 0.0024076223377690244 0.0018328972359140557 0.005564862134625677
2.442 0.002213083415583526 0.0016757934383981887 0.005011176669221915
2.492 0.0023434953057682954 0.0017743706798931205 0.005578566215027557
2.542 0.00255179145276479 0.0019480519722784603 0.005656500316895774
2.592 0.0022642792046363015 0.0017185000731651378 0.004568558291381674
2.642 0.0023974411612360984 0.0017914909212013905 0.005393416206587282
2.692 0.002505577971560228 0.0018599940329134584 0.005583722363284636
2.742 0.0022879424599767835 0.001798716631425901 0.005187358652068502
2.792 0.002473621495827718 0.0018722215135833454 0.006307611895868653
2.842 0.002509976286802248 0.0019273074631640413 0.005842048973167767
2.892 0.002361495237292355 0.0018286345453663007 0.005300581684988674
