0.092 9.354218253217066e-06 7.111309184317016e-06 2.1031896411120055e-05
0.142 4.741172725560961e-05 3.627137768840695e-05 0.00010769496210479543
0.192 0.00015186977625603014 0.00011515256824666063 0.000336224247506879
0.242 0.0003352154151421566 0.0002507612111218449 0.0006569343140286932
0.292 0.0007838742670708198 0.0005957101447799112 0.0017768933480849089
0.342 0.0011399836842132833 0.000855668469603243 0.0024411917071889425
0.392 0.0019373274891126113 0.0014709633154095015 0.004331932713644129
0.442 0.0032377589774614584 0.0024533104292809547 0.007108396863795911
0.492 0.0043142337220979845 0.003274219903462245 0.00886099802364696
0.542 0.00593066623645797 0.0044755708696471806 0.013393386781663826
0.592 0.00798668005082428 0.005999575082723767 0.01778998261654508
0.642 0.009767295727709657 0.0074713763199328 0.021494651866882174
0.692 0.0118072030512259 0.008962008211896797 0.026602302448919195
0.742 0.014592263462978133 0.010894890479987606 0.03448943255594879
0.792 0.01601842818551052 0.011998324903802144 0.034857147287206396
0.842 0.01771029506099571 0.013357263770359975 0.03745433462733225
0.892 0.022465101084038416 0.01673215586442128 0.046172209825541655
0.942 0.024276451574776613 0.018492754242126565 0.04884912976368629
0.992 0.025111169661565125 0.019195507122124655 0.05450018027760528
1.042 0.02821667937383237 0.021753642893650494 0.06566104880591432
1.092 0.02732373084725862 0.020694560873583897 0.05956273414382114
1.142 0.024130751636231604 0.018240700760203687 0.05037223085715591
1.192 0.027491526397568994 0.020269219790500035 0.05284214824884378
1.242 0.023754947067810825 0.017596389231829032 0.05170089651537616
1.292 0.02688951250715191 0.02015376410535816 0.05598324556915874
1.342 0.023031281258101916 0.017324084612165235 0.05065194876495951
1.392 0.02015167906189318 0.01502002573414821 0.04251270426212714
1.442 0.017560794701808952 0.013356555276874262 0.03553184371915403
1.492 0.01709261898718473 0.012876094155508005 0.03770945534101341
1.542 0.012665154710677378 0.009698562750716667 0.027520867715658162
1.592 0.011487129226389649 0.008380347299386807 0.024793877184682275
1.642 0.009029420372107494 0.006625750437395317 0.018304663425992993
1.692 0.00642563922231808 0.004772890973926816 0.013805051725735651
1.742 0.005118830609455749 0.003694840953632737 0.011939580044211242
1.792 0.0035147345873991574 0.00251776071098786 0.008312707201452588
1.842 0.002434068365753349 0.0017683573044936292 0.0053774879385950335
1.892 0.001813956757404432 0.0013822494510585654 0.006281720982643989
1.942 0.0012512968178048903 0.000993616219014728 0.004852875638994467
1.992 0.0008078115625275265 0.0006463951585582269 0.003495632381668304
2.042 0.001047462106209868 0.0008465848500588303 0.00396047428928152
2.092 0.0011206767383919011 0.0008674577781787478 0.003589020973037868
2.142 0.001504443581730504 0.0011325055719064038 0.0044230937575374255
2.192 0.0017914084625613553 0.0013351127021816078 0.004963472042037869
2.242 0.0023749847527366284 0.001810668767528335 0.005783850465149535
2.292 0.0028328482480156052 0.0021123427456140285 0.007162127517196202
2.342 0.0030128428410351195 0.002229814950821535 0.007468743495915753
2.392 0.0031198206087418353 0.002314109797058137 0.007929822399172733
2.442 0.0032357009680575237 0.002375507211055424 0.006995134151674942
2.492 0.0031904381351031503 0.0023414289324091017 0.007114449407511991
2.542 0.003136317060580882 0.0023196369926250238 0.0076521389151481285
2.592 0.0027335327638588845 0.0020188275839739533 0.0058814259105355255
2.642 0.0023360948770800596 0.0017145156230964466 0.004707463126211397
2.692 0.001995348589825518 0.001453614877680336 0.004543461842315205
2.742 0.0017379531810174798 0.0013164844574332305 0.004888935362054376
2.792 0.001327170518302056 0.0009809547234441043 0.0037842858268379532
2.842 0.0012493679061306665 0.0009496911999729976 0.005295701431950142
2.892 0.0008373945321010947 0.0006489029382357571 0.003037908141356032
2.942 0.0007601661049609453 0.0006086294554046362 0.0027180674159357635
2.992 0.0006976753470760627 0.0005616158263158187 0.0034756629983391913
3.042 0.0006950219609532202 0.0005653021298954022 0.0026234886606751728
3.092 0.0007651564692683641 0.0006028028028098237 0.0032257816862458688
3.142 0.0009148358423317929 0.0007064916823849162 0.0032247902815288774
3.192 0.00101068980359193 0.0007642933554386246 0.0038877654826170445
3.242 0.001184883930539786 0.0008822102501356882 0.0029447488252796984
3.292 0.0014860240988767714 0.0011259733497193608 0.0036051981555896852
3.342 0.0013985672420307033 0.0010166078829152362 0.003333986487344334
3.392 0.0015161039681075136 0.0011137440345901735 0.0038167567986410076
3.442 0.0016415445006886526 0.0011943108901841016 0.004287113970942826
3.492 0.0016660146332200013 0.0012295339750530165 0.004164267863168904
3.542 0.0016845264337197374 0.001262363995710255 0.004368141535066438
3.592 0.001362288045959857 0.0010035699881157112 0.003461582633628745
3.642 0.0013876937998898444 0.0010214995579144106 0.0034899989145014904
3.692 0.0012232234896085222 0.0009143977446759127 0.003205814782131657
3.742 0.0009755664827093529 0.0007337913340482569 0.002655003858296037
3.792 0.000924618774615273 0.0006872636924076933 0.0024211780884932487
3.842 0.0007406222502321764 0.0005566571302023153 0.002515460419108571
3.892 0.0007518163330626114 0.0005908914818311355 0.0029415560896903607
3.942 0.0006312692878307723 0.0004957004243192197 0.0023292352096247514
3.992 0.0005432985386654936 0.00044118423404914493 0.0019734551048030493
4.042 0.0005405846677537024 0.00043844528572229753 0.001912452768270107
4.092 0.0005463126788536315 0.0004365868736581818 0.0017466209985290268
4.142 0.0008083559241267335 0.0006360642159171362 0.003756073900701857
4.192 0.0008977712608092165 0.0006896530036676009 0.003106691545323997
4.242 0.0008675089357070906 0.0006663877559747081 0.002683299588951509
4.292 0.0009522961787309991 0.0007310825844376983 0.0028236337647146014
4.342 0.0010059113146919673 0.0007514156653383838 0.003375072344806109
4.392 0.0011744974375696696 0.0008860894208039928 0.002959403759019497
4.442 0.0012262125135998573 0.0009153517311189847 0.0033050459880266565
4.492 0.0010467904845713294 0.0007656497652648069 0.0027874739331621773
4.542 0.0011943693899424846 0.0008900156213991415 0.0030719535372678024
4.592 0.001106609794294845 0.0008320734237109811 0.0031264949312923016
4.642 0.0009290994247692952 0.0007033543225239956 0.002607856475709137
4.692 0.000950004378518272 0.0007301797032057498 0.002687178119791985
4.742 0.0007992501732204722 0.0006039673221510358 0.002537633066915986
4.792 0.0008062030231276723 0.000620628236543221 0.0031604567667034345
4.842 0.0007458403952440081 0.000578106621557925 0.0026099119274809895
4.892 0.000605913457609444 0.0004821360562326131 0.001829702398402224
4.942 0.0005918182497446709 0.00047915512001926405 0.003573725570290511
4.992 0.0005458722657640637 0.00045010618097629187 0.0020692755039701184
5.042 0.0007138986222902993 0.0005779891536814943 0.0031502651166346535
5.092 0.0006086235881069414 0.00048660095232497133 0.0023694911849086973
5.142 0.0006452187531796274 0.0005056210755031788 0.002414133669982777
5.192 0.0006289447596158367 0.00048108363345021696 0.002071837018798068
5.242 0.0008731759481404464 0.0006808188037342779 0.0026257977793613875
5.292 0.0008197849006704985 0.0006180513380295041 0.0023726823464606597
5.342 0.0008316520993626795 0.0006307592152382596 0.002226890204567599
5.392 0.0009993210553841151 0.0007627726384607904 0.0030064367175026935
5.442 0.0009580450522249845 0.0007150408140891314 0.002776830805968241
5.492 0.0009990037384481588 0.0007591746562952958 0.0029622785090951827
5.542 0.0009613947568348002 0.0007343497142481827 0.0026343712896914648
5.592 0.0009248073341916175 0.0006943365269766131 0.0027776942931338412
5.642 0.0009080893627173035 0.0006890828516894972 0.002781727094526595
5.692 0.0008072924842708315 0.0006087006964411353 0.0023328894705140816
5.742 0.0007468653112748585 0.0005775313305288904 0.0022846519617428186
5.792 0.0006475250919979996 0.0005089566730837198 0.002882791801394883
5.842 0.0005117193703964887 0.0003981583161224641 0.0017467736377930108
5.892 0.0005258721507418686 0.00041894798565748524 0.0019999077067231054
