2.15 1.1137876005013429e-05
2.3 2.4489031194056556e-05
2.45 2.208853551461654e-05
2.6 2.462811811066456e-05
2.75 1.4279869786410735e-05
2.9 1.772883658182404e-06
3.05 7.545557353047126e-07
3.2 6.017328257587368e-06
3.35 1.0810196681945102e-05
3.5 1.4253414754707216e-05
3.65 1.220572811903566e-05
3.8 4.612015573113698e-06
3.95 3.843388987832387e-07
4.1 1.0018424145965522e-06
4.25 4.160800668192218e-06
4.4 6.042361104370896e-06
4.55 8.799264667101076e-06
4.7 5.553700858941536e-06
4.85 1.425425839869714e-06
5.0 1.2131137312532503e-07
5.15 1.344191923282388e-06
5.3 4.048565596736038e-06
5.45 4.8107009375711084e-06
5.6 4.452560344508236e-06
5.75 1.8889763285645605e-06
5.9 6.304103920407293e-07
6.05 2.3214206840839955e-07
6.2 1.4438205821106775e-06
6.35 2.8695817150776842e-06
6.5 2.982757369517602e-06
6.65 3.1338967061958127e-06
6.8 1.2674736269931508e-06
6.95 1.5315921410270577e-07
7.1 4.089007606295684e-07
7.25 1.3465519681071482e-06
7.4 2.607630284765959e-06
7.550000000000001 2.7676923693128346e-06
7.699999999999999 1.9905771958136705e-06
7.85 5.495432632772527e-07
8.0 8.09811745050828e-08
