0.0 1.801763241149836e-05 0.1 0.1
0.0009999999999999998 2.044912841665228e-05 0.1 0.1
0.0019999999999999996 2.2067650679037324e-05 0.1 0.1
0.0029999999999999996 1.9376755684082827e-05 0.1 0.1
0.003999999999999999 1.770713397626245e-05 0.1 0.1
0.004999999999999999 1.9855243658383074e-05 0.1 0.1
0.005999999999999999 2.170256020735413e-05 0.1 0.1
0.006999999999999999 2.0753901758368402e-05 0.1 0.1
0.007999999999999998 2.0791775052308474e-05 0.1 0.1
0.008999999999999998 1.9062186534406565e-05 0.1 0.1
0.009999999999999998 1.8080908232342937e-05 0.1 0.1
0.010999999999999998 2.136109846586784e-05 0.1 0.1
0.011999999999999999 2.0862984623053102e-05 0.1 0.1
0.012999999999999998 1.9855172625215987e-05 0.1 0.1
0.013999999999999999 1.860722392080578e-05 0.1 0.1
0.014999999999999998 2.0271054448194633e-05 0.1 0.1
0.015999999999999997 1.958913847886646e-05 0.1 0.1
0.016999999999999998 2.0222352623975667e-05 0.1 0.1
0.017999999999999995 2.0835672791435786e-05 0.1 0.1
0.018999999999999996 2.0220656693634356e-05 0.1 0.1
0.019999999999999997 2.0127795895228106e-05 0.1 0.1
0.020999999999999998 2.0848825666795423e-05 0.1 0.1
0.021999999999999995 1.9854403926678407e-05 0.1 0.1
0.022999999999999996 2.0158898774937215e-05 0.1 0.1
0.023999999999999997 1.9704958719785566e-05 0.1 0.1
0.024999999999999998 1.736381063320107e-05 0.1 0.1
0.025999999999999995 1.9027583983313285e-05 0.1 0.1
0.026999999999999996 1.929246055530941e-05 0.1 0.1
0.027999999999999997 2.14937579921167e-05 0.1 0.1
0.028999999999999998 1.9404520290367128e-05 0.1 0.1
0.029999999999999995 1.9921619584151174e-05 0.1 0.1
0.030999999999999996 1.9358463771620625e-05 0.1 0.1
0.031999999999999994 1.995478311822491e-05 0.1 0.1
0.032999999999999995 2.1260171235145112e-05 0.1 0.1
0.033999999999999996 1.9871456321267678e-05 0.1 0.1
0.03499999999999999 2.1246921068139205e-05 0.1 0.1
0.03599999999999999 2.105565461989512e-05 0.1 0.1
0.03699999999999999 2.0504363834844267e-05 0.1 0.1
0.03799999999999999 1.90947020043423e-05 0.1 0.1
0.03899999999999999 1.839156625680425e-05 0.1 0.1
0.039999999999999994 2.156505125843133e-05 0.1 0.1
0.040999999999999995 2.0115825901986784e-05 0.1 0.1
0.041999999999999996 2.0436327515506637e-05 0.1 0.1
0.04299999999999999 2.1690858346666354e-05 0.1 0.1
0.04399999999999999 2.0297487380110807e-05 0.1 0.1
0.04499999999999999 2.021267299538483e-05 0.1 0.1
0.04599999999999999 2.152302780452512e-05 0.1 0.1
0.04699999999999999 2.2817311289861514e-05 0.1 0.1
0.047999999999999994 1.9870793827038366e-05 0.1 0.1
0.048999999999999995 1.8940399674402723e-05 0.1 0.1
