
ARP 21.14263401 0.59077074 cccz 0.0 Delta_T_phases for b=200.0 
1.0
0.999663634107576
0.9996636341075761
0.9993278691011711
0.9996636341075761
0.9993278691011713
0.9993278691011711
0.998992047846433
0.9996636341075761
0.9993278691011712
0.999327869101171
0.9989920478464329
0.9993278691011712
0.9989920478464331
0.998992047846433
0.998656376968527
0.9996636341075761
0.999411090014903
0.999411090014903
0.9936850674102539
0.999411090014903
0.9936850674102539
0.9936850674102539
0.9977154003326381
0.999411090014903
0.9936850674102539
0.9936850674102538
0.9977154003326382
0.9936850674102539
0.997715400332638
0.997715400332638
0.99799064449692
0.9912865103778465
0.990162310397958

ARP 21.14263401 0.59077074 cccz 0.05 Delta_T_phases for b=200.0 
1.0
0.999663634107576
0.9996636341075761
0.9766717578635254
0.9996636341075761
0.9766717578635257
0.9766717578635254
0.5850979967892433
0.9996636341075761
0.9766717578635256
0.9766717578635253
0.5850979967892432
0.9766717578635256
0.5850979967892435
0.5850979967892433
0.4666400837537891
0.9996636341075761
0.999411090014903
0.999411090014903
0.949725024106544
0.999411090014903
0.949725024106544
0.949725024106544
0.6937172665993319
0.999411090014903
0.949725024106544
0.9497250241065439
0.693717266599332
0.949725024106544
0.6937172665993319
0.6937172665993319
0.4656501018532477
0.435962723028613
0.8479036237853583

ARP 21.14263401 0.59077074 cccz 0.1 Delta_T_phases for b=200.0 
1.0
0.999663634107576
0.9996636341075761
0.6199605397246919
0.9996636341075761
0.6199605397246921
0.6199605397246919
0.726417570778927
0.9996636341075761
0.619960539724692
0.6199605397246919
0.726417570778927
0.619960539724692
0.7264175707789271
0.726417570778927
0.6442139204961242
0.9996636341075761
0.999411090014903
0.999411090014903
0.5557462562023204
0.999411090014903
0.5557462562023204
0.5557462562023204
0.642653443997708
0.999411090014903
0.5557462562023204
0.5557462562023203
0.6426534439977081
0.5557462562023204
0.6426534439977079
0.6426534439977079
0.7200625653971858
0.25559292559136065
0.7316886156037027

ARP 21.14263401 0.59077074 cccz 0.15 Delta_T_phases for b=200.0 
1.0
0.999663634107576
0.9996636341075761
0.5010463528461572
0.9996636341075761
0.5010463528461573
0.5010463528461572
0.331256026517991
0.9996636341075761
0.5010463528461572
0.5010463528461571
0.331256026517991
0.5010463528461572
0.3312560265179911
0.331256026517991
0.6419248180508635
0.9996636341075761
0.999411090014903
0.999411090014903
0.5063814866913181
0.999411090014903
0.5063814866913181
0.5063814866913181
0.4708171324451035
0.999411090014903
0.5063814866913181
0.506381486691318
0.47081713244510354
0.5063814866913181
0.4708171324451034
0.4708171324451034
0.0876722771972069
0.28978828399819373
0.614188104904713

ARP 21.14263401 0.59077074 cccz 0.2 Delta_T_phases for b=200.0 
1.0
0.999663634107576
0.9996636341075761
0.9310058164521717
0.9996636341075761
0.931005816452172
0.9310058164521717
0.8723496096159046
0.9996636341075761
0.9310058164521718
0.9310058164521716
0.8723496096159045
0.9310058164521718
0.8723496096159046
0.8723496096159046
0.8506767184197551
0.9996636341075761
0.999411090014903
0.999411090014903
0.8953138057870205
0.999411090014903
0.8953138057870205
0.8953138057870205
0.8181245148446161
0.999411090014903
0.8953138057870205
0.8953138057870204
0.8181245148446162
0.8953138057870205
0.8181245148446161
0.8181245148446161
0.7609811289710949
0.7546630754738348
0.8995024014781056

ARP 21.14263401 0.59077074 cccz 0.25 Delta_T_phases for b=200.0 
1.0
0.999663634107576
0.9996636341075761
0.9973224495740435
0.9996636341075761
0.9973224495740437
0.9973224495740435
0.9932360802852523
0.9996636341075761
0.9973224495740436
0.9973224495740434
0.9932360802852522
0.9973224495740436
0.9932360802852525
0.9932360802852523
0.9880185494991323
0.9996636341075761
0.999411090014903
0.999411090014903
0.9781582182812472
0.999411090014903
0.9781582182812472
0.9781582182812472
0.9584940429020389
0.999411090014903
0.9781582182812472
0.978158218281247
0.958494042902039
0.9781582182812472
0.9584940429020388
0.9584940429020388
0.9483289859840524
0.8840967349296768
0.9127932268898883

ARP 21.14263401 0.59077074 cccz 0.3 Delta_T_phases for b=200.0 
1.0
0.999663634107576
0.9996636341075761
0.9994249323758149
0.9996636341075761
0.9994249323758151
0.9994249323758149
0.9988350037826891
0.9996636341075761
0.999424932375815
0.9994249323758148
0.998835003782689
0.999424932375815
0.9988350037826892
0.9988350037826891
0.9978881874901394
0.9996636341075761
0.999411090014903
0.999411090014903
0.9878267247733156
0.999411090014903
0.9878267247733156
0.9878267247733156
0.9771174065962305
0.999411090014903
0.9878267247733156
0.9878267247733155
0.9771174065962306
0.9878267247733156
0.9771174065962304
0.9771174065962304
0.9732569362405
0.7078104865708589
0.7630953110047701

ARP 21.14263401 0.59077074 cccz 0.0 Delta_T_phases for b=200.0 
1.0
0.999663634107576
0.9996636341075761
0.9993278691011711
0.9996636341075761
0.9993278691011713
0.9993278691011711
0.998992047846433
0.9996636341075761
0.9993278691011712
0.999327869101171
0.9989920478464329
0.9993278691011712
0.9989920478464331
0.998992047846433
0.998656376968527
0.9996636341075761
0.999411090014903
0.999411090014903
0.9936850674102539
0.999411090014903
0.9936850674102539
0.9936850674102539
0.9977154003326381
0.999411090014903
0.9936850674102539
0.9936850674102538
0.9977154003326382
0.9936850674102539
0.997715400332638
0.997715400332638
0.99799064449692
0.9912865103778465
0.990162310397958

ARP 21.14263401 0.59077074 cccz 0.05 Delta_T_phases for b=200.0 
1.0
0.999663634107576
0.9996636341075761
0.9766717578635254
0.9996636341075761
0.9766717578635257
0.9766717578635254
0.5850979967892433
0.9996636341075761
0.9766717578635256
0.9766717578635253
0.5850979967892432
0.9766717578635256
0.5850979967892435
0.5850979967892433
0.4666400837537891
0.9996636341075761
0.999411090014903
0.999411090014903
0.949725024106544
0.999411090014903
0.949725024106544
0.949725024106544
0.6937172665993319
0.999411090014903
0.949725024106544
0.9497250241065439
0.693717266599332
0.949725024106544
0.6937172665993319
0.6937172665993319
0.4656501018532477
0.435962723028613
0.8479036237853583

ARP 21.14263401 0.59077074 cccz 0.1 Delta_T_phases for b=200.0 
1.0
0.999663634107576
0.9996636341075761
0.6199605397246919
0.9996636341075761
0.6199605397246921
0.6199605397246919
0.726417570778927
0.9996636341075761
0.619960539724692
0.6199605397246919
0.726417570778927
0.619960539724692
0.7264175707789271
0.726417570778927
0.6442139204961242
0.9996636341075761
0.999411090014903
0.999411090014903
0.5557462562023204
0.999411090014903
0.5557462562023204
0.5557462562023204
0.642653443997708
0.999411090014903
0.5557462562023204
0.5557462562023203
0.6426534439977081
0.5557462562023204
0.6426534439977079
0.6426534439977079
0.7200625653971858
0.25559292559136065
0.7316886156037027

ARP 21.14263401 0.59077074 cccz 0.15 Delta_T_phases for b=200.0 
1.0
0.999663634107576
0.9996636341075761
0.5010463528461572
0.9996636341075761
0.5010463528461573
0.5010463528461572
0.331256026517991
0.9996636341075761
0.5010463528461572
0.5010463528461571
0.331256026517991
0.5010463528461572
0.3312560265179911
0.331256026517991
0.6419248180508635
0.9996636341075761
0.999411090014903
0.999411090014903
0.5063814866913181
0.999411090014903
0.5063814866913181
0.5063814866913181
0.4708171324451035
0.999411090014903
0.5063814866913181
0.506381486691318
0.47081713244510354
0.5063814866913181
0.4708171324451034
0.4708171324451034
0.0876722771972069
0.28978828399819373
0.614188104904713

ARP 21.14263401 0.59077074 cccz 0.2 Delta_T_phases for b=200.0 
1.0
0.999663634107576
0.9996636341075761
0.9310058164521717
0.9996636341075761
0.931005816452172
0.9310058164521717
0.8723496096159046
0.9996636341075761
0.9310058164521718
0.9310058164521716
0.8723496096159045
0.9310058164521718
0.8723496096159046
0.8723496096159046
0.8506767184197551
0.9996636341075761
0.999411090014903
0.999411090014903
0.8953138057870205
0.999411090014903
0.8953138057870205
0.8953138057870205
0.8181245148446161
0.999411090014903
0.8953138057870205
0.8953138057870204
0.8181245148446162
0.8953138057870205
0.8181245148446161
0.8181245148446161
0.7609811289710949
0.7546630754738348
0.8995024014781056

ARP 21.14263401 0.59077074 cccz 0.25 Delta_T_phases for b=200.0 
1.0
0.999663634107576
0.9996636341075761
0.9973224495740435
0.9996636341075761
0.9973224495740437
0.9973224495740435
0.9932360802852523
0.9996636341075761
0.9973224495740436
0.9973224495740434
0.9932360802852522
0.9973224495740436
0.9932360802852525
0.9932360802852523
0.9880185494991323
0.9996636341075761
0.999411090014903
0.999411090014903
0.9781582182812472
0.999411090014903
0.9781582182812472
0.9781582182812472
0.9584940429020389
0.999411090014903
0.9781582182812472
0.978158218281247
0.958494042902039
0.9781582182812472
0.9584940429020388
0.9584940429020388
0.9483289859840524
0.8840967349296768
0.9127932268898883

ARP 21.14263401 0.59077074 cccz 0.3 Delta_T_phases for b=200.0 
1.0
0.999663634107576
0.9996636341075761
0.9994249323758149
0.9996636341075761
0.9994249323758151
0.9994249323758149
0.9988350037826891
0.9996636341075761
0.999424932375815
0.9994249323758148
0.998835003782689
0.999424932375815
0.9988350037826892
0.9988350037826891
0.9978881874901394
0.9996636341075761
0.999411090014903
0.999411090014903
0.9878267247733156
0.999411090014903
0.9878267247733156
0.9878267247733156
0.9771174065962305
0.999411090014903
0.9878267247733156
0.9878267247733155
0.9771174065962306
0.9878267247733156
0.9771174065962304
0.9771174065962304
0.9732569362405
0.7078104865708589
0.7630953110047701

ARP 21.14263401 0.59077074 cccz 1e-05 Delta_T_phases for b=200.0 
1.0
0.999663634107576
0.9996636341075761
0.9993278676385392
0.9996636341075761
0.9993278676385394
0.9993278676385392
0.9989920480837433
0.9996636341075761
0.9993278676385393
0.9993278676385391
0.9989920480837432
0.9993278676385393
0.9989920480837434
0.9989920480837433
0.9986563737039493
0.9996636341075761
0.999411090014903
0.999411090014903
0.9936876354040953
0.999411090014903
0.9936876354040953
0.9936876354040953
0.997716684281562
0.999411090014903
0.9936876354040953
0.9936876354040952
0.9977166842815621
0.9936876354040953
0.9977166842815619
0.9977166842815619
0.9979906457400248
0.9911565258232271
0.990044273580095

ARP 21.14263401 0.59077074 cccz 0.0 Delta_T_phases for b=200.0 
1.0
0.999663634107576
0.9996636341075761
0.9993278691011711
0.9996636341075761
0.9993278691011713
0.9993278691011711
0.998992047846433
0.9996636341075761
0.9993278691011712
0.999327869101171
0.9989920478464329
0.9993278691011712
0.9989920478464331
0.998992047846433
0.998656376968527
0.9996636341075761
0.999411090014903
0.999411090014903
0.9936850674102539
0.999411090014903
0.9936850674102539
0.9936850674102539
0.9977154003326381
0.999411090014903
0.9936850674102539
0.9936850674102538
0.9977154003326382
0.9936850674102539
0.997715400332638
0.997715400332638
0.99799064449692
0.9912865103778465
0.990162310397958

ARP 21.14263401 0.59077074 cccz 1e-05 Delta_T_phases for b=200.0 
1.0
0.999663634107576
0.9996636341075761
0.9993278676385392
0.9996636341075761
0.9993278676385394
0.9993278676385392
0.9989920480837433
0.9996636341075761
0.9993278676385393
0.9993278676385391
0.9989920480837432
0.9993278676385393
0.9989920480837434
0.9989920480837433
0.9986563737039493
0.9996636341075761
0.999411090014903
0.999411090014903
0.9936876354040953
0.999411090014903
0.9936876354040953
0.9936876354040953
0.997716684281562
0.999411090014903
0.9936876354040953
0.9936876354040952
0.9977166842815621
0.9936876354040953
0.9977166842815619
0.9977166842815619
0.9979906457400248
0.9911565258232271
0.990044273580095

ARP 21.14263401 0.59077074 cccz 2e-05 Delta_T_phases for b=200.0 
1.0
0.999663634107576
0.9996636341075761
0.9993278661840637
0.9996636341075761
0.9993278661840639
0.9993278661840637
0.9989920483626886
0.9996636341075761
0.9993278661840638
0.9993278661840636
0.9989920483626885
0.9993278661840638
0.9989920483626887
0.9989920483626886
0.9986563781751712
0.9996636341075761
0.999411090014903
0.999411090014903
0.9936902217795102
0.999411090014903
0.9936902217795102
0.9936902217795102
0.9977179739547298
0.999411090014903
0.9936902217795102
0.99369022177951
0.9977179739547299
0.9936902217795102
0.9977179739547297
0.9977179739547297
0.9979906638269229
0.9910353987493232
0.9899343107182296

ARP 21.14263401 0.59077074 cccz 4e-05 Delta_T_phases for b=200.0 
1.0
0.999663634107576
0.9996636341075761
0.9993278632616102
0.9996636341075761
0.9993278632616104
0.9993278632616102
0.9989920490415842
0.9996636341075761
0.9993278632616103
0.99932786326161
0.9989920490415841
0.9993278632616103
0.9989920490415843
0.9989920490415842
0.9986564029250544
0.9996636341075761
0.999411090014903
0.999411090014903
0.9936954497767576
0.999411090014903
0.9936954497767576
0.9936954497767576
0.997721294212152
0.999411090014903
0.9936954497767576
0.9936954497767575
0.9977212942121522
0.9936954497767576
0.9977212942121519
0.9977212942121519
0.9979906607164454
0.9906984009793477
0.9896280685010069

ARP 21.14263401 0.59077074 cccz 6e-05 Delta_T_phases for b=200.0 
1.0
0.999663634107576
0.9996636341075761
0.9993278604241043
0.9996636341075761
0.9993278604241045
0.9993278604241043
0.9989920526760935
0.9996636341075761
0.9993278604241044
0.9993278604241042
0.9989920526760934
0.9993278604241044
0.9989920526760936
0.9989920526760935
0.9986563909728343
0.9996636341075761
0.999411090014903
0.999411090014903
0.9937007511260101
0.999411090014903
0.9937007511260101
0.9937007511260101
0.9977241802550273
0.999411090014903
0.9937007511260101
0.99370075112601
0.9977241802550274
0.9937007511260101
0.9977241802550272
0.9977241802550272
0.9979904665585894
0.9902767909088522
0.9892446268243918

ARP 21.14263401 0.59077074 cccz 8e-05 Delta_T_phases for b=200.0 
1.0
0.999663634107576
0.9996636341075761
0.9993278576187906
0.9996636341075761
0.9993278576187908
0.9993278576187906
0.9989920773479485
0.9996636341075761
0.9993278576187907
0.9993278576187905
0.9989920773479484
0.9993278576187907
0.9989920773479486
0.9989920773479485
0.9986563997675562
0.9996636341075761
0.999411090014903
0.999411090014903
0.9937061255845576
0.999411090014903
0.9937061255845576
0.9937061255845576
0.9977272636181954
0.999411090014903
0.9937061255845576
0.9937061255845575
0.9977272636181955
0.9937061255845576
0.9977272636181953
0.9977272636181953
0.9979904683520292
0.9897451215851206
0.9887608428880799

ARP 21.14263401 0.59077074 cccz 0.0001 Delta_T_phases for b=200.0 
1.0
0.999663634107576
0.9996636341075761
0.9993278548454689
0.9996636341075761
0.9993278548454692
0.9993278548454689
0.9989920618012561
0.9996636341075761
0.999327854845469
0.9993278548454688
0.998992061801256
0.999327854845469
0.9989920618012562
0.9989920618012561
0.998656402240714
0.9996636341075761
0.999411090014903
0.999411090014903
0.9937115732759244
0.999411090014903
0.9937115732759244
0.9937115732759244
0.9977298956625223
0.999411090014903
0.9937115732759244
0.9937115732759243
0.9977298956625225
0.9937115732759244
0.9977298956625222
0.9977298956625222
0.9979903648624381
0.9891798480997612
0.988246348844815
