
ARP 22.27890125 0.58172717 cccz 0.0 Delta_T_phases for b=200.0 
1.0
0.99968282598224
0.9996828259822402
0.9993657842970887
0.9996828259822402
0.9995876141955456
0.9995876141955459
0.9923132544554646
0.7416660907699084

F=0.9701743150955858 Leakage=0.9975115181930464 

ARP 33.49771809 0.61737785 cccz 0.0 Delta_T_phases for b=10.0 
1.0
0.9990511891373428
0.9990511891373428
0.9981033136856453
0.9990511891373427
0.9934713709842421
0.9934713709842422
0.9765607367574557
0.9900612758553851

F=0.9943135150754443 Leakage=0.9898239471352062 

ARP 36.31345123 0.40509852 cccz 0.0 Delta_T_phases for b=200.0 
1.0
0.9867677428832619
0.986767742883262
0.9737105879319092
0.986767742883262
0.9994035372145602
0.9994035372145602
0.8508801276480344
0.7604907831104779
0.9364963273570491

ARP 36.31345123 0.40509852 cccz 0.05 Delta_T_phases for b=200.0 
1.0
0.9867677428832619
0.986767742883262
0.9719380166135485
0.986767742883262
0.9994035372145602
0.9994035372145602
0.9028893940788464
0.7312289623769104
0.9276638527689772

ARP 36.31345123 0.40509852 cccz 0.1 Delta_T_phases for b=200.0 
1.0
0.9867677428832619
0.986767742883262
0.883972592575968
0.986767742883262
0.9994035372145602
0.9994035372145602
0.859516738062588
0.7077651984115765
0.9256264469109968

ARP 36.31345123 0.40509852 cccz 0.15 Delta_T_phases for b=200.0 
1.0
0.9867677428832619
0.986767742883262
0.9077506966225373
0.986767742883262
0.9994035372145602
0.9994035372145602
0.8016931337930486
0.7384965799637618
0.9285895949958619

ARP 36.31345123 0.40509852 cccz 0.2 Delta_T_phases for b=200.0 
1.0
0.9867677428832619
0.986767742883262
0.505350119339353
0.986767742883262
0.9994035372145602
0.9994035372145602
0.3993836393516005
0.8177564555366456
0.8535109556195533

ARP 36.31345123 0.40509852 cccz 0.25 Delta_T_phases for b=200.0 
1.0
0.9867677428832619
0.986767742883262
0.8142495420450407
0.986767742883262
0.9994035372145602
0.9994035372145602
0.8332350999945571
0.7909255841123777
0.9305805673183516

ARP 36.31345123 0.40509852 cccz 0.3 Delta_T_phases for b=200.0 
1.0
0.9867677428832619
0.986767742883262
0.9524159316037729
0.986767742883262
0.9994035372145602
0.9994035372145602
0.907367114337914
0.7865380766152902
0.9410610092330053

ARP 98.66149798 4.88727639 cccz 0.0 Delta_T_phases for b=200.0 
1.0
0.9977503696871379
0.9977503696871381
0.9955058157633417
0.9977503696871379
0.9977481466120516
0.9977481466120518
0.995489524475634
0.9974720744981727
0.9955443515741711

ARP 98.66149798 4.88727639 cccz 0.05 Delta_T_phases for b=200.0 
1.0
0.9977503696871379
0.9977503696871381
0.9955041853158395
0.9977503696871379
0.9977481466120516
0.9977481466120518
0.9954176242938977
0.5475486256951049
0.6036434927900199

ARP 98.66149798 4.88727639 cccz 0.1 Delta_T_phases for b=200.0 
1.0
0.9977503696871379
0.9977503696871381
0.9954033704808043
0.9977503696871379
0.9977481466120516
0.9977481466120518
0.9946608720981589
0.8110444044628894
0.8331863704663113

ARP 98.66149798 4.88727639 cccz 0.15 Delta_T_phases for b=200.0 
1.0
0.9977503696871379
0.9977503696871381
0.9942727524761129
0.9977503696871379
0.9977481466120516
0.9977481466120518
0.9915881274668266
0.7107409447450511
0.7464823281153874

ARP 98.66149798 4.88727639 cccz 0.2 Delta_T_phases for b=200.0 
1.0
0.9977503696871379
0.9977503696871381
0.9894849705471247
0.9977503696871379
0.9977481466120516
0.9977481466120518
0.9835340546057922
0.7597361227609183
0.7901463802487411

ARP 98.66149798 4.88727639 cccz 0.25 Delta_T_phases for b=200.0 
1.0
0.9977503696871379
0.9977503696871381
0.9779934613122082
0.9977503696871379
0.9977481466120516
0.9977481466120518
0.9683582575932648
0.5425873889424018
0.611755182465174

ARP 98.66149798 4.88727639 cccz 0.3 Delta_T_phases for b=200.0 
1.0
0.9977503696871379
0.9977503696871381
0.9582011556917006
0.9977503696871379
0.9977481466120516
0.9977481466120518
0.9456233421537923
0.9141257133011553
0.9192621198213866

ARP 98.66149798 4.88727639 cccz 0.0 Delta_T_phases for b=200.0 
1.0
0.9977503696871379
0.9977503696871381
0.9955058157633417
0.9977503696871379
0.9977481466120516
0.9977481466120518
0.995489524475634
0.9974720744981727
0.9955443515741711

ARP 98.66149798 4.88727639 cccz 0.05 Delta_T_phases for b=200.0 
1.0
0.9977503696871379
0.9977503696871381
0.9955041853158395
0.9977503696871379
0.9977481466120516
0.9977481466120518
0.9954176242938977
0.5475486256951049
0.6036434927900199

ARP 98.66149798 4.88727639 cccz 0.1 Delta_T_phases for b=200.0 
1.0
0.9977503696871379
0.9977503696871381
0.9954033704808043
0.9977503696871379
0.9977481466120516
0.9977481466120518
0.9946608720981589
0.8110444044628894
0.8331863704663113

ARP 98.66149798 4.88727639 cccz 0.15 Delta_T_phases for b=200.0 
1.0
0.9977503696871379
0.9977503696871381
0.9942727524761129
0.9977503696871379
0.9977481466120516
0.9977481466120518
0.9915881274668266
0.7107409447450511
0.7464823281153874

ARP 98.66149798 4.88727639 cccz 0.2 Delta_T_phases for b=200.0 
1.0
0.9977503696871379
0.9977503696871381
0.9894849705471247
0.9977503696871379
0.9977481466120516
0.9977481466120518
0.9835340546057922
0.7597361227609183
0.7901463802487411

ARP 98.66149798 4.88727639 cccz 0.25 Delta_T_phases for b=200.0 
1.0
0.9977503696871379
0.9977503696871381
0.9779934613122082
0.9977503696871379
0.9977481466120516
0.9977481466120518
0.9683582575932648
0.5425873889424018
0.611755182465174

ARP 98.66149798 4.88727639 cccz 0.3 Delta_T_phases for b=200.0 
1.0
0.9977503696871379
0.9977503696871381
0.9582011556917006
0.9977503696871379
0.9977481466120516
0.9977481466120518
0.9456233421537923
0.9141257133011553
0.9192621198213866

ARP 98.66149798 4.88727639 cccz 0.005 Delta_T_phases for b=200.0 
1.0
0.9977503696871379
0.9977503696871381
0.9955058161492938
0.9977503696871379
0.9977481466120516
0.9977481466120518
0.9955011629052902
0.7905951976363559
0.8153251892528164

ARP 98.66149798 4.88727639 cccz 0.0 Delta_T_phases for b=200.0 
1.0
0.9977503696871379
0.9977503696871381
0.9955058157633417
0.9977503696871379
0.9977481466120516
0.9977481466120518
0.995489524475634
0.9974720744981727
0.9955443515741711

ARP 98.66149798 4.88727639 cccz 0.001 Delta_T_phases for b=200.0 
1.0
0.9977503696871379
0.9977503696871381
0.99550581399687
0.9977503696871379
0.9977481466120516
0.9977481466120518
0.9955139821297403
0.5179923395777597
0.5778705902840234

ARP 98.66149798 4.88727639 cccz 0.0001 Delta_T_phases for b=200.0 
1.0
0.9977503696871379
0.9977503696871381
0.9955058157901451
0.9977503696871379
0.9977481466120516
0.9977481466120518
0.9954902443516678
0.9901161335190619
0.9891313910182727

ARP 98.66149798 4.88727639 cccz 1e-05 Delta_T_phases for b=200.0 
1.0
0.9977503696871379
0.9977503696871381
0.9955058157645315
0.9977503696871379
0.9977481466120516
0.9977481466120518
0.9954895534460907
0.9974055706597399
0.9954863591312847

ARP 98.66149798 4.88727639 cccz 2e-05 Delta_T_phases for b=200.0 
1.0
0.9977503696871379
0.9977503696871381
0.9955058157656379
0.9977503696871379
0.9977481466120516
0.9977481466120518
0.9954895909683246
0.9971901391435647
0.995298495828996

ARP 98.66149798 4.88727639 cccz 5e-05 Delta_T_phases for b=200.0 
1.0
0.9977503696871379
0.9977503696871381
0.9955058157914314
0.9977503696871379
0.9977481466120516
0.9977481466120518
0.9954897588094005
0.995649449390986
0.9939550636689632

ARP 98.66149798 4.88727639 cccz 0.0 Delta_T_phases for b=200.0 
1.0
0.9977503696871379
0.9977503696871381
0.9955058157633417
0.9977503696871379
0.9977481466120516
0.9977481466120518
0.995489524475634
0.9974720744981727
0.9955443515741711

ARP 98.66149798 4.88727639 cccz 1e-05 Delta_T_phases for b=200.0 
1.0
0.9977503696871379
0.9977503696871381
0.9955058157645315
0.9977503696871379
0.9977481466120516
0.9977481466120518
0.9954895534460907
0.9974055706597399
0.9954863591312847

ARP 98.66149798 4.88727639 cccz 2e-05 Delta_T_phases for b=200.0 
1.0
0.9977503696871379
0.9977503696871381
0.9955058157656379
0.9977503696871379
0.9977481466120516
0.9977481466120518
0.9954895909683246
0.9971901391435647
0.995298495828996

ARP 98.66149798 4.88727639 cccz 4e-05 Delta_T_phases for b=200.0 
1.0
0.9977503696871379
0.9977503696871381
0.9955058157913972
0.9977503696871379
0.9977481466120516
0.9977481466120518
0.9954896968286032
0.9963115624348494
0.9945323834798147

ARP 98.66149798 4.88727639 cccz 6e-05 Delta_T_phases for b=200.0 
1.0
0.9977503696871379
0.9977503696871381
0.9955058157913739
0.9977503696871379
0.9977481466120516
0.9977481466120518
0.9954898384249122
0.9948381158812034
0.9932476759704801

ARP 98.66149798 4.88727639 cccz 8e-05 Delta_T_phases for b=200.0 
1.0
0.9977503696871379
0.9977503696871381
0.9955058157909707
0.9977503696871379
0.9977481466120516
0.9977481466120518
0.9954900310468446
0.992772006242781
0.9914464530840894

ARP 98.66149798 4.88727639 cccz 0.0001 Delta_T_phases for b=200.0 
1.0
0.9977503696871379
0.9977503696871381
0.9955058157901451
0.9977503696871379
0.9977481466120516
0.9977481466120518
0.9954902443516678
0.9901161335190619
0.9891313910182727
