
ARP 17.34728195 0.77401015 cccz 0.0 Delta_T_phases for b=10.75 
1.0
0.9996469753955977
0.9996469753955977
0.9992941682028778
0.9996469753955978
0.999294168202878
0.999294168202878
0.9989414653128432
0.9996469753955978
0.9114800669651654
0.9114800669651655
0.4088709959412718
0.9114800669651656
0.4088709959412719
0.4088709959412719
0.015929807981280745
0.5979953630213873

F=0.7982582488956382 Leakage=0.7491666110230041 

ARP 17.34728195 0.77401015 cccz 0.0 Delta_T_phases for b=200.0 
1.0
0.9996469753955977
0.9996469753955977
0.9992941682028778
0.9996469753955978
0.999294168202878
0.999294168202878
0.9989414653128432
0.9996469753955978
0.999624506214898
0.9996245062148981
0.9989361404660706
0.9996245062148982
0.9989361404660708
0.9989361404660708
0.9985124158049371
0.9803697772990716

F=0.9982338826265166 Leakage=0.998758026706634 

ARP 17.34728195 0.77401015 cccz 0.0 Delta_T_phases for b=200.0 
1.0
0.9996469753955977
0.9996469753955977
0.9992941682028778
0.9996469753955978
0.999294168202878
0.999294168202878
0.9989414653128432
0.9996469753955978
0.999624506214898
0.9996245062148981
0.9989361404660706
0.9996245062148982
0.9989361404660708
0.9989361404660708
0.9985124158049371
0.9803697772990716

F=0.9982338826265166 Leakage=0.998758026706634 

ARP 17.34728195 0.77401015 cccz 0.0 Delta_T_phases for b=10.0 
1.0
0.9996469753955977
0.9996469753955977
0.9992941682028778
0.9996469753955978
0.999294168202878
0.999294168202878
0.9989414653128432
0.9996469753955978
0.9352388979615827
0.9352388979615828
0.5073918993932347
0.9352388979615829
0.5073918993932348
0.5073918993932348
0.027630673195314235
0.3156706282502058

F=0.803917974412579 Leakage=0.774350723427373 

ARP 17.34728195 0.77401015 cccz 0.0 Delta_T_phases for b=200.0 
1.0
0.9996469753955977
0.9996469753955977
0.9992941682028778
0.9996469753955978
0.999294168202878
0.999294168202878
0.9989414653128432
0.9996469753955978
0.999624506214898
0.9996245062148981
0.9989361404660706
0.9996245062148982
0.9989361404660708
0.9989361404660708
0.9985124158049371
0.9803697772990716

F=0.9982338826265166 Leakage=0.998758026706634 

ARP 19.40663659 0.52584914 cccz 0.0 Delta_T_phases for b=200.0 
1.0
0.9997068513081835
0.9997068513081836
0.9994138225731616
0.9997068513081836
0.9994138225731616
0.9994138225731616
0.9991208946735382
0.9997068513081836
0.999744252779059
0.9997442527790591
0.9925579846716952
0.9997442527790591
0.9925579846716954
0.9925579846716954
0.99859112960911
0.9894175444948339
0.9886456849279844

ARP 19.40663659 0.52584914 cccz 0.05 Delta_T_phases for b=200.0 
1.0
0.9997068513081835
0.9997068513081836
0.9284062213472709
0.9997068513081836
0.9284062213472709
0.9284062213472709
0.44917156440146844
0.9997068513081836
0.999744252779059
0.9997442527790591
0.9545640870412706
0.9997442527790591
0.9545640870412708
0.9545640870412708
0.3351636201949302
0.8511904815110889
0.8860490335997809

ARP 19.40663659 0.52584914 cccz 0.1 Delta_T_phases for b=200.0 
1.0
0.9997068513081835
0.9997068513081836
0.560457519396842
0.9997068513081836
0.560457519396842
0.560457519396842
0.6016232245920128
0.9997068513081836
0.999744252779059
0.9997442527790591
0.5325719701538015
0.9997442527790591
0.5325719701538015
0.5325719701538015
0.6932819354890855
0.6975471058377418
0.7781539352739786

ARP 19.40663659 0.52584914 cccz 0.15 Delta_T_phases for b=200.0 
1.0
0.9997068513081835
0.9997068513081836
0.5906293894974163
0.9997068513081836
0.5906293894974163
0.5906293894974163
0.5395564292353421
0.9997068513081836
0.999744252779059
0.9997442527790591
0.6719040568532684
0.9997442527790591
0.6719040568532686
0.6719040568532686
0.46145059969910285
0.5923744263000619
0.7824051470077286

ARP 19.40663659 0.52584914 cccz 0.2 Delta_T_phases for b=200.0 
1.0
0.9997068513081835
0.9997068513081836
0.9618103091259154
0.9997068513081836
0.9618103091259154
0.9618103091259154
0.9158564796998973
0.9997068513081836
0.999744252779059
0.9997442527790591
0.9330348052215784
0.9997442527790591
0.9330348052215787
0.9330348052215787
0.8616543587274946
0.9184870868722367
0.9233315513300787

ARP 19.40663659 0.52584914 cccz 0.25 Delta_T_phases for b=200.0 
1.0
0.9997068513081835
0.9997068513081836
0.9989624210850473
0.9997068513081836
0.9989624210850473
0.9989624210850473
0.9929316088556903
0.9997068513081836
0.999744252779059
0.9997442527790591
0.9790103049348269
0.9997442527790591
0.9790103049348271
0.9790103049348271
0.9458758649031913
0.8358019609786935
0.856536448742115

ARP 19.40663659 0.52584914 cccz 0.3 Delta_T_phases for b=200.0 
1.0
0.9997068513081835
0.9997068513081836
0.9997385039993626
0.9997068513081836
0.9997385039993626
0.9997385039993626
0.9962711990177243
0.9997068513081836
0.999744252779059
0.9997442527790591
0.9872404275145311
0.9997442527790591
0.9872404275145313
0.9872404275145313
0.9605243427904916
0.6872032047278226
0.7244905132474456

ARP 19.40663659 0.52584914 cccz 0.0 Delta_T_phases for b=200.0 
1.0
0.9997068513081835
0.9997068513081836
0.9994138225731616
0.9997068513081836
0.9994138225731616
0.9994138225731616
0.9991208946735382
0.9997068513081836
0.999744252779059
0.9997442527790591
0.9925579846716952
0.9997442527790591
0.9925579846716954
0.9925579846716954
0.99859112960911
0.9894175444948339
0.9886456849279844

ARP 19.40663659 0.52584914 cccz 0.05 Delta_T_phases for b=200.0 
1.0
0.9997068513081835
0.9997068513081836
0.9284062213472709
0.9997068513081836
0.9284062213472709
0.9284062213472709
0.44917156440146844
0.9997068513081836
0.999744252779059
0.9997442527790591
0.9545640870412706
0.9997442527790591
0.9545640870412708
0.9545640870412708
0.3351636201949302
0.8511904815110889
0.8860490335997809

ARP 19.40663659 0.52584914 cccz 0.1 Delta_T_phases for b=200.0 
1.0
0.9997068513081835
0.9997068513081836
0.560457519396842
0.9997068513081836
0.560457519396842
0.560457519396842
0.6016232245920128
0.9997068513081836
0.999744252779059
0.9997442527790591
0.5325719701538015
0.9997442527790591
0.5325719701538015
0.5325719701538015
0.6932819354890855
0.6975471058377418
0.7781539352739786

ARP 19.40663659 0.52584914 cccz 0.15 Delta_T_phases for b=200.0 
1.0
0.9997068513081835
0.9997068513081836
0.5906293894974163
0.9997068513081836
0.5906293894974163
0.5906293894974163
0.5395564292353421
0.9997068513081836
0.999744252779059
0.9997442527790591
0.6719040568532684
0.9997442527790591
0.6719040568532686
0.6719040568532686
0.46145059969910285
0.5923744263000619
0.7824051470077286

ARP 19.40663659 0.52584914 cccz 0.2 Delta_T_phases for b=200.0 
1.0
0.9997068513081835
0.9997068513081836
0.9618103091259154
0.9997068513081836
0.9618103091259154
0.9618103091259154
0.9158564796998973
0.9997068513081836
0.999744252779059
0.9997442527790591
0.9330348052215784
0.9997442527790591
0.9330348052215787
0.9330348052215787
0.8616543587274946
0.9184870868722367
0.9233315513300787

ARP 19.40663659 0.52584914 cccz 0.25 Delta_T_phases for b=200.0 
1.0
0.9997068513081835
0.9997068513081836
0.9989624210850473
0.9997068513081836
0.9989624210850473
0.9989624210850473
0.9929316088556903
0.9997068513081836
0.999744252779059
0.9997442527790591
0.9790103049348269
0.9997442527790591
0.9790103049348271
0.9790103049348271
0.9458758649031913
0.8358019609786935
0.856536448742115

ARP 19.40663659 0.52584914 cccz 0.3 Delta_T_phases for b=200.0 
1.0
0.9997068513081835
0.9997068513081836
0.9997385039993626
0.9997068513081836
0.9997385039993626
0.9997385039993626
0.9962711990177243
0.9997068513081836
0.999744252779059
0.9997442527790591
0.9872404275145311
0.9997442527790591
0.9872404275145313
0.9872404275145313
0.9605243427904916
0.6872032047278226
0.7244905132474456

ARP 19.40663659 0.52584914 cccz 0.01 Delta_T_phases for b=200.0 
1.0
0.9997068513081835
0.9997068513081836
0.9993077895962551
0.9997068513081836
0.9993077895962551
0.9993077895962551
0.9961684580008799
0.9997068513081836
0.999744252779059
0.9997442527790591
0.9983394020637906
0.9997442527790591
0.9983394020637908
0.9983394020637908
0.9925071340463059
0.4187790477958726
0.4627856457146308

ARP 19.40663659 0.52584914 cccz 0.0 Delta_T_phases for b=200.0 
1.0
0.9997068513081835
0.9997068513081836
0.9994138225731616
0.9997068513081836
0.9994138225731616
0.9994138225731616
0.9991208946735382
0.9997068513081836
0.999744252779059
0.9997442527790591
0.9925579846716952
0.9997442527790591
0.9925579846716954
0.9925579846716954
0.99859112960911
0.9894175444948339
0.9886456849279844

ARP 19.40663659 0.52584914 cccz 0.001 Delta_T_phases for b=200.0 
1.0
0.9997068513081835
0.9997068513081836
0.9994157957916827
0.9997068513081836
0.9994157957916827
0.9994157957916827
0.9991320528749416
0.9997068513081836
0.999744252779059
0.9997442527790591
0.9927994731394738
0.9997442527790591
0.992799473139474
0.992799473139474
0.9977843574954893
0.952997078760016
0.9553160475594894

ARP 19.40663659 0.52584914 cccz 0.0001 Delta_T_phases for b=200.0 
1.0
0.9997068513081835
0.9997068513081836
0.9994138421039884
0.9997068513081836
0.9994138421039884
0.9994138421039884
0.9991210059821697
0.9997068513081836
0.999744252779059
0.9997442527790591
0.992575056445529
0.9997442527790591
0.9925750564455292
0.9925750564455292
0.9985325098397798
0.9882888748760136
0.9876122113577601

ARP 19.40663659 0.52584914 cccz 1e-05 Delta_T_phases for b=200.0 
1.0
0.9997068513081835
0.9997068513081836
0.9994138227605168
0.9997068513081836
0.9994138227605168
0.9994138227605168
0.9991208951944012
0.9997068513081836
0.999744252779059
0.9997442527790591
0.9925595427516285
0.9997442527790591
0.9925595427516287
0.9925595427516287
0.9985855904503737
0.9893291980536908
0.9885647735453649

ARP 19.40663659 0.52584914 cccz 0.0 Delta_T_phases for b=200.0 
1.0
0.9997068513081835
0.9997068513081836
0.9994138225731616
0.9997068513081836
0.9994138225731616
0.9994138225731616
0.9991208946735382
0.9997068513081836
0.999744252779059
0.9997442527790591
0.9925579846716952
0.9997442527790591
0.9925579846716954
0.9925579846716954
0.99859112960911
0.9894175444948339
0.9886456849279844

ARP 19.40663659 0.52584914 cccz 1e-05 Delta_T_phases for b=200.0 
1.0
0.9997068513081835
0.9997068513081836
0.9994138227605168
0.9997068513081836
0.9994138227605168
0.9994138227605168
0.9991208951944012
0.9997068513081836
0.999744252779059
0.9997442527790591
0.9925595427516285
0.9997442527790591
0.9925595427516287
0.9925595427516287
0.9985855904503737
0.9893291980536908
0.9885647735453649

ARP 19.40663659 0.52584914 cccz 2e-05 Delta_T_phases for b=200.0 
1.0
0.9997068513081835
0.9997068513081836
0.9994138236716117
0.9997068513081836
0.9994138236716117
0.9994138236716117
0.9991209008958785
0.9997068513081836
0.999744252779059
0.9997442527790591
0.9925613941482929
0.9997442527790591
0.9925613941482931
0.9925613941482931
0.9985761474950158
0.9892371481863241
0.9884803240503013

ARP 19.40663659 0.52584914 cccz 4e-05 Delta_T_phases for b=200.0 
1.0
0.9997068513081835
0.9997068513081836
0.9994138276617844
0.9997068513081836
0.9994138276617844
0.9994138276617844
0.9991209069211865
0.9997068513081836
0.999744252779059
0.9997442527790591
0.9925648894627482
0.9997442527790591
0.9925648894627485
0.9925648894627485
0.9985657504621863
0.9890292417855805
0.9882900223595863

ARP 19.40663659 0.52584914 cccz 6e-05 Delta_T_phases for b=200.0 
1.0
0.9997068513081835
0.9997068513081836
0.9994138297221568
0.9997068513081836
0.9994138297221568
0.9994138297221568
0.9991209385154404
0.9997068513081836
0.999744252779059
0.9997442527790591
0.9925681493306017
0.9997442527790591
0.9925681493306019
0.9925681493306019
0.9985564390835153
0.98880985525333
0.9880892329962019

ARP 19.40663659 0.52584914 cccz 8e-05 Delta_T_phases for b=200.0 
1.0
0.9997068513081835
0.9997068513081836
0.9994138335852759
0.9997068513081836
0.9994138335852759
0.9994138335852759
0.9991209501305685
0.9997068513081836
0.999744252779059
0.9997442527790591
0.992571708487793
0.9997442527790591
0.9925717084877932
0.9925717084877932
0.9985445801421214
0.988561212407954
0.9878615843815082

ARP 19.40663659 0.52584914 cccz 0.0001 Delta_T_phases for b=200.0 
1.0
0.9997068513081835
0.9997068513081836
0.9994138421039884
0.9997068513081836
0.9994138421039884
0.9994138421039884
0.9991210059821697
0.9997068513081836
0.999744252779059
0.9997442527790591
0.992575056445529
0.9997442527790591
0.9925750564455292
0.9925750564455292
0.9985325098397798
0.9882888748760136
0.9876122113577601
