
cccz 
1.0
0.9995935629453668
0.9995935629453668
0.9996161331064898
0.9995935629453668
0.9996161331064899
0.9996161331064899
0.9991308723768499
0.9995935629453668
0.9996161331064898
0.9996161331064901
0.9991308723768497
0.9996161331064897
0.9991308723768497
0.9991308723768494
0.9983106330727227
0.999593562945367
0.9996161331064899
0.9996161331064898
0.9991308723768495
0.9996161331064899
0.9991308723768497
0.9991308723768499
0.998310633072723
0.9996161331064901
0.9991308723768497
0.9991308723768499
0.9983106330727233
0.9991308723768497
0.9983106330727229
0.9983106330727228
0.9997709935904062
0.9929569275002488

200.0 0.0 Delta_T_phases for b=200.0 24.46155642 0.49080246 0.61339936 0.61317123 0.61336929 0.61324615 0.9990823926065001

cccz 

200.0 0.0 Delta_T_phases for b=200.0 24.46155642 0.49080246 0.61339936 0.61317123 0.61336929 0.61324615 0.9990823926065001

cccz 

200.0 2.0 Delta_T_phases for b=200.0 24.46155642 0.49080246 0.61339936 0.61317123 0.61336929 0.61324615 0.999069236136917

cccz 

200.0 5.0 Delta_T_phases for b=200.0 24.46155642 0.49080246 0.61339936 0.61317123 0.61336929 0.61324615 0.9990186761448172

cccz 

200.0 10.0 Delta_T_phases for b=200.0 24.46155642 0.49080246 0.61339936 0.61317123 0.61336929 0.61324615 0.9988468405584069

cccz 

200.0 15.0 Delta_T_phases for b=200.0 24.46155642 0.49080246 0.61339936 0.61317123 0.61336929 0.61324615 0.9985380621337099

cccz 

200.0 25.0 Delta_T_phases for b=200.0 24.46155642 0.49080246 0.61339936 0.61317123 0.61336929 0.61324615 0.9970934790380186

cccz 

200.0 50.0 Delta_T_phases for b=200.0 24.46155642 0.49080246 0.61339936 0.61317123 0.61336929 0.61324615 0.9662228373786016

cccz 

200.0 0.0 Delta_T_phases for b=200.0 24.46155642 0.49080246 0.61339936 0.61317123 0.61336929 0.61324615 0.9990823926065001

cccz 

200.0 1.25 Delta_T_phases for b=200.0 24.46155642 0.49080246 0.61339936 0.61317123 0.61336929 0.61324615 0.9990760774712465

cccz 

200.0 2.5 Delta_T_phases for b=200.0 24.46155642 0.49080246 0.61339936 0.61317123 0.61336929 0.61324615 0.9990637139167763

cccz 

200.0 5.0 Delta_T_phases for b=200.0 24.46155642 0.49080246 0.61339936 0.61317123 0.61336929 0.61324615 0.9990186761448172

cccz 

200.0 7.5 Delta_T_phases for b=200.0 24.46155642 0.49080246 0.61339936 0.61317123 0.61336929 0.61324615 0.998947396189049

cccz 

200.0 10.0 Delta_T_phases for b=200.0 24.46155642 0.49080246 0.61339936 0.61317123 0.61336929 0.61324615 0.9988468405584069

cccz 

200.0 12.5 Delta_T_phases for b=200.0 24.46155642 0.49080246 0.61339936 0.61317123 0.61336929 0.61324615 0.9987129999628062

cccz 

200.0 0.0 Delta_T_phases for b=200.0 28.09992875 0.44381527 0.50460198 0.50397312 0.50447451 0.50457663 0.9992956850828328

cccz 

200.0 1.25 Delta_T_phases for b=200.0 28.09992875 0.44381527 0.50460198 0.50397312 0.50447451 0.50457663 0.999291849792576

cccz 

200.0 2.5 Delta_T_phases for b=200.0 28.09992875 0.44381527 0.50460198 0.50397312 0.50447451 0.50457663 0.9992811469362649

cccz 

200.0 5.0 Delta_T_phases for b=200.0 28.09992875 0.44381527 0.50460198 0.50397312 0.50447451 0.50457663 0.9992374872239613

cccz 

200.0 7.5 Delta_T_phases for b=200.0 28.09992875 0.44381527 0.50460198 0.50397312 0.50447451 0.50457663 0.9991636024651092

cccz 

200.0 10.0 Delta_T_phases for b=200.0 28.09992875 0.44381527 0.50460198 0.50397312 0.50447451 0.50457663 0.9990567586990858

cccz 

200.0 12.5 Delta_T_phases for b=200.0 28.09992875 0.44381527 0.50460198 0.50397312 0.50447451 0.50457663 0.9989122197563516
