
ccz3arp
------------------------
0 0 0.9439830090134839 -1.5707963267948966 -1.5707963267948966
0 1 0.9480662819102267 -1.5707963267948966 -1.413716694115407
0 2 0.9517886739857885 -1.5707963267948966 -1.2566370614359172
0 3 0.9551263245097866 -1.5707963267948966 -1.0995574287564276
0 4 0.9580580027667062 -1.5707963267948966 -0.9424777960769379
0 5 0.9605651625636412 -1.5707963267948966 -0.7853981633974483
0 6 0.9626319990202461 -1.5707963267948966 -0.6283185307179586
0 7 0.9642455212226001 -1.5707963267948966 -0.47123889803846897
0 8 0.9653956023705053 -1.5707963267948966 -0.3141592653589793
0 9 0.9660750358371804 -1.5707963267948966 -0.15707963267948966
0 10 0.9662795684553747 -1.5707963267948966 0.0
0 11 0.9660079165913836 -1.5707963267948966 0.15707963267948943
0 12 0.9652617829008824 -1.5707963267948966 0.3141592653589793
0 13 0.9640458401785028 -1.5707963267948966 0.47123889803846897
0 14 0.9623677095300129 -1.5707963267948966 0.6283185307179586
0 15 0.9602379232958816 -1.5707963267948966 0.7853981633974483
0 16 0.9576698744945166 -1.5707963267948966 0.9424777960769379
0 17 0.9546797568640066 -1.5707963267948966 1.0995574287564276
0 18 0.9512865013780483 -1.5707963267948966 1.2566370614359172
0 19 0.9475117096812045 -1.5707963267948966 1.413716694115407
1 0 0.9480649936397807 -1.413716694115407 -1.5707963267948966
1 1 0.9524688423785495 -1.413716694115407 -1.413716694115407
1 2 0.9564833884487598 -1.413716694115407 -1.2566370614359172
1 3 0.9600831816759641 -1.413716694115407 -1.0995574287564276
1 4 0.9632455271791862 -1.413716694115407 -0.9424777960769379
1 5 0.9659505653925892 -1.413716694115407 -0.7853981633974483
1 6 0.9681813549306814 -1.413716694115407 -0.6283185307179586
1 7 0.9699239496518992 -1.413716694115407 -0.47123889803846897
1 8 0.9711674712232554 -1.413716694115407 -0.3141592653589793
1 9 0.9719041621908251 -1.413716694115407 -0.15707963267948966
1 10 0.9721294305537278 -1.413716694115407 0.0
1 11 0.9718418721257772 -1.413716694115407 0.15707963267948943
1 12 0.9710432797993238 -1.413716694115407 0.3141592653589793
1 13 0.9697386310831936 -1.413716694115407 0.47123889803846897
1 14 0.9679360657742633 -1.413716694115407 0.6283185307179586
1 15 0.9656468379500504 -1.413716694115407 0.7853981633974483
1 16 0.9628852619872262 -1.413716694115407 0.9424777960769379
1 17 0.9596686383249091 -1.413716694115407 1.0995574287564276
1 18 0.956017174488875 -1.413716694115407 1.2566370614359172
1 19 0.9519539047282215 -1.413716694115407 1.413716694115407
2 0 0.9517861071136768 -1.2566370614359172 -1.5707963267948966
2 1 0.9564821016105207 -1.2566370614359172 -1.413716694115407
2 2 0.9607629919242779 -1.2566370614359172 -1.2566370614359172
2 3 0.964601862012991 -1.2566370614359172 -1.0995574287564276
2 4 0.9679746694467232 -1.2566370614359172 -0.9424777960769379
2 5 0.9708603496724795 -1.2566370614359172 -0.7853981633974483
2 6 0.9732409135234287 -1.2566370614359172 -0.6283185307179586
2 7 0.9751015396849768 -1.2566370614359172 -0.47123889803846897
2 8 0.9764306574455536 -1.2566370614359172 -0.3141592653589793
2 9 0.9772200040020933 -1.2566370614359172 -0.15707963267948966
2 10 0.9774646755145732 -1.2566370614359172 0.0
2 11 0.9771631512676889 -1.2566370614359172 0.15707963267948943
2 12 0.9763173056922555 -1.2566370614359172 0.3141592653589793
2 13 0.9749323942364767 -1.2566370614359172 0.47123889803846897
2 14 0.9730170236644875 -1.2566370614359172 0.6283185307179586
2 15 0.9705831111663107 -1.2566370614359172 0.7853981633974483
2 16 0.9676458083964076 -1.2566370614359172 0.9424777960769379
2 17 0.9642234298335717 -1.2566370614359172 1.0995574287564276
2 18 0.9603373557527622 -1.2566370614359172 1.2566370614359172
2 19 0.9560119316570108 -1.2566370614359172 1.413716694115407
3 0 0.9551224951469529 -1.0995574287564276 -1.5707963267948966
3 1 0.9600806170371451 -1.0995574287564276 -1.413716694115407
3 2 0.964600576271776 -1.0995574287564276 -1.2566370614359172
3 3 0.9686541291910543 -1.0995574287564276 -1.0995574287564276
3 4 0.9722160163427421 -1.0995574287564276 -0.9424777960769379
3 5 0.9752640811422647 -1.0995574287564276 -0.7853981633974483
3 6 0.9777793892679525 -1.0995574287564276 -0.6283185307179586
3 7 0.9797463277118812 -1.0995574287564276 -0.47123889803846897
3 8 0.9811527005455771 -1.0995574287564276 -0.3141592653589793
3 9 0.9819897880062726 -1.0995574287564276 -0.15707963267948966
3 10 0.9822523985349225 -1.0995574287564276 0.0
3 11 0.9819389084469625 -1.0995574287564276 0.15707963267948943
3 12 0.9810512587453624 -1.0995574287564276 0.3141592653589793
3 13 0.979594950613301 -1.0995574287564276 0.47123889803846897
3 14 0.9775790155874815 -1.0995574287564276 0.6283185307179586
3 15 0.9750159538653161 -1.0995574287564276 0.7853981633974483
3 16 0.9719216767315842 -1.0995574287564276 0.9424777960769379
3 17 0.9683154076682974 -1.0995574287564276 1.0995574287564276
3 18 0.9642195809685921 -1.0995574287564276 1.2566370614359172
3 19 0.959659724341996 -1.0995574287564276 1.413716694115407
4 0 0.9580529359496937 -0.9424777960769379 -1.5707963267948966
4 1 0.963241700510507 -0.9424777960769379 -1.413716694115407
4 2 0.9679721055778869 -0.9424777960769379 -1.2566370614359172
4 3 0.972214730458711 -0.9424777960769379 -1.0995574287564276
4 4 0.9759432319602654 -0.9424777960769379 -0.9424777960769379
4 5 0.9791344910519617 -0.9424777960769379 -0.7853981633974483
4 6 0.9817687335546728 -0.9424777960769379 -0.6283185307179586
4 7 0.9838296491254459 -0.9424777960769379 -0.47123889803846897
4 8 0.9853044809039663 -0.9424777960769379 -0.3141592653589793
4 9 0.9861841035181 -0.9424777960769379 -0.15707963267948966
4 10 0.9864630754717699 -0.9424777960769379 0.0
4 11 0.9861396704420562 -0.9424777960769379 0.15707963267948943
4 12 0.9852158883984572 -0.9424777960769379 0.3141592653589793
4 13 0.983697445196347 -0.9424777960769379 0.47123889803846897
4 14 0.9815937377727905 -0.9424777960769379 0.6283185307179586
4 15 0.9789177852920882 -0.9424777960769379 0.7853981633974483
4 16 0.9756861600025819 -0.9424777960769379 0.9424777960769379
4 17 0.9719188842371519 -0.9424777960769379 1.0995574287564276
4 18 0.9676393216902186 -0.9424777960769379 1.2566370614359172
4 19 0.9628740460500144 -0.9424777960769379 1.413716694115407
5 0 0.9605588889813528 -0.7853981633974483 -1.5707963267948966
5 1 0.9659455004233127 -0.7853981633974483 -1.413716694115407
5 2 0.9708565246051553 -0.7853981633974483 -1.2566370614359172
5 3 0.9752615169387292 -0.7853981633974483 -1.0995574287564276
5 4 0.9791332061662354 -0.7853981633974483 -0.9424777960769379
5 5 0.982447634533989 -0.7853981633974483 -0.7853981633974483
5 6 0.9851843062325196 -0.7853981633974483 -0.6283185307179586
5 7 0.9873263057430786 -0.7853981633974483 -0.47123889803846897
5 8 0.9888603946464577 -0.7853981633974483 -0.3141592653589793
5 9 0.9897770939626048 -0.7853981633974483 -0.15707963267948966
5 10 0.9900707389779956 -0.7853981633974483 0.0
5 11 0.9897395173681848 -0.7853981633974483 0.15707963267948943
5 12 0.9887854746657426 -0.7853981633974483 0.3141592653589793
5 13 0.987214503801089 -0.7853981633974483 0.47123889803846897
5 14 0.9850363145721203 -0.7853981633974483 0.6283185307179586
5 15 0.9822643662117507 -0.7853981633974483 0.7853981633974483
5 16 0.9789157948155078 -0.7853981633974483 0.9424777960769379
5 17 0.9750113089376656 -0.7853981633974483 1.0995574287564276
5 18 0.9705750666370868 -0.7853981633974483 1.2566370614359172
5 19 0.9656345375609044 -0.7853981633974483 1.413716694115407
6 0 0.9626245594386781 -0.6283185307179586 -1.5707963267948966
6 1 0.9681750857901223 -0.6283185307179586 -1.413716694115407
6 2 0.9732358509397272 -0.6283185307179586 -1.2566370614359172
6 3 0.977775563674379 -0.6283185307179586 -1.0995574287564276
6 4 0.9817661720661708 -0.6283185307179586 -0.9424777960769379
6 5 0.985183021980541 -0.6283185307179586 -0.7853981633974483
6 6 0.9880050142262663 -0.6283185307179586 -0.6283185307179586
6 7 0.9902147247282218 -0.6283185307179586 -0.47123889803846897
6 8 0.9917985140497928 -0.6283185307179586 -0.3141592653589793
6 9 0.9927466045918054 -0.6283185307179586 -0.15707963267948966
6 10 0.9930531433364367 -0.6283185307179586 0.0
6 11 0.9927162425496107 -0.6283185307179586 0.15707963267948943
6 12 0.9917379756958353 -0.6283185307179586 0.3141592653589793
6 13 0.9901243839386172 -0.6283185307179586 0.47123889803846897
6 14 0.9878854287524317 -0.6283185307179586 0.6283185307179586
6 15 0.9850349297875258 -0.6283185307179586 0.7853981633974483
6 16 0.9815904889422576 -0.6283185307179586 0.9424777960769379
6 17 0.9775733750395306 -0.6283185307179586 1.0995574287564276
6 18 0.9730084040000762 -0.6283185307179586 1.2566370614359172
6 19 0.9679237863343533 -0.6283185307179586 1.413716694115407
7 0 0.9642369622769551 -0.47123889803846897 -1.5707963267948966
7 1 0.9699165139682145 -0.47123889803846897 -1.413716694115407
7 2 0.9750952728410829 -0.47123889803846897 -1.2566370614359172
7 3 0.9797412686376377 -0.47123889803846897 -1.0995574287564276
7 4 0.9838258268544321 -0.47123889803846897 -0.9424777960769379
7 5 0.9873237441751823 -0.47123889803846897 -0.7853981633974483
7 6 0.9902134405753273 -0.47123889803846897 -0.6283185307179586
7 7 0.9924770883108773 -0.47123889803846897 -0.47123889803846897
7 8 0.9941007231098156 -0.47123889803846897 -0.3141592653589793
7 9 0.9950743288712088 -0.47123889803846897 -0.15707963267948966
7 10 0.9953919006301426 -0.47123889803846897 0.0
7 11 0.9950514799261482 -0.47123889803846897 0.15707963267948943
7 12 0.9940551665580216 -0.47123889803846897 0.3141592653589793
7 13 0.9924091038200324 -0.47123889803846897 0.47123889803846897
7 14 0.9901234490103341 -0.47123889803846897 0.6283185307179586
7 15 0.9872122993418915 -0.47123889803846897 0.7853981633974483
7 16 0.9836936169393878 -0.47123889803846897 0.9424777960769379
7 17 0.9795891087687757 -0.47123889803846897 1.0995574287564276
7 18 0.9749241036300264 -0.47123889803846897 1.2566370614359172
7 19 0.9697273918472209 -0.47123889803846897 1.413716694115407
8 0 0.9653859781692649 -0.3141592653589793 -1.5707963267948966
8 1 0.9711589166853034 -0.3141592653589793 -1.413716694115407
8 2 0.976423224654873 -0.3141592653589793 -1.2566370614359172
8 3 0.9811464353965933 -0.3141592653589793 -1.0995574287564276
8 4 0.9852994223397219 -0.3141592653589793 -0.9424777960769379
8 5 0.9888565729772612 -0.3141592653589793 -0.7853981633974483
8 6 0.9917959532128635 -0.3141592653589793 -0.6283185307179586
8 7 0.9940994383013686 -0.3141592653589793 -0.47123889803846897
8 8 0.9957528236599766 -0.3141592653589793 -0.3141592653589793
8 9 0.9967459143054381 -0.3141592653589793 -0.15707963267948966
8 10 0.9970725862785449 -0.3141592653589793 0.0
8 11 0.9967308267813743 -0.3141592653589793 0.15707963267948943
8 12 0.9957227413759272 -0.3141592653589793 0.3141592653589793
8 13 0.9940545465582498 -0.3141592653589793 0.47123889803846897
8 14 0.9917365306042694 -0.3141592653589793 0.6283185307179586
8 15 0.988782983345671 -0.3141592653589793 0.7853981633974483
8 16 0.9852121204062344 -0.3141592653589793 0.9424777960769379
8 17 0.9810459605619508 -0.3141592653589793 1.0995574287564276
8 18 0.9763101946735134 -0.3141592653589793 1.2566370614359172
8 19 0.9710340287180604 -0.3141592653589793 1.413716694115407
9 0 0.9660644061723114 -0.15707963267948966 -1.5707963267948966
9 1 0.9718945421281798 -0.15707963267948966 -1.413716694115407
9 2 0.9772114515927504 -0.15707963267948966 -1.2566370614359172
9 3 0.9819823570843136 -0.15707963267948966 -1.0995574287564276
9 4 0.9861778396898475 -0.15707963267948966 -0.9424777960769379
9 5 0.9897720355181704 -0.15707963267948966 -0.7853981633974483
9 6 0.9927427836358184 -0.15707963267948966 -0.6283185307179586
9 7 0.995071768666751 -0.15707963267948966 -0.47123889803846897
9 8 0.9967446299948852 -0.15707963267948966 -0.3141592653589793
9 9 0.9977510547824722 -0.15707963267948966 -0.15707963267948966
9 10 0.9980848396180437 -0.15707963267948966 0.0
9 11 0.9977439237512817 -0.15707963267948966 0.15707963267948943
9 12 0.9967304101917709 -0.15707963267948966 0.3141592653589793
9 13 0.9950505479505469 -0.15707963267948966 0.47123889803846897
9 14 0.9927146944107934 -0.15707963267948966 0.6283185307179586
9 15 0.9897372496012415 -0.15707963267948966 0.7853981633974483
9 16 0.9861365726403625 -0.15707963267948966 0.9424777960769379
9 17 0.9819348624619715 -0.15707963267948966 1.0995574287564276
9 18 0.9771580226241087 -0.15707963267948966 1.2566370614359172
9 19 0.9718355076473224 -0.15707963267948966 1.413716694115407
10 0 0.9662679995545606 0.0 -1.5707963267948966
10 1 0.9721188040590054 0.0 -1.413716694115407
10 2 0.977455057829631 0.0 -1.2566370614359172
10 3 0.9822438498711318 0.0 -1.0995574287564276
10 4 0.9864556464767478 0.0 -0.9424777960769379
10 5 0.990064476624645 0.0 -0.7853981633974483
10 6 0.9930480870896577 0.0 -0.6283185307179586
10 7 0.9953880794485237 0.0 -0.47123889803846897
10 8 0.9970700260537901 0.0 -0.3141592653589793
10 9 0.9980835549773653 0.0 -0.15707963267948966
10 10 0.9984224155698084 0.0 0.0
10 11 0.9980845211382606 0.0 0.15707963267948943
10 12 0.9970719525280581 0.0 0.3141592653589793
10 13 0.9953909547598294 0.0 0.47123889803846897
10 14 0.9930518936738149 0.0 0.6283185307179586
10 15 0.9900691895772584 0.0 0.7853981633974483
10 16 0.986461238350312 0.0 0.9424777960769379
10 17 0.9822502853029733 0.0 1.0995574287564276
10 18 0.977462298369888 0.0 1.2566370614359172
10 19 0.9721268048077747 0.0 1.413716694115407
11 0 0.9659954816423163 0.15707963267948943 -1.5707963267948966
11 1 0.9718303082736515 0.15707963267948943 -1.413716694115407
11 2 0.9771525284549604 0.15707963267948943 -1.2566370614359172
11 3 0.9819292927203558 0.15707963267948943 -1.0995574287564276
11 4 0.9861311219958293 0.15707963267948943 -0.9424777960769379
11 5 0.9897320893762636 0.15707963267948943 -0.7853981633974483
11 6 0.9927099793908013 0.15707963267948943 -0.6283185307179586
11 7 0.9950464230690119 0.15707963267948943 -0.47123889803846897
11 8 0.9967270064830662 0.15707963267948943 -0.3141592653589793
11 9 0.9977413624176141 0.15707963267948943 -0.15707963267948966
11 10 0.9980832376292025 0.15707963267948943 0.0
11 11 0.9977505197789334 0.15707963267948943 0.15707963267948943
11 12 0.99674526296245 0.15707963267948943 0.3141592653589793
11 13 0.9950736661006899 0.15707963267948943 0.47123889803846897
11 14 0.9927460423925543 0.15707963267948943 0.6283185307179586
11 15 0.9897767498742558 0.15707963267948943 0.7853981633974483
11 16 0.9861841038001302 0.15707963267948943 0.9424777960769379
11 17 0.9819902697030465 0.15707963267948943 1.0995574287564276
11 18 0.9772211239894965 0.15707963267948943 1.2566370614359172
11 19 0.9719060977620344 0.15707963267948943 1.413716694115407
12 0 0.9652485606707946 0.3141592653589793 -1.5707963267948966
12 1 0.9710308487820298 0.3141592653589793 -1.413716694115407
12 2 0.9763057444308004 0.3141592653589793 -1.2566370614359172
12 3 0.9810406376557141 0.3141592653589793 -1.0995574287564276
12 4 0.9852062736687833 0.3141592653589793 -0.9424777960769379
12 5 0.988776926202376 0.3141592653589793 -0.7853981633974483
12 6 0.9917305471914316 0.3141592653589793 -0.6283185307179586
12 7 0.9940489041844996 0.3141592653589793 -0.47123889803846897
12 8 0.9957176847419665 0.3141592653589793 -0.3141592653589793
12 9 0.9967265898464744 0.3141592653589793 -0.15707963267948966
12 10 0.9970693916912573 0.3141592653589793 0.0
12 11 0.9967439784591258 0.3141592653589793 0.15707963267948943
12 12 0.9957523546077484 0.3141592653589793 0.3141592653589793
12 13 0.9941006418223585 0.3141592653589793 0.47123889803846897
12 14 0.9917990335724706 0.3141592653589793 0.6283185307179586
12 15 0.9888617389552741 0.3141592653589793 0.7853981633974483
12 16 0.9853068878001177 0.3141592653589793 0.9424777960769379
12 17 0.9811564301884168 0.3141592653589793 1.0995574287564276
12 18 0.9764360032283356 0.3141592653589793 1.2566370614359172
12 19 0.9711747673858911 0.3141592653589793 1.413716694115407
13 0 0.9640319123235963 0.47123889803846897 -1.5707963267948966
13 1 0.9697254119557672 0.47123889803846897 -1.413716694115407
13 2 0.974919965528078 0.47123889803846897 -1.2566370614359172
13 3 0.9795833903892832 0.47123889803846897 -1.0995574287564276
13 4 0.9836868250309191 0.47123889803846897 -0.9424777960769379
13 5 0.9872048899155538 0.47123889803846897 -0.7853981633974483
13 6 0.990115836253167 0.47123889803846897 -0.6283185307179586
13 7 0.9924016755298619 0.47123889803846897 -0.47123889803846897
13 8 0.9940482838135718 0.47123889803846897 -0.3141592653589793
13 9 0.9950454899361647 0.47123889803846897 -0.15707963267948966
13 10 0.9953871336264879 0.47123889803846897 0.0
13 11 0.9950711061111003 0.47123889803846897 0.15707963267948943
13 12 0.9940993568513451 0.47123889803846897 0.3141592653589793
13 13 0.9924778895080995 0.47123889803846897 0.47123889803846897
13 14 0.9902167208202184 0.47123889803846897 0.6283185307179586
13 15 0.9873298215244933 0.47123889803846897 0.7853981633974483
13 16 0.9838350316042007 0.47123889803846897 0.9424777960769379
13 17 0.9797539565180112 0.47123889803846897 1.0995574287564276
13 18 0.9751118343387781 0.47123889803846897 1.2566370614359172
13 19 0.9699373971153769 0.47123889803846897 1.413716694115407
14 0 0.9623531640653898 0.6283185307179586 -1.5707963267948966
14 1 0.967922140518517 0.6283185307179586 -1.413716694115407
14 2 0.9730038055257427 0.6283185307179586 -1.2566370614359172
14 3 0.9775665859371826 0.6283185307179586 -1.0995574287564276
14 4 0.9815821777557748 0.6283185307179586 -0.9424777960769379
14 5 0.9850256934669895 0.6283185307179586 -0.7853981633974483
14 6 0.9878758148654536 0.6283185307179586 -0.6283185307179586
14 7 0.9901149003201961 0.6283185307179586 -0.47123889803846897
14 8 0.9917291003831047 0.6283185307179586 -0.3141592653589793
14 9 0.9927084307961107 0.6283185307179586 -0.15707963267948966
14 10 0.9930468346200283 0.6283185307179586 0.0
14 11 0.9927422205825058 0.6283185307179586 0.15707963267948943
14 12 0.9917964715817866 0.6283185307179586 0.3141592653589793
14 13 0.9902154361608482 0.6283185307179586 0.47123889803846897
14 14 0.9880088924839978 0.6283185307179586 0.6283185307179586
14 15 0.9851904907191883 0.6283185307179586 0.7853981633974483
14 16 0.981777673564978 0.6283185307179586 0.9424777960769379
14 17 0.9777915723922825 0.6283185307179586 1.0995574287564276
14 18 0.9732568847751388 0.6283185307179586 1.2566370614359172
14 19 0.9682017415245432 0.6283185307179586 1.413716694115407
15 0 0.9602228515802425 0.7853981633974483 -1.5707963267948966
15 1 0.9656322938354656 0.7853981633974483 -1.413716694115407
15 2 0.9705691857763755 0.7853981633974483 -1.2566370614359172
15 3 0.9750027364896446 0.7853981633974483 -1.0995574287564276
15 4 0.9789053566748215 0.7853981633974483 -0.9424777960769379
15 5 0.9822528043225728 0.7853981633974483 -0.7853981633974483
15 6 0.9850243085520389 0.7853981633974483 -0.6283185307179586
15 7 0.9872026839178571 0.7853981633974483 -0.47123889803846897
15 8 0.9887744339851154 0.7853981633974483 -0.3141592653589793
15 9 0.9897298199686233 0.7853981633974483 -0.15707963267948966
15 10 0.9900629253374512 0.7853981633974483 0.0
15 11 0.9897716892476245 0.7853981633974483 0.15707963267948943
15 12 0.9888579149588812 0.7853981633974483 0.3141592653589793
15 13 0.98732725971349 0.7853981633974483 0.47123889803846897
15 14 0.9851892055360184 0.7853981633974483 0.6283185307179586
15 15 0.9824570023652766 0.7853981633974483 0.7853981633974483
15 16 0.9791475872807074 0.7853981633974483 0.9424777960769379
15 17 0.9752814965090124 0.7853981633974483 1.0995574287564276
15 18 0.9708827436936469 0.7853981633974483 1.2566370614359172
15 19 0.9659786955649383 0.7853981633974483 1.413716694115407
16 0 0.9576543719701194 0.9424777960769379 -1.5707963267948966
16 1 0.9628701907564853 0.9424777960769379 -1.413716694115407
16 2 0.9676312651394012 0.9424777960769379 -1.2566370614359172
16 3 0.9719077524090011 0.9424777960769379 -1.0995574287564276
16 4 0.9756729406348077 0.9424777960769379 -0.9424777960769379
16 5 0.9789033649972873 0.9424777960769379 -0.7853981633974483
16 6 0.9815789253199203 0.9424777960769379 -0.6283185307179586
16 7 0.9836829934607698 0.9424777960769379 -0.47123889803846897
16 8 0.9852025027148422 0.9424777960769379 -0.3141592653589793
16 9 0.9861280206246875 0.9424777960769379 -0.15707963267948966
16 10 0.986453805683607 0.9424777960769379 0.0
16 11 0.9861778374449672 0.9424777960769379 0.15707963267948943
16 12 0.9853018248688312 0.9424777960769379 0.3141592653589793
16 13 0.9838312076665584 0.9424777960769379 0.47123889803846897
16 14 0.9817751099765676 0.9424777960769379 0.6283185307179586
16 15 0.9791463024157128 0.9424777960769379 0.7853981633974483
16 16 0.9759611186870636 0.9424777960769379 0.9424777960769379
16 17 0.9722393766239809 0.9424777960769379 1.0995574287564276
16 18 0.9680042674299221 0.9424777960769379 1.2566370614359172
16 19 0.9632822393575744 0.9424777960769379 1.413716694115407
17 0 0.9546639216908803 1.0995574287564276 -1.5707963267948966
17 1 0.9596531345986637 1.0995574287564276 -1.413716694115407
17 2 0.9642083583428243 1.0995574287564276 -1.2566370614359172
17 3 0.9683008625371259 1.0995574287564276 -1.0995574287564276
17 4 0.9719049568068565 1.0995574287564276 -0.9424777960769379
17 5 0.974998088391918 1.0995574287564276 -0.7853981633974483
17 6 0.9775609427750637 1.0995574287564276 -0.6283185307179586
17 7 0.9795775444722417 1.0995574287564276 -0.47123889803846897
17 8 0.9810353333525889 1.0995574287564276 -0.3141592653589793
17 9 0.981925240791415 1.0995574287564276 -0.15707963267948966
17 10 0.9822417306166934 1.0995574287564276 0.0
17 11 0.981982834692091 1.0995574287564276 0.15707963267948943
17 12 0.9811501615467455 1.0995574287564276 0.3141592653589793
17 13 0.9797488928010148 1.0995574287564276 0.47123889803846897
17 14 0.9777877455679587 1.0995574287564276 0.6283185307179586
17 15 0.9752789321311447 1.0995574287564276 0.7853981633974483
17 16 0.9722380902303539 1.0995574287564276 0.9424777960769379
17 17 0.9686842037718644 1.0995574287564276 1.0995574287564276
17 18 0.9646395041314901 1.0995574287564276 1.2566370614359172
17 19 0.9601293757445976 1.0995574287564276 1.413716694115407
18 0 0.9512704339786767 1.2566370614359172 -1.5707963267948966
18 1 0.9560013373222829 1.2566370614359172 -1.413716694115407
18 2 0.9603218505191141 1.2566370614359172 -1.2566370614359172
18 3 0.9642045068393759 1.2566370614359172 -1.0995574287564276
18 4 0.9676247736871769 1.2566370614359172 -0.9424777960769379
18 5 0.9705611375242356 1.2566370614359172 -0.7853981633974483
18 6 0.9729951797181111 1.2566370614359172 -0.6283185307179586
18 7 0.9749116681530818 1.2566370614359172 -0.47123889803846897
18 8 0.976298625826592 1.2566370614359172 -0.3141592653589793
18 9 0.9771473932488218 1.2566370614359172 -0.15707963267948966
18 10 0.9774526743010584 1.2566370614359172 0.0
18 11 0.9772125665150645 1.2566370614359172 0.15707963267948943
18 12 0.9764285647790264 1.2566370614359172 0.3141592653589793
18 13 0.9751055627789431 1.2566370614359172 0.47123889803846897
18 14 0.9732518185886538 1.2566370614359172 0.6283185307179586
18 15 0.9708789166816679 1.2566370614359172 0.7853981633974483
18 16 0.9680017016894601 1.2566370614359172 0.9424777960769379
18 17 0.9646382174629766 1.2566370614359172 1.0995574287564276
18 18 0.9608096122509947 1.2566370614359172 1.2566370614359172
18 19 0.9565400589033229 1.2566370614359172 1.413716694115407
19 0 0.9474955119719753 1.413716694115407 -1.5707963267948966
19 1 0.9519378345655007 1.413716694115407 -1.413716694115407
19 2 0.955996091498026 1.413716694115407 -1.2566370614359172
19 3 0.9596442162039589 1.413716694115407 -1.0995574287564276
19 4 0.9628589676220517 1.413716694115407 -0.9424777960769379
19 5 0.9656199866712185 1.413716694115407 -0.7853981633974483
19 6 0.967909852276817 1.413716694115407 -0.6283185307179586
19 7 0.9697141634697167 1.413716694115407 -0.47123889803846897
19 8 0.971021588875896 1.413716694115407 -0.3141592653589793
19 9 0.9718239332311369 1.413716694115407 -0.15707963267948966
19 10 0.9721161703885017 1.413716694115407 0.0
19 11 0.971896469458927 1.413716694115407 0.15707963267948943
19 12 0.9711662063243438 1.413716694115407 0.3141592653589793
19 13 0.9699299559733521 1.413716694115407 0.47123889803846897
19 14 0.9681954667283011 1.413716694115407 0.6283185307179586
19 15 0.9659736272458762 1.413716694115407 0.7853981633974483
19 16 0.9632784100122461 1.413716694115407 0.9424777960769379
19 17 0.9601268081565575 1.413716694115407 1.0995574287564276
19 18 0.9565387721322656 1.413716694115407 1.2566370614359172
19 19 0.9525371344851973 1.413716694115407 1.413716694115407
