
ccz 
1.0
0.9996898498718314
0.9996898498718315
0.999736961274859
0.9996898498718315
0.9997369612748591
0.9997369612748593
0.9995702417177262
0.9879510649704776

200.0 0.0 Delta_T_phases for b=200.0 23.78826978 0.50954462 0.46278426 0.46248782 0.4624544 0.9984224155698084

ccz 
1.0
0.99889050191044
0.99889050191044
0.9989519433099594
0.99889050191044
0.9989519433099594
0.9989519433099596
0.9977758626166381
0.9913768309181862

200.0 0.0 Delta_T_phases for b=200.0 25.04681751 0.40721437 0.36964955 0.36929547 0.36937603 0.998075558799558

ccz 
1.0
0.99889050191044
0.99889050191044
0.9989519433099594
0.99889050191044
0.9989514071329901
0.998952430367652
0.9977750864209108
0.9913715144066594

200.0 2.0 Delta_T_phases for b=200.0 25.04681751 0.40721437 0.36964955 0.36929547 0.36937603 0.9980748763743881

ccz 
1.0
0.99889050191044
0.99889050191044
0.9989519433099594
0.99889050191044
0.9989505480787626
0.9989531382462532
0.9977709949377969
0.9913486959207353

200.0 5.0 Delta_T_phases for b=200.0 25.04681751 0.40721437 0.36964955 0.36929547 0.36937603 0.9980718695805364

ccz 
1.0
0.99889050191044
0.99889050191044
0.9989519433099594
0.99889050191044
0.9989492246493226
0.998954252013533
0.997756574564812
0.9912699677813568

200.0 10.0 Delta_T_phases for b=200.0 25.04681751 0.40721437 0.36964955 0.36929547 0.36937603 0.9980614964500337

ccz 
1.0
0.99889050191044
0.99889050191044
0.9989519433099594
0.99889050191044
0.998947702308391
0.9989552955653221
0.9977321516835567
0.9911369019695275

200.0 15.0 Delta_T_phases for b=200.0 25.04681751 0.40721437 0.36964955 0.36929547 0.36937603 0.9980439445075641

ccz 
1.0
0.99889050191044
0.99889050191044
0.9989519433099594
0.99889050191044
0.9989441087757244
0.998957176021327
0.997651445213708
0.9906919710445128

200.0 25.0 Delta_T_phases for b=200.0 25.04681751 0.40721437 0.36964955 0.36929547 0.36937603 0.9979853500107279

ccz 
1.0
0.99889050191044
0.99889050191044
0.9989519433099594
0.99889050191044
0.9989322786039315
0.9989609059199209
0.9972182015266109
0.9882629859273745

200.0 50.0 Delta_T_phases for b=200.0 25.04681751 0.40721437 0.36964955 0.36929547 0.36937603 0.9976664245576797
