
cccz 
1.0
0.9997150748351201
0.9997150748351201
0.9997547708263205
0.9997150748351201
0.9997547708263207
0.9997547708263204
0.9997570058540588
0.9997150748351201
0.9997547708263202
0.9997547708263205
0.9997570058540588
0.9997547708263205
0.9997570058540588
0.9997570058540589
0.9995339642657761
0.9910056561096322

200.0 0.0 Delta_T_phases for b=200.0 23.95157083 0.53117221 0.56335345 0.5633543 0.56319147 0.56335745 0.9992327392994147

cccz 
1.0
0.9986791242558799
0.9986791242558799
0.9995868441192493
0.9986791242558799
0.9995868441192495
0.9995868441192495
0.999647529019653
0.9986791242558799
0.9995868441192493
0.9995868441192495
0.9996475290196531
0.9995868441192497
0.9996475290196534
0.9996475290196531
0.9997898311160268
0.9928803055377264

200.0 0.0 Delta_T_phases for b=200.0 27.33580322 0.45806396 0.48579231 0.48597324 0.48596129 0.48596904 0.9990292832041988

cccz 
1.0
0.9986791242558799
0.9986791242558799
0.9995867736655201
0.9986791242558799
0.9995867816916655
0.9995868425514316
0.9996474035996945
0.9986791242558799
0.9995868441192493
0.9995869033901316
0.9996464788318092
0.999586914469491
0.9996466180026005
0.9996469426715624
0.9997880621673151
0.9928976688387727

200.0 1.0 Delta_T_phases for b=200.0 27.33580322 0.45806396 0.48579231 0.48597324 0.48596129 0.48596904 0.999030043001339

cccz 
1.0
0.9986791242558799
0.9986791242558799
0.9995866526264174
0.9986791242558799
0.9995866838157655
0.9995867788940334
0.9996464923143483
0.9986791242558799
0.9995868441192493
0.9995869301432051
0.999641579993155
0.9995870089984352
0.9996418285876751
0.9996439538129944
0.9997789218467006
0.9928961789939222

200.0 2.5 Delta_T_phases for b=200.0 27.33580322 0.45806396 0.48579231 0.48597324 0.48596129 0.48596904 0.9990286088923187

cccz 
1.0
0.9986791242558799
0.9986791242558799
0.9995865034495398
0.9986791242558799
0.999586587827673
0.9995866838157655
0.9996432107443737
0.9986791242558799
0.9995868441192493
0.999587008998435
0.9996258019670907
0.9995871694193326
0.9996248106150909
0.9996334790362106
0.9997470567638101
0.9928000816300218

200.0 5.0 Delta_T_phases for b=200.0 27.33580322 0.45806396 0.48579231 0.48597324 0.48596129 0.48596904 0.9990183373770654

cccz 
1.0
0.9986791242558799
0.9986791242558799
0.9995863317179565
0.9986791242558799
0.99958650344954
0.9995866526264177
0.9996387565226201
0.9986791242558799
0.9995868441192493
0.9995870935333782
0.99960065553918
0.9995873098053516
0.9995962770165747
0.9996154266072532
0.9996951912539481
0.9925953555977607

200.0 7.5 Delta_T_phases for b=200.0 27.33580322 0.45806396 0.48579231 0.48597324 0.48596129 0.48596904 0.9989987585183968

cccz 
1.0
0.9986791242558799
0.9986791242558799
0.9995860698043514
0.9986791242558799
0.999586301297284
0.9995865433359571
0.9996264014294196
0.9986791242558799
0.9995868441192493
0.99958723180493
0.9995281979191877
0.9995876937161992
0.9995012973758084
0.9995535822710804
0.9995333361377072
0.9918810807652699

200.0 12.5 Delta_T_phases for b=200.0 27.33580322 0.45806396 0.48579231 0.48597324 0.48596129 0.48596904 0.9989330045294098

cccz 
1.0
0.9986791242558799
0.9986791242558799
0.9995855962701038
0.9986791242558799
0.9995858543594756
0.999586301297284
0.999590412829886
0.9986791242558799
0.9995868441192493
0.9995876937161989
0.9992474262006438
0.9995890589461894
0.9989914167759337
0.9991977284478112
0.9987722218224087
0.9882319071903077

200.0 25.0 Delta_T_phases for b=200.0 27.33580322 0.45806396 0.48579231 0.48597324 0.48596129 0.48596904 0.9986040564117067
