
czz 0 
czz 0 
czz 0 
czz 0 
czz 0 2.929703019837493 3.6217499261091266 -2.661389334507626 0.8518001833562595 -0.81812994753089 0.4036378275220327 

czz 0 2.0783263847731135 -1.4369736251483003 -1.437039825698732 0.9774508190604848 -0.5155610622066891 0.24004208585189118 

czz 0 
czz 0 
czz 0 
czz 0 1.265735145553661 -2.2065261560546054 -2.2062377649565232 0.9805718900219685 -0.4029113635876761 0.22571473005851167 7.962398917323558 

czz 0 
czz 0 1.265735145553661 -2.2065261560546054 -2.2062377649565232 0.9805718900219685 -0.4029113635876761 0.22571473005851167 7.962398917323558 

czz 0 1.0812498406794346 -2.060295720132133 -2.060181354757772 0.9999421897029608 -1.420508279925583 0.23816192959536897 

czz 0 1.0812498406794346 -2.060295720132133 -2.060181354757772 0.9999421897029608 -1.420508279925583 0.23816192959536897 

czz 0 
czz 0 2.5883567358886395 -0.5525580914403058 -0.5528015611592276 0.9998551378882135 -1.1242814390988989 0.1387151472614746 46.851017825571574 

czz 0 
czz 0 2.5883567358886395 -0.5525580914403058 -0.5528015611592276 0.9998551378882135 -1.1242814390988989 0.1387151472614746 46.851017825571574 

czz 0 2.5883567358886395 -0.5525580914403058 -0.5528015611592276 0.9998551378882135 -1.1242814390988989 0.1387151472614746 46.851017825571574 

czz 0 -1.839516428215878 1.3021296090661265 1.3020862661808303 0.9999738580527673 -1.9358807531236264 41.71269516466855 

czz 0 -1.3314450002151481 1.6467642637359154 1.6465192371544224 0.988086522506892 -0.8848478554164918 0.43801883220775173 

czz 0 -1.3744676860304479 1.9277508566536867 1.9277448553781678 0.9889298182641861 0.618163614708735 0.4302744307434213 

czz 0 -1.3753485081410664 1.9275108049093155 1.9273403722676137 0.9889298152028961 0.6180427021246927 0.4302138822621854 

czz 0 -0.34571444276638963 2.854356151978009 2.8545408989757366 0.994638710851105 0.13532964779500933 0.41865738857155593 

czz 0 
czz 0 1.0812498406794346 -2.060295720132133 -2.060181354757772 0.9999421897029608 -1.420508279925583 0.23816192959536897 
