
cz3 0 
cz3 0 
cz3 0 
cz3 0 
cz3 0 -0.45188196892283705 -0.417162474711076 -0.4172742530131081 -0.417347312957198 0.9467591981095247 -0.4194365310304552 0.19312485656736927 10.751652208158013 

cz3 0 5.722707030420366 -1.368421997351908 -1.3680434404738977 -1.3677727476420083 0.6544264663828342 -0.5046200618147849 0.2310533921591938 

cz3 0 
cz3 0 -0.6829062524072607 -1.622576104581412 -1.622657593443505 -1.6225798443869914 0.6712813315510239 -0.8439889118544566 0.33300262950452775 57.00097050524357 

cz3 0 -0.6829062524072607 -1.622576104581412 -1.622657593443505 -1.6225798443869914 0.6712813315510239 -0.8439889118544566 0.33300262950452775 57.00097050524357 

cz3 0 -1.956873587953758 -1.009598678314096 -1.0093692522387383 -1.0093318181460353 0.9028420460582023 -0.46454045968204444 7.43015053743551 

cz3 0 -1.8079903511474904 -0.8962936284937442 -0.8960605429133657 -0.8963219900247157 0.9041161509406783 -0.4779108474831655 0.0865572372202944 

cz3 0 
cz3 0 2.30961643064866 0.2532882519058831 0.25317042068569434 0.2531743152508684 0.8766951924381056 0.37673800714491323 0.1809105166212489 

cz3 0 -2.9732015971192065 2.193698879718972 2.1936746017908715 2.1937716509457394 0.8940547061991163 0.4688193837580316 0.1127783612153864 

cz3 0 -0.39047660495775405 -2.0120897414059953 -2.0120704890384586 -2.0121021038560314 0.8813148325314833 0.41617416578950395 0.14581323733992899 

cz3 0 
cz3 0 3.162403811302283 -2.8720599019304887 -2.8723660524659373 -2.872414955912525 0.887532459350679 -0.4575182718347985 0.25023101960867644 

cz3 0 
cz3 0 3.162403811302283 -2.8720599019304887 -2.8723660524659373 -2.872414955912525 0.887532459350679 -0.4575182718347985 0.25023101960867644 

cz3 0 -0.45188196892283705 -0.417162474711076 -0.4172742530131081 -0.417347312957198 0.9467591981095247 -0.4194365310304552 0.19312485656736927 10.751652208158013 

cz3 0 3.162403811302283 -2.8720599019304887 -2.8723660524659373 -2.872414955912525 0.887532459350679 -0.4575182718347985 0.25023101960867644 
