
SP 0.49790076 0.16799145 cccz 0.0 Delta_T_phases for b=10.75 
1.0
0.9999260477981627
0.9999260477981625
0.9998521293416348
0.9999260477981624
0.9998521293416346
0.9998521293416345
0.9997782080176976
0.9999260477981625
0.9998705657128802
0.99987056571288
0.9997970517496159
0.9998705657128799
0.9997970517496159
0.9997970517496156
0.9997165269479782
0.8802684524444292

F=0.9928250952361852 Leakage=0.9997372703341254 

SP 0.49790076 0.16799145 cccz 0.0 Delta_T_phases for b=10.75 
1.0
0.9999260477981627
0.9999260477981625
0.9998521293416348
0.9999260477981624
0.9998521293416346
0.9998521293416345
0.9997782080176976
0.9999260477981625
0.9998705657128802
0.99987056571288
0.9997970517496159
0.9998705657128799
0.9997970517496159
0.9997970517496156
0.9997165269479782
0.8802684524444292

F=0.9928250952361852 Leakage=0.9997372703341254 

SP 0.49790076 0.16799145 cccz 0.0 Delta_T_phases for b=10.75 
1.0
0.9999260477981627
0.9999260477981625
0.9998521293416348
0.9999260477981624
0.9998521293416346
0.9998521293416345
0.9997782080176976
0.9999260477981625
0.9998705657128802
0.99987056571288
0.9997970517496159
0.9998705657128799
0.9997970517496159
0.9997970517496156
0.9997165269479782
0.8802684524444292

F=0.9928250952361852 Leakage=0.9997372703341254 

SP 0.49790076 0.16799145 cccz 0.0 Delta_T_phases for b=200.0 
1.0
0.9999260477981627
0.9999260477981625
0.9998521293416348
0.9999260477981624
0.9998521293416346
0.9998521293416345
0.9997782080176976
0.9999260477981625
0.9998871821118215
0.9998871821118213
0.9998082924297895
0.9998871821118211
0.9998082924297895
0.9998082924297893
0.9997931284313785
0.5088411663159392

F=0.9709858532710238 Leakage=0.9997546070965141 

SP 0.49790076 0.16799145 cccz 0.0 Delta_T_phases for b=10.0 
1.0
0.9999260477981627
0.9999260477981625
0.9998521293416348
0.9999260477981624
0.9998521293416346
0.9998521293416345
0.9997782080176976
0.9999260477981625
0.9998663392039395
0.9998663392039393
0.9998027205073884
0.9998663392039392
0.9998027205073884
0.9998027205073882
0.9997088789990198
0.879427939523612

F=0.9927754579348158 Leakage=0.9997369416471535 

SP 0.49790076 0.16799145 cccz 0.0 Delta_T_phases for b=10.0 
1.0
0.9999260477981627
0.9999260477981625
0.9998521293416348
0.9999260477981624
0.9998521293416346
0.9998521293416345
0.9997782080176976
0.9999260477981625
0.9998663392039395
0.9998663392039393
0.9998027205073884
0.9998663392039392
0.9998027205073884
0.9998027205073882
0.9997088789990198
0.879427939523612

F=0.9927754579348158 Leakage=0.9997369416471535 
