0.092 0.00019504129329079163 0.0001484967296613755 0.00041311656740090013
0.142 0.00021572577028883822 0.00016597246142794407 0.00047762076497447574
0.192 0.00022173847508835838 0.00017184063921618783 0.0004345039966049162
0.242 0.00019363006007676737 0.00014536064455117912 0.00041574470023838405
0.292 0.0002021209601277386 0.00015066905262169468 0.000473007199018908
0.342 0.00021080245010230146 0.00016030138137768373 0.0005210865628307416
0.392 0.00018423255721582702 0.00014109244159711307 0.0004282753306810854
0.442 0.00020206836132680985 0.0001541382494018433 0.0004798896945333286
0.492 0.0001878481520964581 0.00014311326384664147 0.00039930263096415975
0.542 0.00019341993882256 0.00014651319580418986 0.00040433052628025006
0.592 0.00019336001266647063 0.0001482911092159727 0.0004204012879516235
0.642 0.0001636914701453726 0.0001258580867723275 0.00034373946492703597
0.692 0.0001624831842427807 0.00012201452009863029 0.00035082328396507677
0.742 0.00016484954656700537 0.00012564941737405825 0.00038050138559690434
0.792 0.00015425173097708024 0.00012004877105425126 0.0003414099299332087
0.842 0.00014973446202051866 0.00011642475679249436 0.0003324419413626998
0.892 0.00014664725620658844 0.00011009344451852817 0.0003249791032119773
0.942 0.00013166056152171177 9.866782389700709e-05 0.00025694533568925966
0.992 0.00013143655678783924 0.00010105807126016481 0.00029383326114862575
1.042 0.0001179754719493436 9.03921368583779e-05 0.0002566224910018199
1.092 0.00012629570346906692 9.835130010970454e-05 0.0003105745439313582
1.142 0.00010682002054981224 8.146596464787608e-05 0.00022942497753455996
1.192 9.944769455955822e-05 7.419161693451297e-05 0.00022771762837360792
1.242 0.00010314814813046868 7.912044103621571e-05 0.00023320571756281822
1.292 9.11407103346034e-05 6.899367486509043e-05 0.00018612539587800105
1.342 9.416990411271979e-05 7.175596866829168e-05 0.00023503798938603613
1.392 7.64206105299434e-05 5.6643105485541e-05 0.00017362124433610332
1.442 7.145056775075772e-05 5.3274111866985156e-05 0.00014863189347985803
1.492 7.824520105883398e-05 6.101850224812293e-05 0.0001597963611036583
1.542 6.140707676795739e-05 4.5581686683580646e-05 0.00015293288455452071
1.592 5.860335687169711e-05 4.437383660796369e-05 0.0001360158241012128
1.642 5.5373688374409266e-05 4.313560155584936e-05 0.0001246717875057044
1.692 5.0303657727213543e-05 3.715610800804775e-05 0.00010441656191067188
1.742 4.602127057959823e-05 3.4631799190180526e-05 0.00010206622466865393
1.792 4.557261843843448e-05 3.4371909149276e-05 0.00010468199006778867
1.842 4.143539034724737e-05 3.207268998761995e-05 8.441814051803927e-05
1.892 3.3193728593046476e-05 2.5175068936371435e-05 6.581578545091022e-05
1.942 2.9419814467710137e-05 2.239280614143133e-05 6.097343584445668e-05
1.992 2.7093220273795375e-05 2.0749731717565845e-05 6.511299725850978e-05
2.042 2.1794538963487645e-05 1.6797784201342408e-05 4.8067375735882965e-05
2.092 2.1480888533971024e-05 1.645447421216816e-05 4.640962498050837e-05
2.142 1.846487664205736e-05 1.3819835127917862e-05 4.269027662697923e-05
2.192 1.73704314691631e-05 1.3193597348070235e-05 4.0387573308007016e-05
2.242 1.4127122996968385e-05 1.0530420987814673e-05 3.115763280584335e-05
2.292 1.2542171325418261e-05 9.636265496461725e-06 2.7904757663285023e-05
2.342 1.0140567569726392e-05 7.491696127398513e-06 1.9329981344863167e-05
2.392 8.759783456030783e-06 6.570983380675068e-06 1.8532288641298564e-05
2.442 8.431651558916894e-06 6.3817251959422795e-06 1.722380783247043e-05
2.492 6.995414691592812e-06 5.306930221551322e-06 1.5534163588826707e-05
2.542 5.514824110649628e-06 4.176650067969684e-06 1.1275655824746312e-05
2.592 4.7807134688363535e-06 3.6428887741167394e-06 1.0694342213589907e-05
2.642 4.004382357449791e-06 3.093794894344991e-06 9.073671320702652e-06
2.692 3.3628583251535183e-06 2.605896067542603e-06 8.225666664014203e-06
2.742 3.054518447730357e-06 2.331451184060424e-06 6.320113555175483e-06
2.792 2.507467854101375e-06 1.9103400296029714e-06 5.397230372973127e-06
2.842 2.011001275308708e-06 1.5651617552642918e-06 4.971518894170311e-06
2.892 1.686640033877623e-06 1.299089975907269e-06 4.012764830462684e-06
2.942 1.5379117125862472e-06 1.1900297893433355e-06 3.9713114368467026e-06
2.992 1.3605815433076968e-06 1.0228050090333757e-06 2.82948630060799e-06
3.042 1.16491256032645e-06 8.971174400650836e-07 2.5992827834259743e-06
3.092 9.628909763503212e-07 7.2576356845289e-07 1.9201433696841482e-06
3.142 9.317344025167398e-07 7.198130671463788e-07 2.074663880625232e-06
3.192 9.103246149563077e-07 6.852192949070059e-07 2.0947572321556827e-06
3.242 7.775414506740918e-07 6.066833653737813e-07 1.7734810576649952e-06
3.292 7.829485060493557e-07 5.924573844242127e-07 1.6684316289975352e-06
3.342 7.174828648602954e-07 5.294040738169898e-07 1.7343015042523275e-06
3.392 7.562063883752031e-07 5.655387726544031e-07 1.7656026367571514e-06
3.442 6.56900730907035e-07 4.998616084548245e-07 1.591508388092416e-06
3.492 7.09194380764449e-07 5.297347350635144e-07 1.5666195753283834e-06
3.542 7.679684546401759e-07 5.936881278827811e-07 1.7846326335156463e-06
3.592 7.11003123618489e-07 5.331784683086001e-07 1.6128511256195331e-06
3.642 7.975395462540447e-07 6.167719465400738e-07 1.8187079837769182e-06
3.692 7.255068070428182e-07 5.514047762967985e-07 1.6484221183202146e-06
3.742 7.526090376508586e-07 5.666050122623554e-07 1.6419303405176719e-06
3.792 7.474266863204043e-07 5.702678268455886e-07 1.4964927053278167e-06
3.842 7.184995851157895e-07 5.516413176919454e-07 1.5225122056972773e-06
3.892 7.284007383235885e-07 5.536770603066889e-07 1.718141147087867e-06
3.942 7.58923164002145e-07 5.735297818191247e-07 1.6085967465272585e-06
3.992 7.033355281593829e-07 5.311875494221685e-07 1.5760352368119712e-06
4.042 6.538301195744612e-07 4.868735601829185e-07 1.490803358251024e-06
4.092 6.689033662831695e-07 5.103871093616141e-07 1.534912052852585e-06
4.142 6.151882128658013e-07 4.7099542418627217e-07 1.4579627282840554e-06
4.192 5.866777749159751e-07 4.576194427742576e-07 1.3195725651604517e-06
4.242 5.736766607060382e-07 4.5359318237227826e-07 1.435616655796563e-06
4.292 5.078396898672251e-07 3.7896889926268005e-07 9.973664385429843e-07
4.342 4.997165776729166e-07 3.781091718259634e-07 1.0651087221290335e-06
4.392 4.591086877630319e-07 3.5098487715202123e-07 1.0046091033916273e-06
4.442 4.774250540328121e-07 3.661608622584641e-07 9.978084832860629e-07
4.492 4.296608423987375e-07 3.2804013885478053e-07 9.987903923815538e-07
4.542 3.8840846106550873e-07 2.9989810127273214e-07 7.927414833557734e-07
4.592 3.5587313226181704e-07 2.719457735370299e-07 7.434123475766535e-07
4.642 3.2211415712545925e-07 2.483674895602174e-07 6.698436747434022e-07
4.692 3.2081912702336847e-07 2.4919396003219666e-07 7.050854097341943e-07
4.742 2.57376527863858e-07 1.9479383354206572e-07 5.50063184710328e-07
4.792 2.373744042741369e-07 1.8422433984135865e-07 5.194342868925225e-07
4.842 2.441241845295855e-07 1.8307206037424273e-07 5.044420838267668e-07
4.892 2.2876677555015174e-07 1.7488611630808054e-07 5.476364372165431e-07
4.942 2.1558568595634205e-07 1.6230508719362394e-07 4.5477344842001294e-07
4.992 1.8665399364006415e-07 1.3941228584707218e-07 3.9655154843991725e-07
5.042 1.8893566178050775e-07 1.432247238858173e-07 4.0673933202979726e-07
5.092 1.7618150890823335e-07 1.3608142526861794e-07 3.7569191086073767e-07
5.142 1.720816464132035e-07 1.3207059306081424e-07 3.685198271687446e-07
5.192 1.6241673417656535e-07 1.2625348214430547e-07 3.642068743647464e-07
5.242 1.4484322350319335e-07 1.1189249538268552e-07 3.2041035221554707e-07
5.292 1.492470254410803e-07 1.14753707716942e-07 3.245895577954974e-07
5.342 1.5223821655999355e-07 1.1511472412731256e-07 3.202746096115155e-07
5.392 1.4432058866613111e-07 1.1003171401040584e-07 3.327557127378226e-07
5.442 1.286146458635029e-07 9.849535046603174e-08 2.54538833567326e-07
5.492 1.4604925548267774e-07 1.1100148878867468e-07 2.962550795585371e-07
5.542 1.3330153929496147e-07 1.0126281403235987e-07 2.9920992271952053e-07
5.592 1.3301939557325044e-07 1.0326431787941763e-07 3.239414765481952e-07
5.642 1.2208719634079735e-07 9.237592888585605e-08 2.908474014038041e-07
5.692 1.2008937647577695e-07 9.186032417444607e-08 2.707481834789906e-07
5.742 1.1627093498898893e-07 9.027688053999153e-08 2.778112725738049e-07
5.792 1.1662033536904669e-07 8.927632481597087e-08 2.6849671155484844e-07
5.842 1.1613757616546046e-07 8.777809290429373e-08 2.556875075757805e-07
5.892 1.1301553035424407e-07 8.656261159525379e-08 2.5129392161717113e-07
