0.092 0.5000097414176818 7.57265428372276e-06 2.199315048293578e-05 0.49999012940842974 1.5280858715756176e-05 1.5736472434276718 0.002639430510431584
0.142 0.5000246697554975 1.8555365860285814e-05 5.504570077642072e-05 63.47999999999998 -0.0001162176990768257 1.5697159177404472 0.002606216765623115
0.192 0.5000401546007114 3.139000625541299e-05 9.457618766065324e-05 0.4999752010399671 -8.661989413218579e-05 1.5693346112168394 0.002728766997203258
0.242 0.5000619924711791 4.719249264409465e-05 0.00014273433293798073 151.23 -2.715851433538652e-05 1.5697803177867076 0.0026606678967582287
0.292 0.5000918643679453 6.969988418868349e-05 0.0002074289657993278 0.4999597161657083 -0.0006575191501052033 1.5703688863314325 0.0026049383311740337
0.342 0.5001263421762572 9.401624947937472e-05 0.0002548254481038832 276.47999999999996 -0.00015846219883491097 1.566908508850302 0.0026134764776457597
0.392 0.5001543590915132 0.00011750929822820543 0.00030039345541444496 0.49993787825673164 0.00014944491125702745 1.5736583108778073 0.0023680380261018596
0.442 0.5002245046774555 0.00017135630560255756 0.00047086062365762644 439.23 0.00017605649072774374 1.567781988018166 0.0022674548803104377
0.492 0.5002642397600906 0.00020638532754068873 0.0005887467141804529 0.49990800631065446 0.0005034793256960666 1.5730767707799247 0.00256056156706308
0.542 0.5003342854738404 0.00025662405183123175 0.0007225566540851233 639.4799999999999 0.0003457978668229015 1.5661862181327646 0.0024820289510125715
0.592 0.5003726209156613 0.00027881531942948256 0.0008291219540618862 0.49987352845491384 0.0006953323007047462 1.5679003425975873 0.0024124615368452673
0.642 0.5004781167184483 0.00036334185486805806 0.0011309096601054682 877.2300000000001 -0.0006120785059710837 1.5711225151798203 0.00250162054443015
0.692 0.5005438463111411 0.0004147814925535916 0.0012171099021238 0.49984551151240625 -0.0004060201353051561 1.5741851160132772 0.0025177798672829654
0.742 0.5005952955667324 0.0004532075419891907 0.0012697160031627302 1152.479999999999 0.0009326084517636251 1.5728636149450061 0.0023800343519284617
0.792 0.5006491594362669 0.00048415899535663196 0.0014445885618315404 0.4997753658238197 -0.0003148832606323291 1.5674394832179095 0.002335548684002875
0.842 0.5006794937058708 0.000504635095678632 0.0015193602878352508 1465.2299999999998 -0.00041217343654433746 1.5680984830747782 0.002228361961724712
0.892 0.5008412193152695 0.0006403048520902094 0.001958570400724339 0.4997356307373469 0.000687406851125781 1.5681532113208885 0.002121791185079047
0.942 0.5009222667454566 0.0006835960104261397 0.001962296197576344 1815.4800000000007 0.0013059804931138388 1.5725073890466876 0.0022218570589771502
0.992 0.5010336346583664 0.000770430944667583 0.002074466842103971 0.49966558495481594 -0.0011174782942548883 1.570199633447193 0.002450552857347632
1.042 0.5011902415244256 0.0008792152651453049 0.002490738805380907 2203.229999999999 -0.0008191434922453226 1.5649829100278314 0.0023344528625931504
1.092 0.5012918646155647 0.0009462320447569451 0.0027863046278278287 0.49962724955708765 -0.00023051255085989418 1.5688754194821335 0.002180543001151891
1.142 0.50130212213298 0.0009305610594871345 0.003205346309568948 2628.48 0.00011671962611268041 1.5696911046382331 0.0021937595001123578
1.192 0.5013429208427695 0.0009903286295470306 0.0029918465281119277 0.49952175365666235 -0.0008231382645798135 1.577452143673202 0.002148633812065537
1.242 0.5015501323170232 0.00115530437477846 0.003248248054978565 3091.2299999999996 -0.0013095992401129532 1.5702814433893248 0.0022009519157114577
1.292 0.5015931253049151 0.0011642681551333163 0.0032444999697090983 0.4994560241397312 0.0005415215955511981 1.571179787394354 0.002006822591429369
1.342 0.501780085234711 0.0012991819518307368 0.003608799449149286 3591.4799999999987 0.0007066713786926085 1.5696347395674024 0.0020381173208602332
1.392 0.5018463626838464 0.0013362427330249845 0.0039487457035039175 0.49940457496595286 -0.0001685522258508097 1.5663886820791506 0.0020453279254266654
1.442 0.5020867600738113 0.001506676634241556 0.004319541707209286 4129.2300000000005 -0.000979003194177699 1.5695973883132854 0.0020276036221852367
1.492 0.502066368630516 0.0014818748332781552 0.003974907518876211 0.4993507112260012 -0.000573449734408261 1.5676370097950347 0.002020109460737274
1.542 0.5022774315303313 0.0016033689336254792 0.004436698606616805 4704.480000000001 -7.072177094602019e-06 1.570757067410426 0.002076826383065611
1.592 0.5022070404748679 0.0015670851047726562 0.004106776049274144 0.4993203771068895 0.0005300238105885764 1.5691378497290456 0.0020486572723984464
1.642 0.5023424379313665 0.0016659056863257509 0.004669521282426689 5317.229999999998 -0.0008860702390911127 1.572126740799145 0.0018128721889744126
1.692 0.5024721377774547 0.0017547398732413243 0.005283133082388769 0.49915865166887 -0.0004243257026837466 1.5671599852129958 0.0017531012766280885
1.742 0.5024920683932217 0.0017386248373619968 0.0047334618423227285 5967.479999999999 0.0004767996078104713 1.5686136632492127 0.0017536311359295231
1.792 0.5025902522312455 0.001815171623350997 0.004938852309154692 0.49907760456209505 0.00042337565465164374 1.5724245017717475 0.0015038320529922045
1.842 0.5026965093394018 0.001857354068387998 0.004942228910619795 6655.230000000001 -0.0012600609131291126 1.5709695356064446 0.0016330962528663395
1.892 0.5028811245401728 0.002001370626356153 0.005520719366498442 0.49896623737254026 0.0005244861082105655 1.5691256789641403 0.001566891075968302
1.942 0.5031093867741885 0.002199605911129923 0.005856305942991225 7380.480000000002 0.0003584910548706638 1.5698144561088403 0.0014520891788500911
1.992 0.5030227956408447 0.0020465762554308206 0.005756261906290818 0.49880963113874016 0.00040374541541584143 1.571340557026478 0.0014290174802153999
2.042 0.5031966181492413 0.0021857287307348035 0.005961311879924608 8143.2300000000005 -0.001580188868117442 1.5741717236314299 0.0013549023315292397
2.092 0.5032858671180113 0.002308418312909191 0.006297102773318988 0.4987080089592095 -0.0017194477814995695 1.564797896952851 0.0013612487628411607
2.142 0.5034605216889085 0.002359472761663017 0.0058307706776314075 8943.48 -0.000579217035675105 1.5720905751074152 0.0014250433348445002
2.192 0.5032542843104255 0.0022433672787175864 0.005714909582679722 0.49869775217868145 0.0005356594480386105 1.5719379554999324 0.0012432698716614565
2.242 0.5037804012802705 0.0026030828492205225 0.0069163303526878035 9781.23 0.0013473230596922064 1.5697539936631721 0.0013407985685179868
2.292 0.503798030769209 0.002574798140797834 0.006479523570937749 0.49865695520660197 0.0008614413038634225 1.5733272063660484 0.0012254602623460453
2.342 0.5039856764505813 0.0027011676412744857 0.007277298434571676 10656.479999999998 -0.0021188780515435197 1.570428369352316 0.0011461922660228607
2.392 0.5037984185211962 0.0025947658591699793 0.007199624410659955 0.49844974510532575 -0.000501973775116401 1.569704218640321 0.0010753159350113117
2.442 0.5038797768114874 0.002651408449965937 0.006304481906338037 11569.230000000001 0.00031744476616514154 1.5732319388139013 0.0011390918989009347
2.492 0.5040605077338642 0.0026817217682841583 0.006828876310324253 0.4984067537892399 0.00011163445487534409 1.569962841345768 0.001078533382137481
2.542 0.5043558617684463 0.0028816910246154937 0.00771536064700808 12519.480000000001 0.000412197089235037 1.5720382906744408 0.0010644850199806877
2.592 0.5043236291170871 0.0029018371257106914 0.007760283700338425 0.4982197965273369 0.002006001428082607 1.5697894778814288 0.0010532682283013184
2.642 0.5043069685570185 0.0028391259895618544 0.00739532721160756 13507.230000000005 0.00206310603299493 1.5710201941843283 0.0009556961596985936
2.692 0.504370537080749 0.002881743121776733 0.006744805993960986 0.49815352072890384 -0.0016430255746717917 1.5696481037710983 0.0009320396021231803
2.742 0.5044027441182718 0.002944544098257419 0.0077025901211670985 14532.479999999996 0.0012811389753145913 1.5703077957445983 0.0008489513721301467
2.792 0.5044865926907486 0.0029799969173565223 0.007021705662453954 0.4979131264540582 0.0006095425828350359 1.5711795039142613 0.0008619942957912574
2.842 0.504547675941117 0.00302010593609552 0.007945487861926977 15595.229999999996 0.0019627203451840214 1.5690252795021684 0.0008045022507725541
2.892 0.5044840116135285 0.002873914562089121 0.007845861029333491 0.4979335206133805 -0.0009290367404224899 1.5694220409140078 0.0007156109426428303
2.942 0.5046420353121226 0.003009758551817801 0.006866831750854984 16695.48 -0.00022301710991894346 1.5731740993946761 0.000728489121957554
2.992 0.5045633734512367 0.0030538809468969126 0.0071516223175077335 0.4977224604938405 -0.00112319908893653 1.5726084971169205 0.0006355912563416055
3.042 0.5043791640298789 0.0028411813493772736 0.007231761829548595 17833.230000000007 -0.00199261962260823 1.5733706009633883 0.0006337029597307531
3.092 0.5046415779129315 0.0030339827230518226 0.006745399997647536 0.4977928535656392 0.001510022482225876 1.5707296964237412 0.0006373373202471777
3.142 0.5047875522942826 0.0031237622761148493 0.006834211744107641 19008.48000000001 0.00047984582079553105 1.5703267709246884 0.0006023934054050217
3.192 0.504641844216103 0.0030209923536002503 0.00748791500949394 0.4976574581119017 0.0011698346687272392 1.570257072206885 0.0005763487322764105
3.242 0.5047782345753543 0.003144025794562793 0.007171691988652601 20221.23 -0.0016765747857138335 1.5714855857634042 0.0005364893953045957
3.292 0.5049723001589412 0.003276361222047669 0.007097619860036579 0.4975277614835487 0.0008111149660723068 1.5712497857314032 0.0005171879787867484
3.342 0.5048404159598933 0.0031423276691370963 0.0066589840356081524 21471.479999999996 -0.00037014450740971373 1.5695024765320529 0.0004762190106591957
3.392 0.5049074737853827 0.0031457124572276327 0.007523017554579093 0.4975078340724841 0.000693349207751566 1.5707293310179131 0.0004684293362849923
3.442 0.5046786508650474 0.003067256759374038 0.006761327613950251 22759.230000000014 -0.0034305691598437776 1.5702680591169593 0.00041143435063106804
3.492 0.5049652504154786 0.003175227606427463 0.007656486406452321 0.49740965309115615 0.0017792235532667333 1.5716734351927066 0.0004178987972521808
3.542 0.5047261697350097 0.003131563117270343 0.0071670703219063785 24084.480000000014 0.00020751835128158784 1.5722874799022974 0.00038896342536176576
3.592 0.505098311552176 0.003245843007863721 0.007208846832755806 0.4973033993593978 0.00016405724265739288 1.5695927086424002 0.00041115821513093564
3.642 0.5049780850986061 0.0031582272551069143 0.007665907233405168 25447.230000000003 0.0007242112790086298 1.5701217256938542 0.0003690096540247545
3.692 0.5047552092936246 0.0030664483694474707 0.006817596717533734 0.49711878768825185 0.00039138703961289016 1.5713474060049921 0.0003307944542839669
3.742 0.5045146952281767 0.0029409604115833957 0.005677148415543829 26847.480000000007 0.00126142152394605 1.5713611720813647 0.0002939365638272573
3.792 0.5048943174359564 0.0032320984925735875 0.006976412684761398 0.49689052831935016 0.0005029590321805168 1.571085975604085 0.00029652193769191815
3.842 0.5047914198035454 0.00309982860523245 0.007163775326825445 28285.23000000001 0.00020845739460959294 1.571414557620325 0.00028902606108838214
3.892 0.5046922794159088 0.003033926102983689 0.0062189405247669634 0.49697712217185747 0.0011571016295713957 1.5710257818268725 0.0002581098639973245
3.942 0.5048468970784736 0.0031215794127709244 0.006949102484708283 29760.479999999996 -0.0002729673403313554 1.5703056153018724 0.00025809776473062485
3.992 0.5047122385163196 0.003077893163976821 0.006607736456170029 0.49680330234394104 -0.0005411681100274293 1.5707976621693729 0.00022934513773364973
4.042 0.5047784905445972 0.0030315973273643358 0.007105178973065708 31273.230000000018 -0.0008178437391796037 1.570544390854118 0.0002302604371169359
4.092 0.5046636085706309 0.0029369763087509146 0.006329450392881246 0.4967140550846201 0.0012079652327371723 1.5708315162658792 0.00021005150025743546
4.142 0.5043981975511804 0.002856100861212283 0.006358221198582116 32823.480000000025 0.0006296605415030667 1.5707211961490373 0.00018471072309167447
4.192 0.504608292069706 0.002981145787514497 0.006661657891608655 0.49653940506260036 -0.0009848043423307765 1.5708402078150192 0.00018787806865649959
4.242 0.5047531456916102 0.0029997006352223744 0.006074330292978999 34411.23 -0.00014511807481582852 1.5707677767983401 0.0001788662848993816
4.292 0.5044896849828365 0.002923794338212182 0.0061022847554486346 0.49674564360929596 3.078830510246267e-05 1.5707953167795605 0.00016425129165842378
4.342 0.504368765435105 0.002813609952387298 0.005765704194436946 36036.480000000025 0.00024432127002867345 1.5707894676055014 0.0001503579946811051
4.392 0.5044138432038848 0.0027491516271876196 0.006275008309631953 0.4962195312744629 -0.0008005736005505359 1.5707093543103325 0.0001540875732392033
4.442 0.5044337923298988 0.002861868782656387 0.005734702319500663 37699.22999999999 0.0006884047092712019 1.5707682725174146 0.000144133538960034
4.492 0.5045681636542682 0.002964766688019978 0.006251395234128029 0.4962019049290252 -0.0003036506120015688 1.5707728255486708 0.00014902409877759482
4.542 0.5044020454441448 0.0028867245799625604 0.005824643657007261 39399.47999999999 0.0005800869985549366 1.5707166911898098 0.00013141960728990654
4.592 0.504289338209238 0.002795169569593642 0.0061193160290159265 0.49601426079654615 0.00027198041322735214 1.5706172139415264 0.00012797809675935135
4.642 0.5043316662986449 0.0027856721546420794 0.005779618194358131 41137.230000000025 0.0017506697317020894 1.5709416952517785 0.00011620879451645916
4.692 0.5043887895094972 0.0027903918659111745 0.006275023780301057 0.496201519804233 -0.00012555738850406664 1.570758850304298 0.000124747539162251
4.742 0.5044425888823849 0.0029095913721493075 0.006855258951380336 42912.48000000002 -0.0007508972752519455 1.5706675163028985 0.00012752959952722076
4.792 0.5044127803242912 0.002824271828537343 0.006170721687877874 0.4961201645978703 -0.000497120820353775 1.5705992082098736 0.00011717573202585374
4.842 0.5045051064267446 0.002868831605308557 0.00646815849643117 44725.23 -0.00032176805659139563 1.5701535912192823 0.00011808471619034755
4.892 0.5045289017123015 0.0028458088184165164 0.006290719770411525 0.4959394370397536 -0.0004340809894397086 1.5708542452340828 0.00011744534395519146
4.942 0.5043865943541666 0.0028567468844650726 0.0059617386230625 46575.48 -3.810601840063455e-05 1.5705560959652665 0.00010878170501205098
4.992 0.5044823914941919 0.0029046331778639954 0.006389031689032872 0.495644087003212 -0.0004898665031211577 1.5709005904777233 0.00011602706251734318
5.042 0.504168057538324 0.002709389656518508 0.005850295074968517 48463.23000000002 0.0006613911621005203 1.5709828342993049 0.00010803104855283685
5.092 0.5042836959384634 0.002758245528108649 0.006323286749271489 0.4956763202668229 -3.983728242854168e-05 1.570510429080503 0.00010966456072769581
5.142 0.5044339683516516 0.002855608051248297 0.006257084331264595 50388.47999999999 1.732781457786858e-05 1.5710447727861563 0.00011532851141593525
5.192 0.5042409686678618 0.002731440312002642 0.005725425709906248 0.49569298343339563 -0.0003364659103463967 1.571137075647298 0.00011055082374833436
5.242 0.5042160738334465 0.0027253657627546606 0.006146643744580368 52351.22999999999 0.000332057907248436 1.5721690390692589 0.00010972601207237531
5.292 0.5041628833041228 0.002601283701817819 0.005639028710033716 0.4956294175179513 -3.5207447054186344e-05 1.5712033581623337 0.00010415177531741815
5.342 0.5040287099775579 0.0026173578271843547 0.006137635806482153 54351.480000000025 0.00023139687004279736 1.570653627408055 0.0001006125439491079
5.392 0.5042260551900306 0.0026845311135263662 0.005933837257520375 0.4955972115180294 -9.900542618882453e-05 1.5708889753372555 0.00010951836870054521
5.442 0.5041381692544943 0.0026524906781063683 0.00586974727147425 56389.23 -8.35622487650494e-06 1.5704060703156275 0.00010742347381753614
5.492 0.5041166937412371 0.0026288337108572347 0.0062623544934231785 0.49551336600307283 4.276180621117084e-05 1.570275458476179 0.00010905062011357103
5.542 0.5039209043346128 0.0025289429642046035 0.0056235305426507575 58464.479999999996 -0.00014195518319787924 1.5708117833360644 9.950701174898935e-05
5.592 0.5040787291893196 0.0025709855355194808 0.0053714485822532404 0.4954522838289387 -5.243112744754133e-05 1.5702188833207913 0.00010406124703910002
5.642 0.5043523422929761 0.002792066503787627 0.005836085374307813 60577.22999999999 8.591074663450723e-05 1.570025815804657 0.00012153523831637258
5.692 0.5038984633091224 0.00249748185787812 0.005344688278982834 0.49551595177682906 2.66584013309206e-06 1.5712637873532662 0.00010280401454754173
5.742 0.5039319432061663 0.0025233308448001836 0.0049916330399806886 62727.47999999999 2.5515092568213998e-05 1.5705898156052926 0.00010392379584300837
5.792 0.5041585752583784 0.002671243232467439 0.0059884651314739135 0.49535792991534905 1.9233437956397338e-05 1.57007469973382 0.00010985463106039095
5.842 0.5043616091609538 0.0028338159230539527 0.00670033328620212 64915.23 3.3910781075895835e-05 1.570848659958496 0.00012788205881164583
5.892 0.504089468785577 0.0026543160848188927 0.005378316426832474 0.49543659232642745 4.517188534332851e-05 1.5701296837309957 0.00011054041625702116
