0.0092 0.0002090284123759783 0.00015803369937775045 0.00040164090798651945
0.0142 0.00021710154442753605 0.000165512653569568 0.0004188275517100696
0.0192 0.00021735928419827492 0.0001669252904002473 0.00044142883305416916
0.0242 0.00021805731685431103 0.00016531809218240612 0.0004793311975653672
0.0292 0.0002159341038740206 0.00016356061038088994 0.00043185076633411596
0.0342 0.00022248152835127987 0.00017101934000512896 0.00047016385662986216
0.0392 0.00020340459130001334 0.0001545508793768847 0.00045113078194859615
0.0442 0.00020414250270085285 0.00015446738598082777 0.00046088732335311327
0.0492 0.00019957304778060213 0.00015122339498891156 0.0004042172051192219
0.0542 0.00020472992404324243 0.00015836958776970986 0.0005037809208571683
0.0592 0.00019081266844062097 0.0001456991232128322 0.0004095236623117483
0.0642 0.00021431033381868754 0.00016285684985427686 0.0004739679840221178
0.0692 0.00020835910524429034 0.00015821423202840818 0.000422899135179053
0.0742 0.00023051243923281266 0.00017522231131061154 0.0004658174492874354
0.0792 0.00020301827853021022 0.0001532833110549506 0.00047769220243223855
0.0842 0.00020392530413431543 0.00015860047757715394 0.00044267092390942205
0.0892 0.00022532542742474516 0.00017327756135992618 0.0005155007548605032
0.0942 0.00021074120548573934 0.00015962242889685016 0.0004530372237208217
0.0992 0.00020965357274559124 0.00015973633100886518 0.00046810855015797935
0.1042 0.00022864905784651953 0.0001698756344175883 0.0005023013592754086
0.1092 0.00022768159562706246 0.00017270542965732179 0.0004685583627124901
0.1142 0.00021027591238712842 0.000158672288641205 0.000460070015357859
0.1192 0.0002032905064323858 0.0001555143808400655 0.00044541439638978833
0.1242 0.00020917526722654002 0.00015960223484183498 0.00047564366017886
0.1292 0.00020707558047675296 0.0001577751735318894 0.00042703670332411915
0.1342 0.000215418276860446 0.00015906974018477411 0.00040120504574353127
0.1392 0.00021348987706734066 0.00015985367327649792 0.0004554875827450613
0.1442 0.00019465656984919534 0.00014994359860366914 0.00044937769284022995
0.1492 0.0001964166333722812 0.00014827927235426853 0.000439064728048172
0.1542 0.00020039268903868508 0.00015179652644826405 0.0004612348469596282
0.1592 0.00020642469929654932 0.00015541002467360233 0.0004542360122412781
0.1642 0.0001928436654226097 0.00014896296971359245 0.0004037122877357317
0.1692 0.00020814057047179336 0.00015290361121621964 0.0004921860972059918
0.1742 0.0001838820528197377 0.0001389535077443535 0.00039021744219407806
0.1792 0.00021885255341826983 0.00016892310364158644 0.000449297000610739
0.1842 0.00020125342537993397 0.0001565978544851958 0.0005017648934755917
0.1892 0.00019085048122838923 0.00014487598020015906 0.0004234597633978683
0.1942 0.00020250965029587744 0.00015383552385402714 0.0004489680250390509
0.1992 0.0002070702349229077 0.0001552854899570639 0.0004629573766494008
0.2042 0.0002135054381033135 0.00016350695727869834 0.0004963228391584737
0.2092 0.00019186338656275803 0.000147413710531661 0.0004106881396138807
0.2142 0.00021546363370475975 0.00016244077214309222 0.0004601515972303557
0.2192 0.0002120446375356876 0.00015913634876143427 0.000506188073349201
0.2242 0.0002012058127770472 0.00015636574753229802 0.00047705856302512575
0.2292 0.00020260805583574953 0.00015196036596884762 0.0004290493239680902
0.2342 0.0001879965252105029 0.0001427074290924391 0.00039407298986120557
0.2392 0.00020869443501904993 0.00015926321312322017 0.0004859942163441774
0.2442 0.00021980576810911266 0.00016846665375816155 0.0004834242851496524
0.2492 0.00020869626843792152 0.0001621723987497263 0.0005039208310202402
0.2542 0.0002275939506899765 0.0001726796109414157 0.0005448442367791442
0.2592 0.00020720727973201763 0.0001567289023953486 0.00046035989983179277
0.2642 0.00019685691666135826 0.00015280040017083514 0.00041031406128601663
0.2692 0.00020522799039840334 0.0001544371289031693 0.00045930539335422617
0.2742 0.0002006730388459379 0.00015368338141984127 0.00044876946056851086
0.2792 0.0002114323290596653 0.00015891012844981956 0.0004745532880213872
0.2842 0.0002078320862990225 0.0001571912047722518 0.0004510015309025217
0.2892 0.0002007539334845412 0.0001508383424935584 0.0004452389966812737
0.2942 0.00021386475402972754 0.00016437643536399191 0.00046655139404037514
0.2992 0.00020694267933610795 0.00015674873041749896 0.0004880998273504109
0.3042 0.000217822533247879 0.00016446018751710857 0.0004916140530191476
0.3092 0.0001933374494849213 0.00014831189382189569 0.0004289051235279921
0.3142 0.00018492085949276639 0.00014194391219718693 0.0004144020395133363
0.3192 0.00019271423821052864 0.00014732130250689733 0.0003759310805156177
0.3242 0.0001844968032236779 0.00014014599846264697 0.0004357744812888215
0.3292 0.00019725645980865874 0.00015133712764153588 0.0004941587835004569
0.3342 0.00020154585956988456 0.00015176447379385574 0.000449427533485652
0.3392 0.00019125758930041938 0.0001478498237170985 0.0004744340518781383
0.3442 0.00019123044265397172 0.00014846376670756215 0.00040611064220519934
0.3492 0.00019839006872098144 0.0001527311319257458 0.0004353598701173347
0.3542 0.00019032796923555223 0.00014505581077875452 0.0003717544323863996
0.3592 0.00018982938862050386 0.00014600848194288793 0.00045357337073391815
0.3642 0.0001972125385329882 0.00014936849180520578 0.0004300974477979793
0.3692 0.00020305309464775008 0.00015639637366532746 0.00045680950715726136
0.3742 0.00021517761606882352 0.000165875712634843 0.00047873102231146705
0.3792 0.00018216483901170095 0.00014044930892300765 0.0003993005562399879
0.3842 0.00017922993208739532 0.00013756869696539333 0.000359085372009812
0.3892 0.0002165794058237167 0.00016750216034543052 0.0005344644141973485
0.3942 0.00019770122298622974 0.00015070815952083208 0.0004483742347641759
0.3992 0.00020053818512412628 0.0001522973873055519 0.00044531967470926004
0.4042 0.00018824878093435943 0.0001435791292872569 0.00040851471308250956
0.4092 0.00019767245236666683 0.00015074548159270162 0.00048471789646528706
0.4142 0.0001900125581000476 0.00014325647298117262 0.0004039902843685744
0.4192 0.0002127980239158816 0.00015922796588934925 0.0004899636379706309
0.4242 0.00020527479340476805 0.00016050983921436264 0.0004709251943423039
0.4292 0.00019331708831651895 0.00014863447851843134 0.0004908466774934743
0.4342 0.00019316504463719617 0.00014844174789127495 0.0004141240214543172
0.4392 0.00019139657501748074 0.00014556352686779326 0.0004011838218944042
0.4442 0.0001998616401925752 0.0001538308285567541 0.00040404146923568525
0.4492 0.00018906656031038562 0.00014235979502166072 0.0004126468452536153
0.4542 0.00020001691586980354 0.00015143340934785092 0.0004484622260076145
0.4592 0.00020915941258321344 0.0001631043566773919 0.00046131925285175556
0.4642 0.0002006594458137033 0.00015016056119522463 0.00047455076496814185
0.4692 0.00019737683061138225 0.00015200146389148916 0.000396747412155925
0.4742 0.00020389997134197794 0.0001552387224135612 0.00043099114564641033
0.4792 0.0001786906604117938 0.00013761630701404626 0.0003887111264816088
0.4842 0.00019050896429687386 0.00014624602729893158 0.0004342649922898843
0.4892 0.0001834941552158232 0.0001412254183916823 0.00047706749175808273
0.4942 0.0001796122781610935 0.0001392436346146036 0.0003689882152897494
0.4992 0.0001819374524190946 0.00013878310179969927 0.0003665858558083684
0.5042 0.0001832478229646448 0.0001373578793036266 0.00043954546592336386
0.5092 0.0002030912324864858 0.00015668730463314263 0.00045457347395944775
0.5142 0.00018026223950849744 0.0001371015349221347 0.0003653711728769368
0.5192 0.00019687758747367526 0.00014877981871938258 0.0004485585754780642
0.5242 0.00018807677541900675 0.00014208194124796492 0.00039284533752573914
0.5292 0.00019301425778067187 0.00014688761405107803 0.0004574247742181409
0.5342 0.00019466091723165265 0.0001501518426798354 0.0004283258892181238
0.5392 0.00017754090917225445 0.0001353039961108429 0.00037904916363765026
0.5442 0.00016442108967843142 0.00012560880676508454 0.00037052387948937433
0.5492 0.0001788061729161213 0.00013444215023049644 0.00037562116271648647
0.5542 0.00016724228574257254 0.00013071336696850262 0.0003579629041799593
0.5592 0.00020247958651476195 0.00015384545467100975 0.00045060978685997717
0.5642 0.0001917535762090333 0.00014869330597837836 0.00039638666277829604
0.5692 0.00019442884225667282 0.0001467201976873143 0.0004360195982474965
0.5742 0.0001900474697777147 0.00014211307212859755 0.00047592271956826396
0.5792 0.0001751670967969261 0.00013366940633726318 0.00037930854671183625
0.5842 0.00017358397359472401 0.00013204450703407388 0.0004029691211354499
0.5892 0.00019166939186806133 0.00014554712168479881 0.00041395989851250836
