0.02925 1.1806159527179781e-09
0.0585 1.597160980871385e-08
0.08775 9.524878730131739e-08
0.117 2.719222862332829e-07
0.14625 7.08383499121871e-07
0.1755 1.2252063966570702e-06
0.20475 2.165480713999421e-06
0.234 3.3204753311182185e-06
0.26325 5.659604661566157e-06
0.2925 6.515484050990726e-06
0.32175 1.5072805169638334e-05
0.351 1.762566005505176e-05
0.38025 2.9976218208526412e-05
0.4095 2.9854902793265366e-05
0.43875 3.5714213495439024e-05
0.468 5.893535134940841e-05
0.49725 6.079003487486168e-05
0.5265 9.088932202631554e-05
0.55575 9.931224958525433e-05
0.585 0.00013091457280221214
0.61425 0.00011910679955866447
0.6435 0.00012359260107768473
0.67275 0.00014500768546211475
0.702 0.00015247172922319563
0.73125 0.00020494792653612766
0.7605 0.0002706001287670113
0.78975 0.0002397241798347958
0.819 0.0002372333354288719
0.84825 0.0002343879661850049
0.8775 0.0003113243896682249
0.90675 0.00029326176609221366
0.936 0.0002962235608784716
0.96525 0.00030494337017446856
0.9945 0.00037073694800510376
1.02375 0.0003502060623177839
1.053 0.0003334723295063894
1.08225 0.00034973432926255975
1.1115 0.00044066915631419274
1.14075 0.0003710760390985981
1.17 0.00040350810882223455
1.19925 0.0003915309399019698
1.2285 0.0003469917818210053
1.25775 0.0003310499920141437
1.287 0.0002800414157784678
1.31625 0.00033493293035577877
1.3455 0.000306190487059297
1.37475 0.0003834610462590647
1.404 0.00024155547384201506
1.43325 0.00021947355975262677
1.4625 0.0002004690723228791
1.49175 0.00022625287557983916
1.521 0.00022079521521726047
1.55025 0.00015143794643260336
1.5795 0.0002007380655139926
1.60875 0.00013567551852677453
1.638 0.00011708068599596774
1.66725 6.988642984918201e-05
1.6965 6.880899463835346e-05
1.72575 6.430226783858979e-05
1.755 4.3107627998027345e-05
1.78425 3.1486005331201995e-05
1.8135 2.5305489643234926e-05
1.84275 1.5466307095466485e-05
1.872 1.3079333344339656e-05
1.90125 4.9408801049818054e-06
1.9305 3.3024693183377595e-06
1.95975 1.0243123340514828e-06
1.989 2.7112866442531075e-07
2.01825 5.235201235182604e-07
2.0475 1.636882835025018e-06
2.07675 3.7173406458768992e-06
2.106 4.904645832300567e-06
2.13525 8.098237699664713e-06
2.1645 1.2793697140278398e-05
2.19375 1.5552605363012884e-05
2.223 1.5180391808720776e-05
2.25225 2.135995904712879e-05
2.2815 2.3058884732109967e-05
2.31075 3.160834381204913e-05
2.34 3.112287140167921e-05
2.15 1.1137876005013429e-05
2.3 2.4489031194056556e-05
2.45 2.208853551461654e-05
2.6 2.462811811066456e-05
2.75 1.4279869786410735e-05
2.9 1.772883658182404e-06
3.05 7.545557353047126e-07
3.2 6.017328257587368e-06
3.35 1.0810196681945102e-05
3.5 1.4253414754707216e-05
3.65 1.220572811903566e-05
3.8 4.612015573113698e-06
3.95 3.843388987832387e-07
4.1 1.0018424145965522e-06
4.25 4.160800668192218e-06
4.4 6.042361104370896e-06
4.55 8.799264667101076e-06
4.7 5.553700858941536e-06
4.85 1.425425839869714e-06
5.0 1.2131137312532503e-07
5.15 1.344191923282388e-06
5.3 4.048565596736038e-06
5.45 4.8107009375711084e-06
5.6 4.452560344508236e-06
5.75 1.8889763285645605e-06
5.9 6.304103920407293e-07
6.05 2.3214206840839955e-07
6.2 1.4438205821106775e-06
6.35 2.8695817150776842e-06
6.5 2.982757369517602e-06
6.65 3.1338967061958127e-06
6.8 1.2674736269931508e-06
6.95 1.5315921410270577e-07
7.1 4.089007606295684e-07
7.25 1.3465519681071482e-06
7.4 2.607630284765959e-06
7.550000000000001 2.7676923693128346e-06
7.699999999999999 1.9905771958136705e-06
7.85 5.495432632772527e-07
8.0 8.09811745050828e-08

